        0.0113836      257.2524561    12996.8926281     3133.1008817     2894.7671067     2813.3985447      723.8906205        0.9878129        1.2511000     1150.4410424        0.0000000        0.0000000        0.0000000        8.0000000
        0.0112357      238.8508141    12791.9117841     3141.9445440     2839.2902722     2707.8788995      727.5274330        1.0355009        1.2567056     1089.2080578        0.0000000        0.0000000        0.0000000        8.0000000
        0.0110521      217.8621488    12548.1803554     3150.6393175     2772.2484279     2582.5902857      731.8888305        1.0969045        1.2635882     1018.7972329        0.0000000        0.0000000        0.0000000        8.0000000
        0.0107998      191.8600468    12229.3664306     3158.9743426     2684.3381990     2418.9551191      737.8287564        1.1862037        1.2729684      930.5973012        0.0000000        0.0000000        0.0000000        8.0000000
        0.0103471      151.2674287    11686.6058184     3167.1442095     2531.0123663     2140.2957412      748.2260659        1.3660790        1.2900087      790.4726065        0.0000000        0.0000000        0.0000000        8.0000000
        0.0115699      309.1707659    13538.6424910     3056.9706799     3032.3898757     3092.8532100      713.9618025        0.8762104        1.2370329     1321.2288667        0.0000000        0.0000000        0.0000000        8.0000000
        0.0114912      296.5344989    13411.4923311     3064.9519371     2999.8337449     3027.0847271      716.1902195        0.9005349        1.2402412     1279.9668229        0.0000000        0.0000000        0.0000000        8.0000000
        0.0114016      283.1926098    13274.1781124     3072.5012717     2964.1857852     2956.1514688      718.5999199        0.9279613        1.2437690     1236.2184215        0.0000000        0.0000000        0.0000000        8.0000000
        0.0112899      267.8993037    13112.7254338     3079.8657582     2921.0469763     2872.8192910      721.3783255        0.9617786        1.2480031     1185.8520890        0.0000000        0.0000000        0.0000000        8.0000000
        0.0111600      251.3877220    12932.9337824     3086.7722317     2873.6113178     2780.2160724      724.6167004        1.0018402        1.2528317     1131.1272931        0.0000000        0.0000000        0.0000000        8.0000000
        0.0116201      352.7021800    13956.4384696     2978.3213829     3145.2593685     3310.0262618      707.4554928        0.8036606        1.2268673     1461.9583928        0.0000000        0.0000000        0.0000000        8.0000000
        0.0115795      343.9055327    13874.6037558     2985.4070095     3120.3748480     3267.2448916      708.4540947        0.8168591        1.2288144     1433.7633578        0.0000000        0.0000000        0.0000000        8.0000000
        0.0115310      334.1554190    13784.5563745     2991.9632248     3093.5071115     3219.3545420      709.7070340        0.8319296        1.2309813     1403.0944969        0.0000000        0.0000000        0.0000000        8.0000000
        0.0114718      324.0496471    13685.0096007     2998.6316680     3069.8829394     3168.6836430      711.4520465        0.8494658        1.2334071     1369.6273455        0.0000000        0.0000000        0.0000000        8.0000000
        0.0114055      313.3068723    13579.6044366     3004.4298723     3044.2931218     3114.1363983      713.3846614        0.8687339        1.2360110     1334.6798134        0.0000000        0.0000000        0.0000000        8.0000000
        0.0115689      389.2267168    14286.2806440     2896.7401029     3235.4011460     3482.3971354      702.6609774        0.7529157        1.2192261     1578.6728666        0.0000000        0.0000000        0.0000000        8.0000000
        0.0115527      383.5519237    14236.5096505     2902.7780966     3218.7622234     3456.1538248      703.1160351        0.7600002        1.2203584     1560.7341369        0.0000000        0.0000000        0.0000000        8.0000000
        0.0115281      377.0295803    14178.5635373     2908.4435735     3201.2336790     3425.7573420      703.8031641        0.7685321        1.2216858     1539.9971145        0.0000000        0.0000000        0.0000000        8.0000000
        0.0114976      369.8117292    14113.8946084     2914.0500086     3180.9957799     3391.8206582      704.5166885        0.7781768        1.2231790     1517.0340875        0.0000000        0.0000000        0.0000000        8.0000000
        0.0114607      361.9637506    14042.8027612     2919.4056344     3158.9226305     3354.5547196      705.3204389        0.7890158        1.2248349     1492.0115971        0.0000000        0.0000000        0.0000000        8.0000000
        0.0114421      420.9338091    14559.6611123     2811.1772546     3308.7105048     3625.7750403      698.7263031        0.7144752        1.2131329     1679.1906012        0.0000000        0.0000000        0.0000000        8.0000000
        0.0114341      416.6048920    14523.2581022     2816.2693212     3296.5813662     3606.5223743      699.0512682        0.7192388        1.2139322     1665.6001406        0.0000000        0.0000000        0.0000000        8.0000000
        0.0114257      412.4399148    14488.0065930     2821.0330978     3284.7759424     3587.9073644      699.3615436        0.7238951        1.2147096     1652.4978385        0.0000000        0.0000000        0.0000000        8.0000000
        0.0114171      408.4674921    14454.2257899     2825.5130576     3273.8648493     3570.0681556      699.6919466        0.7284320        1.2154579     1639.9971780        0.0000000        0.0000000        0.0000000        8.0000000
        0.0114023      403.6329454    14412.9052821     2829.9300309     3260.0155345     3548.2430932      700.0558092        0.7340045        1.2163776     1624.7766883        0.0000000        0.0000000        0.0000000        8.0000000
        0.0112433      447.5568406    14781.6610319     2720.8556620     3358.1099723     3742.1713687      694.8451450        0.6847975        1.2083365     1763.3305904        0.0000000        0.0000000        0.0000000        8.0000000
        0.0112444      444.8083511    14759.7477530     2724.6586303     3350.9415369     3730.1516380      694.9745449        0.6874218        1.2088040     1754.9144063        0.0000000        0.0000000        0.0000000        8.0000000
        0.0112476      443.0489974    14745.1309275     2728.6446617     3344.8009275     3722.7130417      695.0697823        0.6891890        1.2091166     1749.3133182        0.0000000        0.0000000        0.0000000        8.0000000
        0.0112386      439.2326840    14713.9079064     2732.2534223     3334.2682441     3706.1636748      695.3275256        0.6930363        1.2097863     1737.3841141        0.0000000        0.0000000        0.0000000        8.0000000
        0.0112377      436.7590446    14693.6165159     2735.8114767     3326.9156274     3695.4002857      695.4552125        0.6955193        1.2102229     1729.6543497        0.0000000        0.0000000        0.0000000        8.0000000
        0.0109762      469.6363110    14960.6296870     2624.4424689     3396.2666418     3836.1867905      691.6880408        0.6621574        1.2045645     1832.8243611        0.0000000        0.0000000        0.0000000        8.0000000
        0.0109797      468.0958448    14948.4011490     2627.4193422     3392.0874232     3829.7017383      691.7815655        0.6635645        1.2048196     1828.0238485        0.0000000        0.0000000        0.0000000        8.0000000
        0.0109817      466.5700516    14936.3266187     2630.0284616     3388.1179531     3823.2685569      691.8858677        0.6649688        1.2050719     1823.2911169        0.0000000        0.0000000        0.0000000        8.0000000
        0.0109850      465.1929921    14925.4264400     2632.7358727     3383.9753642     3817.4538476      691.9375046        0.6662039        1.2052999     1819.0228982        0.0000000        0.0000000        0.0000000        8.0000000
        0.0109841      463.6793062    14913.0512384     2635.3002328     3378.8039972     3811.2514129      692.0328546        0.6676423        1.2055592     1814.1852486        0.0000000        0.0000000        0.0000000        8.0000000
        0.0120494      285.7607138    13298.8026721     3241.0782833     2987.9130557     2969.8669774      719.8472573        0.9248390        1.2431315     1244.0433596        0.0000000        0.0000000        0.0000000        8.0000000
        0.0118936      265.9976644    13090.3207289     3250.1205522     2931.4246206     2862.2386857      723.4129802        0.9685432        1.2485982     1178.9924780        0.0000000        0.0000000        0.0000000        8.0000000
        0.0116912      242.4698469    12831.5820072     3259.2146449     2860.3064392     2728.9182092      727.8924341        1.0273159        1.2556080     1100.9373179        0.0000000        0.0000000        0.0000000        8.0000000
        0.0114142      213.3860344    12493.6288978     3268.0872457     2765.9519939     2555.1198655      733.8553939        1.1126964        1.2651622     1003.4118701        0.0000000        0.0000000        0.0000000        8.0000000
        0.0109182      168.1488502    11919.0421837     3276.7671868     2603.4799384     2260.1510945      744.4981271        1.2853982        1.2825377      848.9582702        0.0000000        0.0000000        0.0000000        8.0000000
        0.0122639      344.0242346    13873.4484179     3162.1285310     3140.9996316     3267.7586074      710.3301586        0.8189390        1.2288421     1433.4215147        0.0000000        0.0000000        0.0000000        8.0000000
        0.0121764      329.8382993    13738.5525250     3170.4044286     3105.5789541     3197.6462042      712.5396703        0.8420722        1.2320984     1387.6292839        0.0000000        0.0000000        0.0000000        8.0000000
        0.0120776      314.8944060    13593.0282540     3178.3448774     3067.4104675     3122.1876269      714.9772871        0.8682046        1.2356773     1339.1521020        0.0000000        0.0000000        0.0000000        8.0000000
        0.0119623      298.6631180    13430.9284638     3185.9764583     3024.1726445     3038.2337576      717.6876974        0.8987687        1.2397472     1286.2743446        0.0000000        0.0000000        0.0000000        8.0000000
        0.0118122      279.3024395    13231.5885250     3193.3992952     2970.0156957     2935.1446669      721.0155832        0.9386206        1.2448768     1222.8604924        0.0000000        0.0000000        0.0000000        8.0000000
        0.0123318      393.0288359    14319.3445764     3080.6371330     3246.2375119     3499.8078967      702.3411104        0.7482495        1.2184779     1590.6523081        0.0000000        0.0000000        0.0000000        8.0000000
        0.0122857      383.1531472    14232.0530978     3087.9261315     3225.0592917     3454.2338809      703.8117991        0.7612663        1.2204601     1559.1544021        0.0000000        0.0000000        0.0000000        8.0000000
        0.0122325      372.7433897    14138.8029760     3094.8420115     3201.9760694     3405.5744964      705.3658194        0.7755320        1.2226024     1525.8911578        0.0000000        0.0000000        0.0000000        8.0000000
        0.0121650      360.8580902    14030.6217996     3101.4944973     3174.6018648     3349.2048540      707.1450892        0.7925653        1.2251202     1487.7986089        0.0000000        0.0000000        0.0000000        8.0000000
        0.0120920      348.8119539    13919.0185550     3107.6021168     3147.0489374     3291.1464079      709.0718459        0.8108238        1.2277551     1449.0622022        0.0000000        0.0000000        0.0000000        8.0000000
        0.0122881      434.2413246    14671.1652247     2996.0844556     3335.8768578     3684.2989376      696.9454866        0.6994861        1.2107072     1721.1726754        0.0000000        0.0000000        0.0000000        8.0000000
        0.0122695      427.8410607    14618.1355799     3002.4091403     3318.3836999     3656.2295871      697.4250321        0.7062251        1.2118566     1701.1219379        0.0000000        0.0000000        0.0000000        8.0000000
        0.0122424      420.5188265    14556.6893734     3008.4369897     3300.6038374     3623.8659854      698.1818505        0.7143438        1.2131980     1678.0589370        0.0000000        0.0000000        0.0000000        8.0000000
        0.0122063      412.3655294    14487.1173775     3013.9722165     3285.8778502     3587.5062430      699.4828012        0.7241173        1.2147293     1652.1719642        0.0000000        0.0000000        0.0000000        8.0000000
        0.0121642      403.5572662    14411.3170613     3019.3552265     3267.8894743     3547.8316794      700.7584717        0.7348600        1.2164130     1624.2163890        0.0000000        0.0000000        0.0000000        8.0000000
        0.0121606      470.0739924    14962.2934890     2907.3263702     3413.9979395     3837.9189791      692.9756279        0.6630748        1.2045298     1833.5283948        0.0000000        0.0000000        0.0000000        8.0000000
        0.0121515      465.1930577    14923.6263482     2912.6687117     3401.3527625     3817.3425615      693.3216597        0.6675880        1.2053376     1818.3713648        0.0000000        0.0000000        0.0000000        8.0000000
        0.0121423      460.5209986    14886.4183639     2917.7293120     3388.2813450     3797.5487136      693.5860829        0.6719172        1.2061185     1803.8496470        0.0000000        0.0000000        0.0000000        8.0000000
        0.0121256      455.3806326    14842.7316823     2922.7616484     3376.8936975     3775.3915240      694.0390117        0.6771806        1.2070400     1786.8872662        0.0000000        0.0000000        0.0000000        8.0000000
        0.0121087      449.3759325    14796.7068915     2926.9896313     3359.3442211     3749.9039520      694.4479066        0.6827352        1.2080161     1769.1107204        0.0000000        0.0000000        0.0000000        8.0000000
        0.0119531      500.0469490    15196.9420240     2813.5848395     3474.9477869     3962.1139076      689.7314463        0.6357380        1.1997083     1926.9627028        0.0000000        0.0000000        0.0000000        8.0000000
        0.0119513      496.7903122    15172.0678542     2817.7649892     3465.7767377     3948.8034441      689.8711495        0.6383858        1.2002130     1916.9276111        0.0000000        0.0000000        0.0000000        8.0000000
        0.0119538      494.7782407    15156.2549495     2821.7589779     3460.5875264     3940.7367041      690.0801269        0.6401777        1.2005346     1910.5681529        0.0000000        0.0000000        0.0000000        8.0000000
        0.0119470      490.6798575    15125.0333481     2825.5126242     3450.0661547     3923.7150335      690.2554694        0.6435408        1.2011714     1898.0366727        0.0000000        0.0000000        0.0000000        8.0000000
        0.0119453      487.8839614    15103.5590947     2829.1342803     3441.2371942     3912.1854861      690.3080857        0.6458135        1.2016107     1889.4413735        0.0000000        0.0000000        0.0000000        8.0000000
        0.0116709      524.8563992    15386.6508265     2713.2815612     3510.9344071     4062.2161606      686.2290669        0.6141575        1.1959085     2004.3529367        0.0000000        0.0000000        0.0000000        8.0000000
        0.0116744      523.1343295    15373.8539361     2716.3677868     3506.1370786     4055.3470167      686.2921228        0.6154405        1.1961622     1999.0719675        0.0000000        0.0000000        0.0000000        8.0000000
        0.0116776      521.4890433    15361.6615902     2719.2546713     3500.6020442     4048.7741447      686.2829470        0.6166111        1.1964042     1994.0447183        0.0000000        0.0000000        0.0000000        8.0000000
        0.0116817      519.9913175    15350.6075186     2722.1781983     3495.6913876     4042.7821912      686.2821075        0.6176817        1.1966239     1989.4932165        0.0000000        0.0000000        0.0000000        8.0000000
        0.0116837      517.8806587    15337.4265750     2724.3579190     3487.8935817     4034.7260018      686.3396472        0.6190095        1.1968862     1984.0760325        0.0000000        0.0000000        0.0000000        8.0000000
        0.0126936      315.1615608    13594.4511457     3340.0938153     3078.2275245     3123.4893796      715.9216249        0.8689746        1.2356420     1339.6472970        0.0000000        0.0000000        0.0000000        8.0000000
        0.0125160      292.3101296    13365.1534150     3349.8655548     3015.7668798     3004.7130802      719.6849513        0.9126299        1.2414243     1265.1764020        0.0000000        0.0000000        0.0000000        8.0000000
        0.0122976      267.0055851    13100.0045548     3359.2205741     2942.4750283     2867.8672126      723.9837331        0.9673028        1.2483408     1181.9883565        0.0000000        0.0000000        0.0000000        8.0000000
        0.0120011      234.9096130    12744.9678389     3368.3619128     2842.9580305     2684.7550189      730.1192231        1.0491022        1.2580126     1075.4812323        0.0000000        0.0000000        0.0000000        8.0000000
        0.0114620      184.9858540    12140.2020281     3377.3174082     2671.6086716     2374.0049353      740.9484184        1.2151967        1.2756722      906.7394736        0.0000000        0.0000000        0.0000000        8.0000000
        0.0129277      378.8429494    14191.1958800     3258.6544408     3237.7406714     3434.0973301      706.4200849        0.7693233        1.2213956     1544.5919554        0.0000000        0.0000000        0.0000000        8.0000000
        0.0128411      364.2511665    14059.3690907     3267.1756908     3203.5757815     3365.3209523      708.5432948        0.7898255        1.2244477     1497.9258115        0.0000000        0.0000000        0.0000000        8.0000000
        0.0127326      347.6063853    13905.6458264     3275.3672434     3162.4935114     3285.2158816      710.9617786        0.8147287        1.2280734     1444.5069092        0.0000000        0.0000000        0.0000000        8.0000000
        0.0125974      328.5451821    13724.8318801     3283.3036836     3113.6241776     3191.1611795      713.8253292        0.8455847        1.2324328     1383.0470757        0.0000000        0.0000000        0.0000000        8.0000000
        0.0124419      308.0287125    13523.8542710     3290.9515663     3059.3846689     3086.9191771      717.1034307        0.8820990        1.2374032     1316.4683150        0.0000000        0.0000000        0.0000000        8.0000000
        0.0130128      433.4010855    14661.9774105     3174.7923288     3355.5711742     3680.5561082      698.8253485        0.7022502        1.2109058     1717.7534804        0.0000000        0.0000000        0.0000000        8.0000000
        0.0129613      422.4096673    14569.7978530     3182.2160603     3332.7477994     3632.1800295      700.2912137        0.7146565        1.2129110     1683.0435299        0.0000000        0.0000000        0.0000000        8.0000000
        0.0129015      410.8050695    14470.9509381     3189.1891266     3309.4515711     3580.4382901      701.9811667        0.7284369        1.2150870     1646.2630594        0.0000000        0.0000000        0.0000000        8.0000000
        0.0128273      397.5971236    14356.8963631     3196.0374148     3280.0572022     3520.6773195      703.7561645        0.7446705        1.2176319     1604.3772431        0.0000000        0.0000000        0.0000000        8.0000000
        0.0127486      384.2474380    14239.4987170     3202.6057233     3249.9178538     3459.2888697      705.6235260        0.7619929        1.2202902     1561.8892123        0.0000000        0.0000000        0.0000000        8.0000000
        0.0129770      479.3592677    15035.5354228     3087.3930109     3434.9297190     3876.7092467      692.0954116        0.6544660        1.2030101     1862.4211605        0.0000000        0.0000000        0.0000000        8.0000000
        0.0129549      472.2298534    14978.9630957     3093.7652160     3422.4785821     3846.9051772      693.0557192        0.6613387        1.2041827     1840.0931113        0.0000000        0.0000000        0.0000000        8.0000000
        0.0129242      464.0908377    14913.7793816     3099.9327716     3407.9519972     3812.6124753      694.1591244        0.6693883        1.2055439     1814.5512015        0.0000000        0.0000000        0.0000000        8.0000000
        0.0128854      455.0548673    14840.8035186     3105.8267474     3390.7916186     3774.1971546      695.3387312        0.6785255        1.2070808     1786.1885791        0.0000000        0.0000000        0.0000000        8.0000000
        0.0128467      446.5216947    14771.1367453     3111.1069215     3375.2211673     3737.5789782      696.5402494        0.6874891        1.2085609     1759.3458280        0.0000000        0.0000000        0.0000000        8.0000000
        0.0128486      519.3043867    15343.4453110     2995.4906911     3513.5308483     4039.9129136      687.7933126        0.6195943        1.1967664     1986.6115522        0.0000000        0.0000000        0.0000000        8.0000000
        0.0128387      513.8942937    15302.8667080     3001.1336069     3499.6800965     4018.1809914      688.0977228        0.6238149        1.1975761     1969.9791384        0.0000000        0.0000000        0.0000000        8.0000000
        0.0128283      508.6896944    15263.5555022     3006.4224646     3486.2170834     3997.1699465      688.3895667        0.6279444        1.1983643     1953.9401342        0.0000000        0.0000000        0.0000000        8.0000000
        0.0128104      502.3597364    15215.4933490     3011.4395504     3470.9417727     3971.4448989      688.8521411        0.6331387        1.1993329     1934.4340209        0.0000000        0.0000000        0.0000000        8.0000000
        0.0127890      496.2412620    15167.9865149     3016.0784644     3461.6224443     3946.4888921      689.6988800        0.6386607        1.2002959     1915.2759002        0.0000000        0.0000000        0.0000000        8.0000000
        0.0126337      552.7358286    15591.2663924     2898.5801949     3579.0246877     4171.8870923      684.6098215        0.5937377        1.1919049     2089.8189622        0.0000000        0.0000000        0.0000000        8.0000000
        0.0126358      549.6594619    15571.2931571     2902.6323389     3568.9176500     4160.4864530      684.8063157        0.5957137        1.1922915     2081.3906810        0.0000000        0.0000000        0.0000000        8.0000000
        0.0126336      546.8761675    15548.3529852     2907.2817786     3562.7976467     4149.2776573      684.8733073        0.5978718        1.1927366     2071.7266793        0.0000000        0.0000000        0.0000000        8.0000000
        0.0126281      542.4158334    15516.4098677     2911.2733914     3551.2911272     4131.5885006      685.0023817        0.6009261        1.1933584     2058.3132311        0.0000000        0.0000000        0.0000000        8.0000000
        0.0126261      539.3116854    15493.7248883     2915.0707466     3542.3624315     4119.3950821      685.0839617        0.6031025        1.1938014     2048.8163884        0.0000000        0.0000000        0.0000000        8.0000000
        0.0123377      580.2925901    15789.8617701     2795.0606491     3625.8964943     4277.7959523      681.7461845        0.5739431        1.1881098     2174.6097122        0.0000000        0.0000000        0.0000000        8.0000000
        0.0123421      578.4333733    15776.8307965     2798.3698957     3620.4400763     4270.7322463      681.7699411        0.5750873        1.1883561     2168.9810153        0.0000000        0.0000000        0.0000000        8.0000000
        0.0123456      576.6251571    15764.1342899     2801.4126678     3615.1415479     4263.8520179      681.7941042        0.5762065        1.1885965     2163.5046394        0.0000000        0.0000000        0.0000000        8.0000000
        0.0123490      574.9223617    15752.2244181     2804.3049304     3609.8640599     4257.3635870      681.7956600        0.5772435        1.1888223     2158.3735704        0.0000000        0.0000000        0.0000000        8.0000000
        0.0123531      573.3806786    15741.4070383     2807.1678811     3604.4583669     4251.4812526      681.7550936        0.5781562        1.1890277     2153.7170836        0.0000000        0.0000000        0.0000000        8.0000000
        0.0133047      343.5806355    13866.7751389     3432.1399819     3161.5229910     3265.5005566      712.4194489        0.8220726        1.2290018     1431.1936524        0.0000000        0.0000000        0.0000000        8.0000000
        0.0131220      319.5334307    13636.4523860     3442.1889502     3097.6089302     3145.7127599      715.9773712        0.8621071        1.2346021     1353.5642366        0.0000000        0.0000000        0.0000000        8.0000000
        0.0128832      290.9528917    13350.4288072     3451.9406041     3018.5817193     2997.5058712      720.5889607        0.9162822        1.2418018     1260.4910331        0.0000000        0.0000000        0.0000000        8.0000000
        0.0125579      255.7780819    12977.8954650     3461.3711844     2913.7441568     2805.0478933      726.6917467        0.9950297        1.2516127     1144.7433922        0.0000000        0.0000000        0.0000000        8.0000000
        0.0119836      201.7938301    12351.4123719     3470.6192401     2736.3702742     2482.7498205      737.6126061        1.1535427        1.2693253      963.8803195        0.0000000        0.0000000        0.0000000        8.0000000
        0.0135770      414.9929203    14505.3092606     3348.1993453     3331.9968562     3599.1229622      702.5599491        0.7246687        1.2143276     1659.0361933        0.0000000        0.0000000        0.0000000        8.0000000
        0.0134728      397.6187659    14355.7839624     3357.1075228     3291.7680190     3520.7075676      704.7657889        0.7457608        1.2176569     1604.0040970        0.0000000        0.0000000        0.0000000        8.0000000
        0.0133550      379.3225985    14194.4470704     3365.6007014     3248.7587564     3436.3133328      707.2299335        0.7696569        1.2213210     1545.7798850        0.0000000        0.0000000        0.0000000        8.0000000
        0.0132180      359.4907595    14014.8371276     3373.7413791     3200.8025872     3342.5748599      710.0325052        0.7977017        1.2254905     1482.3638181        0.0000000        0.0000000        0.0000000        8.0000000
        0.0130402      335.8815074    13794.2366540     3381.6056855     3140.1032609     3227.6488327      713.4119463        0.8342411        1.2307471     1406.4824461        0.0000000        0.0000000        0.0000000        8.0000000
        0.0136658      473.7588363    14988.2109476     3261.5311134     3454.8309487     3853.2449083      695.1888964        0.6621509        1.2039905     1843.8212734        0.0000000        0.0000000        0.0000000        8.0000000
        0.0136101      461.6754533    14891.6817054     3269.2759681     3430.4401006     3802.3087444      696.6351665        0.6739599        1.2060078     1806.0163997        0.0000000        0.0000000        0.0000000        8.0000000
        0.0135461      448.9306313    14788.3478052     3276.6511718     3404.3236453     3747.8790562      698.2047448        0.6869740        1.2081940     1766.0282271        0.0000000        0.0000000        0.0000000        8.0000000
        0.0134754      435.7261546    14679.6941469     3283.6875360     3376.3866970     3690.6903002      699.8424914        0.7010581        1.2105231     1724.5159400        0.0000000        0.0000000        0.0000000        8.0000000
        0.0133894      420.9742426    14556.1577108     3290.4030113     3344.8201408     3625.7964372      701.7508887        0.7176473        1.2132096     1677.9835554        0.0000000        0.0000000        0.0000000        8.0000000
        0.0136371      524.4838236    15380.2401504     3171.7149877     3546.1818969     4060.5446695      688.9564177        0.6169577        1.1960355     2001.8215429        0.0000000        0.0000000        0.0000000        8.0000000
        0.0136128      516.6297780    15320.9673016     3178.3236085     3532.6751443     4029.1123447      689.8977437        0.6234895        1.1972144     1977.4699306        0.0000000        0.0000000        0.0000000        8.0000000
        0.0135794      507.6776969    15252.7781466     3184.6967511     3516.5004360     3993.0017024      690.9446687        0.6311027        1.1985810     1949.6579843        0.0000000        0.0000000        0.0000000        8.0000000
        0.0135368      497.7121888    15176.1608258     3190.7257518     3498.3910028     3952.4380648      692.1381667        0.6398378        1.2001298     1918.6696501        0.0000000        0.0000000        0.0000000        8.0000000
        0.0134959      488.3582247    15103.3815490     3196.4070161     3481.2565265     3914.0043041      693.2894024        0.6483183        1.2016144     1889.4891511        0.0000000        0.0000000        0.0000000        8.0000000
        0.0135137      568.8059113    15707.4853981     3077.5357900     3607.0756140     4233.8519754      682.9670105        0.5820572        1.1896733     2139.2134114        0.0000000        0.0000000        0.0000000        8.0000000
        0.0135011      562.7747623    15664.1991609     3083.1739201     3594.2877303     4210.6709543      683.4145051        0.5862407        1.1905010     2120.7339144        0.0000000        0.0000000        0.0000000        8.0000000
        0.0134874      556.9823911    15621.9420735     3088.3723320     3587.7158591     4188.2946469      684.2629162        0.5906878        1.1913129     2102.7982478        0.0000000        0.0000000        0.0000000        8.0000000
        0.0134748      551.5197266    15582.0139397     3093.3911294     3579.6707978     4167.0887278      684.9423957        0.5948396        1.1920839     2085.9231011        0.0000000        0.0000000        0.0000000        8.0000000
        0.0134526      544.8060040    15532.6147369     3098.1171138     3569.3753270     4140.8859505      685.7650725        0.6000220        1.1930427     2065.1485867        0.0000000        0.0000000        0.0000000        8.0000000
        0.0132913      605.7217256    15967.6872175     2977.5558824     3677.0764382     4373.2691958      679.8582081        0.5575432        1.1847847     2252.1562587        0.0000000        0.0000000        0.0000000        8.0000000
        0.0132932      603.0853368    15949.0502683     2982.2009384     3669.3866683     4363.7059137      679.9692899        0.5591639        1.1851300     2243.9539834        0.0000000        0.0000000        0.0000000        8.0000000
        0.0132944      599.5234894    15925.0344155     2986.4426935     3659.7341752     4350.2045245      679.9602232        0.5611507        1.1855761     2233.4015165        0.0000000        0.0000000        0.0000000        8.0000000
        0.0132839      594.3295913    15889.1392466     2990.6144385     3646.8899787     4330.7142120      680.1806818        0.5643165        1.1862451     2217.6921992        0.0000000        0.0000000        0.0000000        8.0000000
        0.0132813      590.9044108    15865.3700799     2994.5173127     3637.1509960     4317.8429867      680.2369423        0.5663614        1.1866896     2207.3193397        0.0000000        0.0000000        0.0000000        8.0000000
        0.0129807      636.0138232    16175.2527801     2870.6583367     3726.9343649     4484.6318605      677.0572388        0.5388670        1.1809882     2344.5529242        0.0000000        0.0000000        0.0000000        8.0000000
        0.0129855      633.9913545    16161.7057709     2874.1294499     3721.7563326     4477.2820681      677.1133029        0.5399662        1.1812332     2338.4531553        0.0000000        0.0000000        0.0000000        8.0000000
        0.0129890      632.0086597    16148.4841406     2877.2591753     3715.8507790     4470.0660979      677.1127563        0.5410027        1.1814728     2332.5055767        0.0000000        0.0000000        0.0000000        8.0000000
        0.0129933      630.1960148    16136.4245061     2880.3607488     3709.7918066     4463.4596084      677.0683994        0.5419195        1.1816916     2327.0858086        0.0000000        0.0000000        0.0000000        8.0000000
        0.0129967      628.4561114    16124.8739317     2883.1733758     3703.9110524     4457.1098915      677.0205439        0.5427962        1.1819014     2321.9011210        0.0000000        0.0000000        0.0000000        8.0000000
        0.0139049      373.1678622    14138.3072271     3518.0773406     3242.2505497     3407.4176919      708.8228482        0.7789566        1.2226138     1525.8220028        0.0000000        0.0000000        0.0000000        8.0000000
        0.0136976      345.7712702    13886.7176578     3528.4152936     3172.9214127     3276.1901424      712.6368135        0.8192707        1.2285249     1438.0432311        0.0000000        0.0000000        0.0000000        8.0000000
        0.0134508      315.6573819    13597.9474179     3538.4253806     3091.7463377     3125.9886053      717.0303923        0.8695744        1.2355552     1340.8320480        0.0000000        0.0000000        0.0000000        8.0000000
        0.0131015      277.3058560    13208.3773960     3548.1871724     2982.5789463     2924.2499289      723.2702870        0.9455650        1.2454832     1215.6362059        0.0000000        0.0000000        0.0000000        8.0000000
        0.0124861      218.6043346    12554.2932532     3557.6938449     2797.0618096     2587.1985399      734.3212201        1.0985873        1.2634126     1020.5814791        0.0000000        0.0000000        0.0000000        8.0000000
        0.0141926      449.8771243    14794.7587377     3431.5403856     3418.7122610     3751.8771520      699.0986301        0.6870214        1.2080576     1768.5308422        0.0000000        0.0000000        0.0000000        8.0000000
        0.0140817      430.9512899    14638.8964647     3440.9724521     3376.0610037     3669.7337567      701.2711117        0.7071868        1.2114057     1709.0986046        0.0000000        0.0000000        0.0000000        8.0000000
        0.0139546      410.9936401    14470.2830832     3449.6615383     3331.2130869     3581.1944737      703.7757113        0.7301705        1.2151018     1646.0760442        0.0000000        0.0000000        0.0000000        8.0000000
        0.0138071      389.3750544    14282.7700525     3458.0161184     3280.2783015     3482.9010947      706.5409552        0.7570599        1.2193057     1577.5276109        0.0000000        0.0000000        0.0000000        8.0000000
        0.0136258      364.7523802    14062.3588556     3466.0853811     3219.5945849     3367.6676430      709.8114074        0.7906450        1.2243779     1499.0150961        0.0000000        0.0000000        0.0000000        8.0000000
        0.0142974      514.2006397    15300.6318919     3342.5834253     3547.6742230     4019.2719237      691.6448023        0.6269066        1.1976208     1969.2124736        0.0000000        0.0000000        0.0000000        8.0000000
        0.0142370      500.9930201    15199.6701078     3350.5885650     3522.2093776     3965.7629705      693.1116781        0.6382389        1.1996531     1928.2030127        0.0000000        0.0000000        0.0000000        8.0000000
        0.0141677      487.0609949    15091.6688268     3358.1266678     3494.7315170     3908.5727923      694.6857673        0.6507097        1.2018545     1884.8638108        0.0000000        0.0000000        0.0000000        8.0000000
        0.0140911      472.6354615    14978.0510831     3365.3138742     3465.3322076     3848.5148374      696.3297424        0.6642186        1.2042017     1839.8595740        0.0000000        0.0000000        0.0000000        8.0000000
        0.0139991      456.5477333    14849.2228156     3372.3531594     3430.9238338     3780.4783414      698.1418945        0.6800085        1.2069028     1789.5574230        0.0000000        0.0000000        0.0000000        8.0000000
        0.0142803      571.1708716    15720.7027668     3250.2768591     3646.7403731     4243.1119733      685.3128323        0.5826803        1.1894214     2144.9883000        0.0000000        0.0000000        0.0000000        8.0000000
        0.0142496      561.2038759    15649.3437310     3257.1772779     3630.4504689     4204.5413511      686.3711196        0.5898445        1.1907860     2114.5395460        0.0000000        0.0000000        0.0000000        8.0000000
        0.0142125      551.3770525    15577.7548283     3263.6253884     3613.8594667     4166.4601281      687.4606406        0.5971866        1.1921663     2084.2363737        0.0000000        0.0000000        0.0000000        8.0000000
        0.0141661      540.4720610    15497.6557371     3269.7889169     3594.2607896     4123.8134587      688.6200678        0.6055174        1.1937246     2050.6156281        0.0000000        0.0000000        0.0000000        8.0000000
        0.0141225      530.2772026    15421.9464851     3275.7312735     3575.5661051     4083.5654298      689.7156740        0.6135527        1.1952110     2019.1160551        0.0000000        0.0000000        0.0000000        8.0000000
        0.0141525      618.2818346    16052.8888272     3153.6761796     3713.7643334     4419.6690131      679.7629979        0.5505281        1.1832155     2289.8866796        0.0000000        0.0000000        0.0000000        8.0000000
        0.0141383      611.6993752    16007.3646069     3159.4598673     3705.3405188     4395.3719250      680.5525875        0.5547989        1.1840521     2269.7199492        0.0000000        0.0000000        0.0000000        8.0000000
        0.0141237      605.3877903    15963.5566257     3164.8557482     3696.4112086     4371.9557709      681.2632359        0.5589184        1.1848612     2250.4043795        0.0000000        0.0000000        0.0000000        8.0000000
        0.0141093      599.4078914    15921.6973653     3169.9548689     3688.2570606     4349.6611691      681.9719550        0.5629190        1.1856382     2232.0349097        0.0000000        0.0000000        0.0000000        8.0000000
        0.0140862      592.1124141    15870.4598710     3174.9808139     3677.7471717     4322.3147917      682.8103117        0.5678517        1.1865943     2209.6620384        0.0000000        0.0000000        0.0000000        8.0000000
        0.0139268      658.9060573    16327.8438252     3051.1036016     3769.2243148     4566.9811655      675.4032926        0.5260146        1.1782534     2413.8159044        0.0000000        0.0000000        0.0000000        8.0000000
        0.0139336      656.3700428    16311.2714098     3055.7065074     3762.4113400     4557.9204984      675.4407666        0.5272877        1.1785481     2406.2317499        0.0000000        0.0000000        0.0000000        8.0000000
        0.0139301      652.1675821    16283.6406519     3060.1273332     3751.5610427     4542.8677235      675.5350555        0.5294440        1.1790408     2393.6180571        0.0000000        0.0000000        0.0000000        8.0000000
        0.0139188      646.4950123    16246.1227424     3064.7026445     3737.3904721     4522.4737798      675.6981889        0.5324198        1.1797122     2376.5515890        0.0000000        0.0000000        0.0000000        8.0000000
        0.0139136      642.6471332    16220.3505250     3068.4241380     3731.0648723     4508.5918015      676.0286006        0.5346349        1.1801750     2364.8787927        0.0000000        0.0000000        0.0000000        8.0000000
        0.0136037      692.0487544    16544.4818000     2941.2959491     3823.5664805     4683.9428393      672.7482381        0.5083493        1.1744499     2514.0591802        0.0000000        0.0000000        0.0000000        8.0000000
        0.0136082      689.8315448    16530.3735841     2944.7916963     3816.8704093     4676.2085702      672.7240453        0.5093377        1.1746948     2507.4511082        0.0000000        0.0000000        0.0000000        8.0000000
        0.0136121      687.6901760    16516.7305355     2948.0704614     3811.3561353     4668.7276844      672.7597400        0.5103370        1.1749320     2501.0733970        0.0000000        0.0000000        0.0000000        8.0000000
        0.0136156      685.6605672    16503.8826584     2951.1186302     3804.8503199     4661.6270948      672.7118718        0.5112252        1.1751558     2495.0711346        0.0000000        0.0000000        0.0000000        8.0000000
        0.0136203      683.8432120    16492.3031133     2954.2006142     3799.2118342     4655.2606434      672.6823669        0.5120373        1.1753577     2489.6690388        0.0000000        0.0000000        0.0000000        8.0000000
        0.0144737      401.5153663    14387.0914553     3598.6730987     3324.1533319     3538.3509191      706.2741867        0.7431033        1.2169546     1615.5059685        0.0000000        0.0000000        0.0000000        8.0000000
        0.0142634      373.0847618    14136.2354063     3609.3132230     3254.5165341     3407.0101834      709.9510815        0.7803403        1.2226617     1525.1209039        0.0000000        0.0000000        0.0000000        8.0000000
        0.0139893      339.3763198    13825.2530639     3619.5802630     3167.6332274     3244.8296779      714.6320159        0.8306861        1.2299988     1417.0657150        0.0000000        0.0000000        0.0000000        8.0000000
        0.0136257      298.8405230    13429.0722310     3629.5112013     3056.0735480     3039.0778541      720.8038480        0.9025108        1.2397943     1285.7537547        0.0000000        0.0000000        0.0000000        8.0000000
        0.0129706      235.4001271    12748.5804550     3639.4233878     2862.2663252     2687.7322772      732.0038906        1.0506418        1.2579117     1076.5774101        0.0000000        0.0000000        0.0000000        8.0000000
        0.0147902      484.8125791    15072.9460809     3510.0247549     3500.7889236     3899.1982138      695.7700051        0.6535877        1.2022391     1877.4378649        0.0000000        0.0000000        0.0000000        8.0000000
        0.0146804      465.7309640    14922.0547518     3519.1988637     3460.2120285     3819.3837995      697.8645415        0.6716527        1.2053705     1817.9282909        0.0000000        0.0000000        0.0000000        8.0000000
        0.0145439      444.0083042    14746.1078010     3528.0955707     3412.6996952     3726.5670489      700.3433872        0.6937198        1.2090957     1749.8789406        0.0000000        0.0000000        0.0000000        8.0000000
        0.0143795      420.2917982    14548.3637139     3536.8683259     3358.2608784     3622.8238425      703.1108742        0.7198387        1.2133805     1675.1138444        0.0000000        0.0000000        0.0000000        8.0000000
        0.0141825      392.5754271    14310.2634468     3545.1979682     3293.6755685     3497.6008961      706.6250944        0.7534863        1.2186831     1587.4928697        0.0000000        0.0000000        0.0000000        8.0000000
        0.0149218      556.5125292    15613.6355320     3418.6326933     3639.3577344     4186.3286777      688.1073352        0.5944118        1.1914730     2099.4472946        0.0000000        0.0000000        0.0000000        8.0000000
        0.0148559      542.0755127    15507.9084977     3426.7459431     3613.1484612     4130.0363265      689.6253672        0.6053468        1.1935243     2054.9522907        0.0000000        0.0000000        0.0000000        8.0000000
        0.0147819      526.9133810    15395.3549389     3434.5918688     3583.6778590     4070.1285149      691.1534152        0.6172530        1.1957362     2008.1610324        0.0000000        0.0000000        0.0000000        8.0000000
        0.0146879      509.5851641    15264.4895975     3442.0094780     3549.4771168     4000.6291788      692.9627948        0.6315731        1.1983455     1954.5093076        0.0000000        0.0000000        0.0000000        8.0000000
        0.0145883      492.1018566    15130.0779987     3449.0365383     3513.6754385     3929.3368276      694.8036112        0.6467951        1.2010683     1900.2409902        0.0000000        0.0000000        0.0000000        8.0000000
        0.0149068      617.0976070    16042.1218273     3323.9882584     3741.4794421     4415.2333830      681.9013682        0.5529549        1.1834129     2285.2046478        0.0000000        0.0000000        0.0000000        8.0000000
        0.0148652      605.8212021    15964.1612548     3330.8982828     3723.3472073     4373.4929452      683.0331626        0.5601710        1.1848500     2250.7567460        0.0000000        0.0000000        0.0000000        8.0000000
        0.0148264      595.1930074    15889.9892269     3337.7061607     3705.5330950     4333.8060019      684.0837266        0.5671485        1.1862292     2218.2507553        0.0000000        0.0000000        0.0000000        8.0000000
        0.0147877      585.1255793    15819.0454613     3343.9170891     3688.6563782     4295.8955490      685.1095431        0.5739606        1.1875594     2187.4057544        0.0000000        0.0000000        0.0000000        8.0000000
        0.0147291      572.2597489    15727.5654529     3350.0340674     3665.0724882     4246.9831646      686.3225501        0.5828436        1.1892908     2147.9802600        0.0000000        0.0000000        0.0000000        8.0000000
        0.0147719      667.9739084    16385.2635149     3224.9226020     3811.6053303     4599.1695836      676.4525604        0.5224618        1.1772363     2440.2592212        0.0000000        0.0000000        0.0000000        8.0000000
        0.0147685      662.8209526    16351.1126122     3230.8979358     3805.9508634     4580.8625973      677.0661273        0.5254336        1.1778404     2424.5783387        0.0000000        0.0000000        0.0000000        8.0000000
        0.0147403      653.9665998    16292.2658323     3236.3849125     3793.4326732     4549.2427744      677.9547517        0.5304937        1.1788868     2397.6804284        0.0000000        0.0000000        0.0000000        8.0000000
        0.0147258      647.5295465    16249.1255942     3241.7832380     3785.2256611     4526.1257229      678.6731415        0.5342967        1.1796583     2378.0707927        0.0000000        0.0000000        0.0000000        8.0000000
        0.0146993      639.5369389    16195.3619615     3246.6870614     3772.9468232     4497.2664592      679.4430103        0.5390031        1.1806251     2353.7506416        0.0000000        0.0000000        0.0000000        8.0000000
        0.0145481      713.0123332    16680.7474383     3119.5590208     3855.8764772     4757.1784995      671.3635813        0.4978846        1.1721038     2578.2894732        0.0000000        0.0000000        0.0000000        8.0000000
        0.0145508      709.5597370    16655.8086204     3125.0537864     3859.1334758     4744.5391172      671.8755406        0.4999484        1.1725305     2566.4818500        0.0000000        0.0000000        0.0000000        8.0000000
        0.0145467      704.9878775    16626.8151425     3129.6178966     3850.2645472     4728.7703429      672.1263594        0.5021311        1.1730282     2552.7726088        0.0000000        0.0000000        0.0000000        8.0000000
        0.0145397      699.6738807    16595.5541847     3133.3933174     3843.0209739     4710.8407433      672.6829423        0.5046947        1.1735665     2538.0529960        0.0000000        0.0000000        0.0000000        8.0000000
        0.0145258      694.5485620    16559.4779975     3137.8339904     3839.5799522     4692.5779617      673.3210958        0.5076740        1.1741900     2521.1243832        0.0000000        0.0000000        0.0000000        8.0000000
        0.0142081      748.3422870    16899.2298979     3007.4945897     3914.6117297     4876.4357946      668.6692702        0.4814753        1.1684143     2683.1244618        0.0000000        0.0000000        0.0000000        8.0000000
        0.0142128      745.9444918    16884.6793148     3011.0739427     3907.3059539     4868.3828407      668.6220634        0.4823949        1.1686573     2676.0569557        0.0000000        0.0000000        0.0000000        8.0000000
        0.0142167      743.6284799    16870.5505602     3014.4299853     3901.2684706     4860.5929213      668.6383867        0.4833313        1.1688936     2669.2079908        0.0000000        0.0000000        0.0000000        8.0000000
        0.0142215      741.5162928    16857.6896528     3017.7527227     3895.0572905     4853.4785269      668.6105982        0.4841584        1.1691090     2662.9795421        0.0000000        0.0000000        0.0000000        8.0000000
        0.0142250      739.4722961    16845.3307090     3020.6996989     3887.9602463     4846.5848320      668.5165654        0.4849114        1.1693163     2656.9977845        0.0000000        0.0000000        0.0000000        8.0000000
        0.0150378      431.2926407    14639.4295647     3674.4775845     3398.4177886     3671.1456052      703.0284486        0.7086946        1.2113942     1709.3614667        0.0000000        0.0000000        0.0000000        8.0000000
        0.0148028      399.2929418    14367.3952096     3685.5539630     3323.2025002     3528.2342301      706.9319106        0.7462733        1.2173961     1608.3167506        0.0000000        0.0000000        0.0000000        8.0000000
        0.0145220      364.1802124    14055.1412597     3695.9494229     3235.8844885     3364.8727748      711.5015770        0.7933392        1.2245464     1496.5290037        0.0000000        0.0000000        0.0000000        8.0000000
        0.0141270      319.6260552    13635.1342340     3706.1765596     3117.4190951     3146.1621335      717.8589627        0.8643115        1.2346346     1353.1765476        0.0000000        0.0000000        0.0000000        8.0000000
        0.0134407      252.2610278    12937.5142856     3716.2582325     2918.6232971     2785.2132413      729.0484947        1.0062102        1.2527071     1132.6032204        0.0000000        0.0000000        0.0000000        8.0000000
        0.0153799      521.3510016    15351.7562895     3583.7022629     3592.0053943     4047.8693951      693.1729491        0.6231057        1.1966010     1990.2559427        0.0000000        0.0000000        0.0000000        8.0000000
        0.0152510      499.0756724    15182.2416937     3593.3264068     3545.9184069     3957.8467133      695.4374078        0.6419318        1.2000064     1921.2550494        0.0000000        0.0000000        0.0000000        8.0000000
        0.0151059      475.6669932    14999.5235595     3602.4987404     3496.7730744     3861.1187351      697.9725093        0.6632858        1.2037556     1848.3932211        0.0000000        0.0000000        0.0000000        8.0000000
        0.0149383      450.3667871    14796.6875094     3611.3823396     3440.5453267     3753.9420537      700.7276410        0.6882222        1.2080166     1769.3334400        0.0000000        0.0000000        0.0000000        8.0000000
        0.0147318      421.5779748    14558.2066332     3619.7840885     3374.8473548     3628.3714042      704.0902002        0.7195155        1.2131647     1678.8306441        0.0000000        0.0000000        0.0000000        8.0000000
        0.0155160      597.1819854    15902.4927437     3490.1985411     3724.2859875     4341.1841138      684.9603043        0.5667449        1.1859959     2223.7621596        0.0000000        0.0000000        0.0000000        8.0000000
        0.0154452      581.5852194    15792.5909849     3498.4611177     3697.1472824     4282.4125218      686.4986670        0.5772905        1.1880582     2176.0117614        0.0000000        0.0000000        0.0000000        8.0000000
        0.0153660      565.2146344    15675.6774295     3506.4646715     3665.9223885     4219.8971716      687.9979102        0.5887309        1.1902811     2125.8390767        0.0000000        0.0000000        0.0000000        8.0000000
        0.0152779      548.2457945    15552.3530172     3514.0101967     3634.3324517     4154.1637835      689.6971653        0.6012669        1.1926589     2073.6232955        0.0000000        0.0000000        0.0000000        8.0000000
        0.0151737      529.3792012    15413.1266322     3521.5651697     3595.1646585     4079.9096137      691.3986135        0.6157366        1.1953850     2015.5299834        0.0000000        0.0000000        0.0000000        8.0000000
        0.0155079      662.7095313    16348.1253311     3393.2780421     3831.9311807     4580.3897586      678.7943128        0.5268639        1.1778934     2423.2978321        0.0000000        0.0000000        0.0000000        8.0000000
        0.0154768      652.6125402    16281.1511884     3400.4163992     3815.3516510     4544.3128520      679.6722017        0.5325493        1.1790852     2392.6993917        0.0000000        0.0000000        0.0000000        8.0000000
        0.0154352      641.1003693    16204.0572280     3407.4160112     3795.9450749     4502.8476016      680.6713916        0.5392008        1.1804683     2357.7437041        0.0000000        0.0000000        0.0000000        8.0000000
        0.0153824      628.2806858    16117.3484212     3414.0246498     3774.9981712     4456.2458003      681.8642326        0.5468826        1.1820383     2318.7725751        0.0000000        0.0000000        0.0000000        8.0000000
        0.0153185      614.3285127    16021.8990266     3420.0897349     3750.7829798     4405.0003259      683.1171397        0.5554863        1.1837845     2276.2861878        0.0000000        0.0000000        0.0000000        8.0000000
        0.0153871      720.0355717    16719.4043121     3292.0805597     3908.6649675     4780.4111401      673.1434537        0.4964216        1.1714446     2596.8000019        0.0000000        0.0000000        0.0000000        8.0000000
        0.0153701      712.2778637    16670.1255545     3298.1659767     3898.7356698     4753.8147641      673.8915764        0.5003087        1.1722854     2573.3885753        0.0000000        0.0000000        0.0000000        8.0000000
        0.0153526      704.8378865    16622.6136100     3303.8233274     3889.0609011     4728.1759381      674.6117938        0.5040985        1.1731004     2550.9276255        0.0000000        0.0000000        0.0000000        8.0000000
        0.0153236      695.7418927    16564.1643271     3309.2351130     3876.2077023     4696.6511698      675.4461108        0.5087842        1.1741089     2523.4428203        0.0000000        0.0000000        0.0000000        8.0000000
        0.0152954      687.1137598    16508.4237463     3314.2899948     3863.9792132     4666.5631884      676.2499280        0.5133191        1.1750767     2497.3858103        0.0000000        0.0000000        0.0000000        8.0000000
        0.0151539      768.0591855    17019.1214868     3185.1009251     3955.4072488     4942.1129363      667.9115529        0.4732769        1.1664264     2741.6824234        0.0000000        0.0000000        0.0000000        8.0000000
        0.0151490      762.8993012    16987.3661126     3190.0154804     3950.7856713     4924.9854084      668.4735031        0.4756590        1.1669504     2726.1261525        0.0000000        0.0000000        0.0000000        8.0000000
        0.0151436      757.9529761    16956.9355099     3194.6056703     3945.8759650     4908.5143753      668.9864912        0.4779416        1.1674543     2711.2632369        0.0000000        0.0000000        0.0000000        8.0000000
        0.0151376      753.2189388    16927.5919612     3198.8858037     3942.2470231     4892.7017968      669.5485555        0.4802014        1.1679417     2696.9779031        0.0000000        0.0000000        0.0000000        8.0000000
        0.0151209      746.6871400    16887.0771398     3203.0191873     3934.9806723     4870.8043796      670.1956603        0.4832628        1.1686172     2677.3149014        0.0000000        0.0000000        0.0000000        8.0000000
        0.0148067      807.0615991    17253.9699530     3069.7687171     4004.9881777     5069.8787067      664.7145877        0.4567796        1.1626057     2858.3143261        0.0000000        0.0000000        0.0000000        8.0000000
        0.0148117      804.4832554    17238.8580102     3073.4951419     3998.2004558     5061.5308095      664.7132160        0.4576861        1.1628487     2850.7148639        0.0000000        0.0000000        0.0000000        8.0000000
        0.0148167      802.0431514    17224.6851915     3077.0564403     3991.4142439     5053.6187993      664.6877825        0.4585240        1.1630770     2843.5963161        0.0000000        0.0000000        0.0000000        8.0000000
        0.0148086      797.4741073    17197.6925855     3080.2037212     3981.6963721     5038.7715312      664.8211156        0.4602408        1.1635126     2830.0778672        0.0000000        0.0000000        0.0000000        8.0000000
        0.0148135      795.3681169    17185.4287926     3083.4209886     3974.9786890     5031.9150941      664.7502709        0.4609417        1.1637110     2823.9392722        0.0000000        0.0000000        0.0000000        8.0000000
        0.0155741      459.6844177    14871.4247557     3746.1466895     3467.5919144     3793.6775234      700.1913939        0.6792842        1.2064342     1798.2584489        0.0000000        0.0000000        0.0000000        8.0000000
        0.0153384      426.8287203    14601.8175348     3757.5935713     3391.5091063     3651.5109322      703.8390612        0.7139612        1.2122118     1695.1965120        0.0000000        0.0000000        0.0000000        8.0000000
        0.0150407      389.0987946    14278.0314666     3768.2072435     3300.8618197     3481.5400114      708.4427945        0.7594947        1.2194133     1575.8743686        0.0000000        0.0000000        0.0000000        8.0000000
        0.0146236      341.2882053    13842.7126261     3778.9274879     3178.0993203     3254.2261450      714.8634905        0.8282347        1.2295789     1423.0297505        0.0000000        0.0000000        0.0000000        8.0000000
        0.0138933      268.7358417    13116.1117955     3789.0879172     2971.1829586     2877.4552948      726.2473764        0.9667725        1.2479134     1187.0109683        0.0000000        0.0000000        0.0000000        8.0000000
        0.0159443      556.4090305    15610.2916771     3653.6854194     3667.0519983     4185.8337326      690.1395167        0.5962866        1.1915375     2098.1196654        0.0000000        0.0000000        0.0000000        8.0000000
        0.0158195      534.2328922    15447.4276290     3663.3082121     3623.6248437     4099.0596000      692.3144744        0.6131790        1.1947092     2029.8139936        0.0000000        0.0000000        0.0000000        8.0000000
        0.0156658      509.0337619    15258.0429253     3672.7264221     3571.5888000     3998.3085202      694.7882297        0.6337040        1.1984751     1951.9576496        0.0000000        0.0000000        0.0000000        8.0000000
        0.0154776      480.3088435    15035.7594427     3681.8096701     3510.8562956     3880.4370119      697.8229337        0.6592634        1.2030055     1862.7322008        0.0000000        0.0000000        0.0000000        8.0000000
        0.0152577      449.4375608    14788.7841675     3690.5535830     3442.0069334     3749.9372662      701.1206821        0.6894720        1.2081847     1766.3020208        0.0000000        0.0000000        0.0000000        8.0000000
        0.0160946      637.9195624    16181.2281711     3557.9807127     3806.2477520     4491.2501738      682.0062707        0.5419361        1.1808802     2347.4998999        0.0000000        0.0000000        0.0000000        8.0000000
        0.0160197      621.1856773    16067.6212026     3566.4665380     3776.4597604     4430.1782853      683.4380087        0.5520073        1.1829457     2296.6290044        0.0000000        0.0000000        0.0000000        8.0000000
        0.0159340      603.4958121    15944.8488087     3574.7009551     3754.7436820     4364.7439242      685.7056077        0.5637441        1.1852080     2242.3826595        0.0000000        0.0000000        0.0000000        8.0000000
        0.0158413      585.3067288    15817.4068777     3582.5383621     3721.3832571     4296.4860329      687.3756634        0.5758025        1.1875903     2186.8003522        0.0000000        0.0000000        0.0000000        8.0000000
        0.0157297      565.0175162    15672.9393930     3590.0811690     3680.4350695     4219.1218625      689.0852737        0.5898089        1.1903335     2124.7190161        0.0000000        0.0000000        0.0000000        8.0000000
        0.0160930      708.4306228    16643.4672504     3458.8192458     3918.1950834     4740.4947127      675.8130229        0.5034485        1.1727422     2560.8579817        0.0000000        0.0000000        0.0000000        8.0000000
        0.0160616      697.6714346    16574.7299587     3466.3863511     3900.2016900     4703.2760988      676.6277556        0.5088350        1.1739261     2528.4727323        0.0000000        0.0000000        0.0000000        8.0000000
        0.0160164      685.2551668    16494.6192441     3473.4210915     3880.7027696     4659.9778243      677.6770501        0.5152921        1.1753173     2491.0225760        0.0000000        0.0000000        0.0000000        8.0000000
        0.0159585      671.4080742    16404.3410015     3479.9172102     3857.6235511     4611.2389755      678.8031212        0.5226787        1.1768999     2449.1873083        0.0000000        0.0000000        0.0000000        8.0000000
        0.0159047      658.4973809    16319.3155114     3486.2522795     3835.9299998     4565.3555716      679.8778498        0.5297929        1.1784050     2410.1459446        0.0000000        0.0000000        0.0000000        8.0000000
        0.0159746      770.2358395    17029.1112476     3355.6316903     3999.1688731     4949.2429520      670.1968893        0.4741050        1.1662619     2746.7379147        0.0000000        0.0000000        0.0000000        8.0000000
        0.0159550      761.8269459    16977.6328702     3361.6750427     3988.6371801     4921.3402960      670.9452842        0.4778721        1.1671114     2721.5077482        0.0000000        0.0000000        0.0000000        8.0000000
        0.0159368      753.8775487    16928.7278214     3367.5451990     3978.8061226     4894.8251143      671.6716117        0.4815020        1.1679228     2697.6590913        0.0000000        0.0000000        0.0000000        8.0000000
        0.0159060      744.0960591    16868.3573273     3373.0608465     3964.1380060     4862.0120840      672.4250137        0.4859462        1.1689303     2668.3710570        0.0000000        0.0000000        0.0000000        8.0000000
        0.0158754      734.8087491    16810.4341277     3378.1710121     3951.8320470     4830.6632877      673.2588842        0.4903415        1.1699032     2640.4432466        0.0000000        0.0000000        0.0000000        8.0000000
        0.0157360      821.9184338    17339.5885177     3246.3182976     4049.1997469     5117.6530179      665.0394961        0.4518949        1.1612364     2901.6032676        0.0000000        0.0000000        0.0000000        8.0000000
        0.0157302      816.3616249    17306.7230935     3251.2923971     4044.9257115     5099.8042289      665.6313876        0.4542018        1.1617605     2884.9905566        0.0000000        0.0000000        0.0000000        8.0000000
        0.0157230      810.9761331    17274.7785431     3255.8069682     4039.6265656     5082.4499204      666.1450009        0.4564220        1.1622718     2868.8898411        0.0000000        0.0000000        0.0000000        8.0000000
        0.0157176      805.9690787    17244.9985473     3260.3048180     4034.3294213     5066.2651698      666.6058051        0.4584950        1.1627499     2853.9238281        0.0000000        0.0000000        0.0000000        8.0000000
        0.0157011      799.0432000    17203.7334782     3264.6993956     4025.7705178     5043.7968434      667.1782474        0.4613490        1.1634150     2833.2533121        0.0000000        0.0000000        0.0000000        8.0000000
        0.0153785      863.8447259    17582.6162322     3128.7117737     4101.5234962     5250.5487360      661.8870996        0.4360783        1.1574158     3026.1720467        0.0000000        0.0000000        0.0000000        8.0000000
        0.0153836      861.0846338    17567.1155965     3132.5150733     4094.3520588     5241.9022268      661.8757818        0.4369351        1.1576566     3018.1255955        0.0000000        0.0000000        0.0000000        8.0000000
        0.0153886      858.4738382    17552.4749372     3136.1489267     4087.1916876     5233.7113208      661.8436285        0.4377342        1.1578844     3010.5350046        0.0000000        0.0000000        0.0000000        8.0000000
        0.0153924      855.9469917    17538.2528342     3139.4681123     4080.2889461     5225.7726451      661.8149429        0.4385143        1.1581060     3003.1717603        0.0000000        0.0000000        0.0000000        8.0000000
        0.0153867      851.4362507    17512.8064154     3142.8635715     4068.2760925     5211.5715570      661.7813204        0.4399266        1.1585033     2990.0235279        0.0000000        0.0000000        0.0000000        8.0000000
        0.0161104      489.7066286    15108.5113289     3814.3526769     3537.1742776     3919.3169852      697.2788063        0.6511023        1.2015093     1891.6976320        0.0000000        0.0000000        0.0000000        8.0000000
        0.0158601      454.4938406    14829.3231473     3825.7743203     3457.7381146     3771.5397090      700.9101417        0.6846581        1.2073238     1781.9472761        0.0000000        0.0000000        0.0000000        8.0000000
        0.0155357      412.8723953    14483.6148760     3836.9751842     3360.7786369     3589.5123980      705.6899460        0.7302486        1.2148067     1651.0819171        0.0000000        0.0000000        0.0000000        8.0000000
        0.0151061      363.0257299    14044.1314234     3847.6356935     3237.3413307     3359.3707696      712.0593838        0.7954706        1.2248038     1492.6805995        0.0000000        0.0000000        0.0000000        8.0000000
        0.0143383      285.6500256    13293.7577995     3858.1969733     3023.0401477     2969.3444944      723.4833072        0.9298494        1.2432619     1242.5327897        0.0000000        0.0000000        0.0000000        8.0000000
        0.0164972      593.0016810    15870.1751908     3719.8325111     3743.5882562     4325.6064817      687.2246236        0.5711652        1.1865996     2209.7460179        0.0000000        0.0000000        0.0000000        8.0000000
        0.0163610      567.7370003    15691.5921922     3729.7399836     3694.3213046     4229.4934105      689.4552119        0.5884224        1.1899767     2132.7053215        0.0000000        0.0000000        0.0000000        8.0000000
        0.0161979      540.8006042    15495.6279720     3739.2608531     3641.1857632     4124.9202973      691.9989287        0.6083627        1.1937642     2049.9127407        0.0000000        0.0000000        0.0000000        8.0000000
        0.0160103      511.7316297    15278.1358932     3748.5617303     3581.3447131     4009.1935903      694.8312467        0.6317250        1.1980715     1960.1502158        0.0000000        0.0000000        0.0000000        8.0000000
        0.0157817      478.7493895    15023.3349513     3757.7197919     3508.5176399     3873.9569166      698.0410487        0.6607787        1.2032623     1857.8151094        0.0000000        0.0000000        0.0000000        8.0000000
        0.0166720      680.8724910    16463.8969768     3622.3419812     3899.5160023     4644.5255082      679.7228269        0.5189301        1.1758540     2476.8309059        0.0000000        0.0000000        0.0000000        8.0000000
        0.0165930      662.9209414    16346.5243235     3631.0826954     3866.3340467     4581.0458013      681.0181726        0.5285361        1.1779218     2422.6792597        0.0000000        0.0000000        0.0000000        8.0000000
        0.0165034      644.0226843    16220.8505451     3639.4408724     3833.5692472     4513.3114392      682.6007512        0.5392652        1.1801660     2365.4430644        0.0000000        0.0000000        0.0000000        8.0000000
        0.0163914      622.4804666    16075.0875608     3647.5344517     3794.5740376     4434.9141444      684.4019840        0.5521027        1.1828091     2300.0052935        0.0000000        0.0000000        0.0000000        8.0000000
        0.0162719      600.7354691    15925.1530898     3655.0254252     3754.7617191     4354.4335668      686.3076247        0.5658368        1.1855739     2233.7583148        0.0000000        0.0000000        0.0000000        8.0000000
        0.0166742      754.8816513    16933.8372011     3521.2114890     4001.0246241     4897.8154405      672.8093540        0.4819055        1.1678378     2700.2178137        0.0000000        0.0000000        0.0000000        8.0000000
        0.0166302      742.7375410    16858.1655189     3528.7704957     3982.6502725     4857.3571237      673.8002651        0.4875173        1.1691011     2663.5174791        0.0000000        0.0000000        0.0000000        8.0000000
        0.0165809      729.3889590    16774.9181235     3535.7669963     3962.2315544     4812.1978092      674.8510064        0.4937790        1.1705028     2623.4619572        0.0000000        0.0000000        0.0000000        8.0000000
        0.0165291      715.1033664    16685.4784870     3542.5002546     3939.4830966     4763.1536063      675.9773964        0.5006409        1.1720230     2580.8014038        0.0000000        0.0000000        0.0000000        8.0000000
        0.0164652      700.8888472    16594.5894632     3549.2425288     3915.2784647     4714.4188299      676.9980525        0.5076788        1.1735831     2537.8395284        0.0000000        0.0000000        0.0000000        8.0000000
        0.0165466      820.5099809    17328.2589410     3415.7833151     4086.7740822     5113.0537404      667.4369195        0.4540385        1.1614169     2896.0138763        0.0000000        0.0000000        0.0000000        8.0000000
        0.0165273      811.6150060    17275.8464866     3422.1480921     4073.9189003     5084.4299727      668.0563219        0.4575425        1.1622547     2869.5519233        0.0000000        0.0000000        0.0000000        8.0000000
        0.0165077      803.1002802    17225.3209251     3428.1025065     4063.3393080     5056.8875547      668.7602653        0.4610257        1.1630667     2844.1767480        0.0000000        0.0000000        0.0000000        8.0000000
        0.0164875      794.9869694    17176.8310862     3433.5901396     4053.0920874     5030.5121338      669.4350967        0.4644054        1.1638502     2819.9412103        0.0000000        0.0000000        0.0000000        8.0000000
        0.0164560      785.0600621    17117.3101007     3438.9363587     4038.8215846     4998.0623373      670.1721153        0.4685468        1.1648174     2790.3434762        0.0000000        0.0000000        0.0000000        8.0000000
        0.0163048      876.0140314    17650.1185538     3304.4786489     4138.3756295     5288.4315849      662.2367684        0.4325577        1.1563716     3061.3726545        0.0000000        0.0000000        0.0000000        8.0000000
        0.0162983      870.0641028    17616.1549558     3309.5236073     4133.5783162     5269.9017140      662.8088586        0.4347676        1.1568961     3043.6853585        0.0000000        0.0000000        0.0000000        8.0000000
        0.0162907      864.3187756    17583.2346606     3314.1745480     4128.9605147     5251.9511120      663.3680120        0.4369280        1.1574062     3026.5957449        0.0000000        0.0000000        0.0000000        8.0000000
        0.0162843      858.9504142    17552.4046453     3318.7086532     4124.0607793     5235.1262868      663.8627820        0.4389480        1.1578855     3010.6374697        0.0000000        0.0000000        0.0000000        8.0000000
        0.0162783      853.9063754    17523.3360452     3322.9763326     4119.1649718     5219.2718464      664.3162430        0.4408573        1.1583388     2995.6327656        0.0000000        0.0000000        0.0000000        8.0000000
        0.0159380      920.9955060    17902.5074817     3184.6032501     4182.3003384     5426.6601411      658.5127628        0.4169359        1.1525314     3194.6255561        0.0000000        0.0000000        0.0000000        8.0000000
        0.0159432      918.0543441    17886.5783119     3188.4784277     4174.6147770     5417.7282370      658.4850829        0.4177458        1.1527708     3186.1032444        0.0000000        0.0000000        0.0000000        8.0000000
        0.0159487      915.2962735    17871.5715082     3192.2548439     4168.2647984     5409.3399904      658.5056151        0.4185382        1.1529968     3178.0894060        0.0000000        0.0000000        0.0000000        8.0000000
        0.0159525      912.6040441    17856.9579818     3195.6346051     4160.8824458     5401.1405730      658.4620879        0.4192755        1.1532171     3170.2916760        0.0000000        0.0000000        0.0000000        8.0000000
        0.0159460      907.7640518    17830.5488946     3199.0748497     4149.1807999     5386.3691691      658.4693157        0.4206634        1.1536162     3156.2331406        0.0000000        0.0000000        0.0000000        8.0000000
        0.0171341      548.4327685    15550.8021369     3941.3441451     3664.0829122     4154.7155286      691.8335427        0.6030752        1.1926890     2073.0630853        0.0000000        0.0000000        0.0000000        8.0000000
        0.0168574      508.6386431    15253.8948621     3953.1805532     3580.7960048     3996.6125304      695.5984835        0.6347803        1.1985585     1950.3017716        0.0000000        0.0000000        0.0000000        8.0000000
        0.0165103      462.5331219    14895.8429146     3964.5263348     3479.6412216     3805.8271656      700.3455627        0.6766864        1.2059204     1807.7774918        0.0000000        0.0000000        0.0000000        8.0000000
        0.0160288      405.6729292    14421.7391729     3975.7410339     3345.7555229     3557.1372424      706.7585681        0.7390902        1.2161806     1628.2494246        0.0000000        0.0000000        0.0000000        8.0000000
        0.0151962      319.6448823    13634.9965968     3986.7160792     3122.3469509     3146.3706559      718.3194584        0.8648205        1.2346380     1353.1430512        0.0000000        0.0000000        0.0000000        8.0000000
        0.0175655      663.6777589    16350.0793014     3843.0421816     3882.6838978     4583.6434567      681.9502995        0.5289184        1.1778588     2424.3602274        0.0000000        0.0000000        0.0000000        8.0000000
        0.0174217      636.9068350    16171.8690477     3853.5885191     3831.8963990     4487.4637000      683.9427226        0.5440542        1.1810493     2343.3768874        0.0000000        0.0000000        0.0000000        8.0000000
        0.0172408      606.3714231    15963.2642254     3863.4216664     3775.2422863     4375.3340383      686.5088859        0.5628010        1.1848666     2250.5282290        0.0000000        0.0000000        0.0000000        8.0000000
        0.0170334      573.4627935    15732.0159088     3873.0467624     3710.7813002     4251.3794428      689.3147260        0.5847241        1.1892062     2150.0277841        0.0000000        0.0000000        0.0000000        8.0000000
        0.0167800      536.1407615    15460.8325716     3882.3583336     3634.8969490     4106.5500767      692.6803618        0.6121916        1.1944459     2035.4118267        0.0000000        0.0000000        0.0000000        8.0000000
        0.0177626      762.8876374    16979.4111227     3742.1268460     4047.2347047     4924.6890537      674.3317320        0.4799337        1.1670820     2722.5823330        0.0000000        0.0000000        0.0000000        8.0000000
        0.0176847      743.8338967    16865.3009611     3750.4750290     4015.1727818     4861.2680154      675.6664460        0.4882612        1.1689815     2667.0808613        0.0000000        0.0000000        0.0000000        8.0000000
        0.0175883      723.4763224    16735.3035321     3759.4656415     3982.3310127     4791.9693032      677.1547924        0.4979969        1.1711743     2604.6215212        0.0000000        0.0000000        0.0000000        8.0000000
        0.0174656      699.0755781    16580.6345351     3768.0533032     3939.1880551     4708.0352490      678.8605008        0.5099264        1.1738240     2531.3724146        0.0000000        0.0000000        0.0000000        8.0000000
        0.0173329      674.3891968    16420.9824394     3775.7799726     3895.9788978     4621.6609354      680.7340016        0.5227823        1.1766069     2456.9830587        0.0000000        0.0000000        0.0000000        8.0000000
        0.0177853      849.0227998    17490.4053870     3637.4390766     4172.7703116     5203.7072702      668.0958958        0.4450047        1.1588540     2978.9036973        0.0000000        0.0000000        0.0000000        8.0000000
        0.0177446      835.7815135    17413.7955637     3645.0834097     4154.1733241     5161.7489065      669.0187403        0.4499848        1.1600594     2939.6595904        0.0000000        0.0000000        0.0000000        8.0000000
        0.0176902      820.6389335    17325.4658067     3652.4358921     4131.4468769     5113.3687966      670.0212391        0.4557941        1.1614614     2894.7653458        0.0000000        0.0000000        0.0000000        8.0000000
        0.0176216      803.7686188    17225.9065248     3659.3083750     4105.9262874     5058.9561973      671.1688632        0.4624905        1.1630573     2844.6231907        0.0000000        0.0000000        0.0000000        8.0000000
        0.0175591      788.1360233    17132.8163124     3666.1354785     4080.1045389     5008.0397127      672.1411891        0.4688244        1.1645648     2798.1716840        0.0000000        0.0000000        0.0000000        8.0000000
        0.0176692      924.4444805    17916.2464232     3527.8170718     4255.1488203     5436.9474446      662.0146444        0.4182340        1.1523252     3202.2423744        0.0000000        0.0000000        0.0000000        8.0000000
        0.0176466      914.2939336    17860.3392235     3534.3331184     4241.5422781     5406.1181385      662.6449919        0.4215138        1.1531661     3172.3992270        0.0000000        0.0000000        0.0000000        8.0000000
        0.0176240      904.6019792    17806.6168575     3540.4568102     4228.4863445     5376.5269659      663.2556077        0.4247052        1.1539787     3143.8683280        0.0000000        0.0000000        0.0000000        8.0000000
        0.0175868      892.6586218    17739.9037492     3546.2575782     4213.2266763     5339.8494825      664.0703961        0.4287525        1.1549941     3108.6407691        0.0000000        0.0000000        0.0000000        8.0000000
        0.0175515      881.4195287    17676.6256580     3551.8188713     4198.5632938     5305.1173472      664.8393108        0.4326429        1.1559636     3075.4296820        0.0000000        0.0000000        0.0000000        8.0000000
        0.0174176      987.5516042    18258.3456239     3412.4265543     4313.2702830     5625.1150572      656.9736174        0.3983285        1.1472820     3388.1361524        0.0000000        0.0000000        0.0000000        8.0000000
        0.0174095      980.7717707    18222.2036449     3417.5956661     4307.4336301     5605.1925357      657.5100800        0.4003672        1.1478067     3368.2232312        0.0000000        0.0000000        0.0000000        8.0000000
        0.0174014      974.3131867    18187.6305987     3422.5009577     4301.5179234     5586.1522348      658.0089280        0.4023238        1.1483103     3349.2342769        0.0000000        0.0000000        0.0000000        8.0000000
        0.0173963      968.3825199    18155.9829647     3427.4689704     4294.0904653     5568.6145553      658.3647763        0.4040709        1.1487729     3331.8962957        0.0000000        0.0000000        0.0000000        8.0000000
        0.0173726      959.6941662    18109.1824852     3431.6360203     4285.3590468     5542.8275372      659.0092619        0.4067420        1.1494596     3306.3571351        0.0000000        0.0000000        0.0000000        8.0000000
        0.0170366     1039.0669501    18529.9744762     3288.8823580     4339.7986566     5774.4568580      652.1741054        0.3830707        1.1433990     3539.8070833        0.0000000        0.0000000        0.0000000        8.0000000
        0.0170409     1035.6529672    18512.7115915     3292.7432003     4331.4205364     5764.6746957      652.1482787        0.3838381        1.1436427     3530.0312618        0.0000000        0.0000000        0.0000000        8.0000000
        0.0170444     1032.3936249    18495.7534571     3296.4465841     4329.7062273     5755.3245721      652.4390387        0.3847643        1.1438825     3520.4689268        0.0000000        0.0000000        0.0000000        8.0000000
        0.0170334     1026.3981513    18464.4222185     3299.9053490     4326.7596954     5738.0868984      652.9891614        0.3864908        1.1443266     3502.8405833        0.0000000        0.0000000        0.0000000        8.0000000
        0.0170366     1023.5746194    18449.6196888     3303.1650956     4325.9836797     5729.9532281      653.2804963        0.3873273        1.1445368     3494.5315789        0.0000000        0.0000000        0.0000000        8.0000000
        0.0181151      607.4398838    15970.0007377     4057.6111981     3783.4859750     4379.2160276      686.8512760        0.5624925        1.1847419     2253.5143511        0.0000000        0.0000000        0.0000000        8.0000000
        0.0178119      562.9946747    15656.3004329     4069.6456990     3695.7954550     4211.1474044      690.6731421        0.5925227        1.1906524     2117.6943027        0.0000000        0.0000000        0.0000000        8.0000000
        0.0174378      512.3322774    15281.9141534     4081.7793654     3588.7472900     4011.5175610      695.2442500        0.6316821        1.1979957     1961.7093005        0.0000000        0.0000000        0.0000000        8.0000000
        0.0169246      449.7028912    14790.0856462     4093.3992767     3449.7227042     3750.9950069      701.6751507        0.6898065        1.2081570     1766.8233065        0.0000000        0.0000000        0.0000000        8.0000000
        0.0160195      353.8744545    13960.2424623     4104.7874091     3213.9666518     3315.6093499      713.3332668        0.8089784        1.2267773     1463.4505615        0.0000000        0.0000000        0.0000000        8.0000000
        0.0185966      736.5098717    16815.8009810     3955.9624298     4014.0376785     4836.1429881      676.8314452        0.4923261        1.1698128     2643.2354745        0.0000000        0.0000000        0.0000000        8.0000000
        0.0184366      706.4382366    16626.6749256     3966.5390284     3961.9134403     4733.4134065      678.9546682        0.5067345        1.1730306     2553.0886415        0.0000000        0.0000000        0.0000000        8.0000000
        0.0182398      672.3017149    16406.4733332     3976.8646835     3900.2941633     4614.1928505      681.4242471        0.5243348        1.1768623     2450.3109291        0.0000000        0.0000000        0.0000000        8.0000000
        0.0180150      635.5606522    16162.5452004     3987.1243007     3831.9235754     4482.5481097      684.2220433        0.5449894        1.1812180     2339.1906135        0.0000000        0.0000000        0.0000000        8.0000000
        0.0177383      593.8692116    15876.1242336     3996.7053822     3751.8789845     4328.6134065      687.6199436        0.5709529        1.1864883     2212.3605032        0.0000000        0.0000000        0.0000000        8.0000000
        0.0188237      847.8830785    17482.3374701     3851.5963415     4188.8808694     5200.0073071      669.1913496        0.4461274        1.1589805     2974.8235087        0.0000000        0.0000000        0.0000000        8.0000000
        0.0187262      825.0264780    17349.7375568     3860.9326139     4154.5075543     5127.3301514      670.6886121        0.4547645        1.1610749     2907.1243679        0.0000000        0.0000000        0.0000000        8.0000000
        0.0186162      801.0156135    17208.2970515     3869.7962977     4115.9934161     5049.9237719      672.2053316        0.4642105        1.1633413     2835.8570671        0.0000000        0.0000000        0.0000000        8.0000000
        0.0184978      776.3120531    17060.5447782     3878.5005155     4073.3437055     4969.1011272      673.6740579        0.4743284        1.1657455     2762.4479840        0.0000000        0.0000000        0.0000000        8.0000000
        0.0183520      748.6209640    16891.4949515     3886.4212175     4027.8071805     4877.0073975      675.5734116        0.4864688        1.1685434     2679.7776921        0.0000000        0.0000000        0.0000000        8.0000000
        0.0188626      944.7767061    18024.1201927     3743.5541991     4323.3557136     5498.1077488      662.9893424        0.4132533        1.1507161     3260.4255892        0.0000000        0.0000000        0.0000000        8.0000000
        0.0188175      929.8997941    17942.9650953     3751.4766058     4304.3734969     5453.3459578      663.9545593        0.4179601        1.1519250     3216.7233941        0.0000000        0.0000000        0.0000000        8.0000000
        0.0187557      912.7955927    17848.9316559     3758.8552973     4279.8176666     5401.4515720      664.9492101        0.4234441        1.1533383     3166.4850964        0.0000000        0.0000000        0.0000000        8.0000000
        0.0186810      893.8946483    17743.8921585     3766.0638489     4251.7642557     5343.5543846      666.0389494        0.4296883        1.1549332     3110.8824225        0.0000000        0.0000000        0.0000000        8.0000000
        0.0186122      876.3419296    17645.3322420     3773.1414823     4225.0613989     5289.2537458      667.0519528        0.4356706        1.1564454     3059.2046648        0.0000000        0.0000000        0.0000000        8.0000000
        0.0187345     1026.3538849    18457.2721463     3630.8614214     4422.8480533     5737.7786403      657.9039340        0.3894661        1.1444281     3499.2156047        0.0000000        0.0000000        0.0000000        8.0000000
        0.0187238     1018.0860300    18414.2662509     3637.2721133     4412.2557154     5713.9271682      658.3614803        0.3917088        1.1450403     3475.0856755        0.0000000        0.0000000        0.0000000        8.0000000
        0.0186810     1003.9708810    18340.4583978     3643.5545925     4395.3302695     5672.9877732      659.2147846        0.3956409        1.1460971     3433.8937292        0.0000000        0.0000000        0.0000000        8.0000000
        0.0186568      993.7462481    18286.6221255     3649.5557165     4382.6095704     5643.1589331      659.8230622        0.3985389        1.1468729     3404.0179543        0.0000000        0.0000000        0.0000000        8.0000000
        0.0186189      981.1994234    18220.4038766     3655.3762588     4364.1630145     5606.3509994      660.4342115        0.4020719        1.1478328     3367.4582714        0.0000000        0.0000000        0.0000000        8.0000000
        0.0184729     1097.1013169    18819.5996821     3511.2341420     4474.8585784     5938.2645003      652.3616178        0.3704488        1.1393716     3706.0375251        0.0000000        0.0000000        0.0000000        8.0000000
        0.0184822     1093.0521842    18799.3537218     3516.7861149     4469.2226198     5926.9672966      652.5334777        0.3714040        1.1396495     3694.2958881        0.0000000        0.0000000        0.0000000        8.0000000
        0.0184728     1085.8011732    18762.9839616     3521.8106147     4461.0575254     5906.6853061      652.9368350        0.3731788        1.1401500     3673.2631720        0.0000000        0.0000000        0.0000000        8.0000000
        0.0184473     1075.6705894    18711.7216675     3526.5885097     4452.3994199     5878.2380885      653.6456062        0.3757756        1.1408584     3643.7426777        0.0000000        0.0000000        0.0000000        8.0000000
        0.0184384     1069.2578007    18679.2589986     3531.0171280     4445.3927397     5860.1647422      654.0233673        0.3773965        1.1413089     3625.1102782        0.0000000        0.0000000        0.0000000        8.0000000
        0.0180768     1156.5059274    19111.1572898     3384.4921996     4500.3355654     6101.0289120      647.1517223        0.3557327        1.1354300     3877.1605264        0.0000000        0.0000000        0.0000000        8.0000000
        0.0180872     1153.8046667    19101.2586861     3387.7669082     4498.6989649     6095.0199073      647.5156735        0.3563125        1.1355621     3871.2983800        0.0000000        0.0000000        0.0000000        8.0000000
        0.0180820     1147.5160795    19070.9871599     3391.6320531     4493.1778282     6077.3562641      647.8590127        0.3577053        1.1359666     3853.3299276        0.0000000        0.0000000        0.0000000        8.0000000
        0.0180849     1144.1064872    19054.1510294     3395.1653538     4491.8637996     6068.0505877      648.1510639        0.3585344        1.1361920     3843.3656737        0.0000000        0.0000000        0.0000000        8.0000000
        0.0180881     1140.9754634    19038.6132417     3398.5537770     4492.1527323     6059.4937416      648.4910744        0.3593377        1.1364005     3834.1888924        0.0000000        0.0000000        0.0000000        8.0000000
