0.00E+00 -0.2725 3922.42
3.13E+07 0.1722 3917.57
3.85E+07 0.2151 3913.77
5.30E+07 0.1939 3905.81
8.44E+07 0.1819 3890.01
1.17E+08 0.2026 3874.27
1.55E+08 0.1943 3854.56
1.86E+08 0.1834 3838.93
2.03E+08 0.1787 3830.84
2.17E+08 0.1752 3824.22
2.32E+08 0.1712 3817.59
2.47E+08 0.1667 3810.91
2.61E+08 0.1637 3804.53
2.75E+08 0.1601 3798.77
2.88E+08 0.1567 3793.16
3.00E+08 0.1527 3788.09
3.10E+08 0.1501 3784.27
3.18E+08 0.1492 3780.88
3.32E+08 0.1467 3775.66
3.43E+08 0.1433 3771.13
3.55E+08 0.1407 3766.76
3.66E+08 0.1380 3762.73
3.78E+08 0.1355 3758.39
3.89E+08 0.1324 3754.29
3.98E+08 0.1304 3751.29
4.08E+08 0.1283 3747.71
4.18E+08 0.1264 3744.48
4.28E+08 0.1229 3741.19
4.36E+08 0.1225 3738.55
4.46E+08 0.1205 3735.37
4.56E+08 0.1175 3732.08
4.65E+08 0.1163 3729.18
4.76E+08 0.1135 3725.95
4.86E+08 0.1126 3722.84
4.99E+08 0.1103 3719.23
5.10E+08 0.1076 3715.86
5.21E+08 0.1058 3712.86
5.30E+08 0.1038 3710.23
5.39E+08 0.1024 3707.76
5.48E+08 0.1016 3705.41
5.57E+08 0.0996 3703.16
5.65E+08 0.0986 3700.89
5.73E+08 0.0978 3698.78
5.81E+08 0.0974 3696.8
5.89E+08 0.0972 3694.79
5.98E+08 0.0958 3692.54
6.05E+08 0.0950 3690.66
6.12E+08 0.0945 3688.77
6.20E+08 0.0933 3686.9
6.29E+08 0.0933 3684.76
6.36E+08 0.0920 3682.84
6.44E+08 0.0913 3681.01
6.51E+08 0.0907 3679.38
6.57E+08 0.0906 3677.8
6.62E+08 0.0910 3676.62
6.68E+08 0.0903 3675.1
6.74E+08 0.0897 3673.66
6.80E+08 0.0891 3672.35
6.86E+08 0.0882 3670.92
6.92E+08 0.0886 3669.6
6.98E+08 0.0890 3668.15
7.06E+08 0.0874 3666.3
7.13E+08 0.0869 3664.48
7.21E+08 0.0872 3662.64
7.29E+08 0.0864 3660.97
7.38E+08 0.0867 3658.9
7.47E+08 0.0856 3656.69
7.54E+08 0.0856 3655.06
7.62E+08 0.0856 3653.4
7.69E+08 0.0857 3651.68
7.78E+08 0.0855 3649.79
7.86E+08 0.0848 3647.91
7.95E+08 0.0839 3645.97
8.03E+08 0.0840 3644.08
8.11E+08 0.0837 3642.22
8.21E+08 0.0830 3640.21
8.30E+08 0.0839 3638.08
8.40E+08 0.0831 3635.93
8.48E+08 0.0828 3634.05
8.56E+08 0.0824 3632.29
8.64E+08 0.0819 3630.74
8.70E+08 0.0820 3629.35
8.77E+08 0.0819 3627.72
8.87E+08 0.0821 3625.59
8.97E+08 0.0809 3623.37
9.06E+08 0.0809 3621.47
9.15E+08 0.0804 3619.58
9.24E+08 0.0806 3617.62
9.35E+08 0.0801 3615.28
9.45E+08 0.0800 3613.25
9.55E+08 0.0798 3611.12
9.64E+08 0.0795 3609.16
9.73E+08 0.0788 3607.37
9.83E+08 0.0792 3605.26
9.92E+08 0.0782 3603.31
1.00E+09 0.0788 3601.42
1.01E+09 0.0782 3599.33
1.02E+09 0.0775 3597.42
1.03E+09 0.0775 3595.86
1.04E+09 0.0771 3594.3
1.04E+09 0.0777 3592.75
1.05E+09 0.0764 3590.94
1.06E+09 0.0768 3589.47
1.07E+09 0.0764 3587.65
1.08E+09 0.0769 3585.93
1.08E+09 0.0754 3584.21
1.09E+09 0.0765 3582.73
1.10E+09 0.0756 3580.93
1.11E+09 0.0750 3579.19
1.12E+09 0.0750 3577.62
1.13E+09 0.0746 3575.97
1.13E+09 0.0746 3574.22
1.14E+09 0.0739 3572.55
1.15E+09 0.0736 3571.04
1.16E+09 0.0741 3569.54
1.17E+09 0.0732 3567.87
1.18E+09 0.0735 3565.94
1.19E+09 0.0730 3564.15
1.19E+09 0.0734 3562.49
1.21E+09 0.0734 3560.35
1.22E+09 0.0726 3558.14
1.23E+09 0.0725 3556.15
1.24E+09 0.0723 3554.4
1.25E+09 0.0724 3552.48
1.26E+09 0.0715 3550.58
1.27E+09 0.0722 3548.71
1.28E+09 0.0718 3546.64
1.29E+09 0.0713 3544.59
1.30E+09 0.0711 3542.81
1.31E+09 0.0706 3541.13
1.31E+09 0.0707 3539.61
1.32E+09 0.0698 3538.22
1.33E+09 0.0701 3536.7
1.34E+09 0.0701 3535.06
1.35E+09 0.0697 3533.6
1.35E+09 0.0691 3532.2
1.36E+09 0.0693 3530.61
1.37E+09 0.0698 3529
1.38E+09 0.0693 3526.92
1.39E+09 0.0684 3525.29
1.40E+09 0.0687 3523.72
1.41E+09 0.0682 3522.2
1.42E+09 0.0677 3520.59
1.43E+09 0.0681 3519.18
1.43E+09 0.0674 3517.57
1.44E+09 0.0670 3515.82
1.45E+09 0.0680 3514.18
1.46E+09 0.0670 3512.23
1.48E+09 0.0667 3510.32
1.49E+09 0.0662 3508.59
1.49E+09 0.0663 3506.94
1.50E+09 0.0655 3505.31
1.52E+09 0.0658 3503.21
1.53E+09 0.0653 3501.29
1.54E+09 0.0652 3499.54
1.54E+09 0.0649 3498.24
1.55E+09 0.0646 3496.73
1.56E+09 0.0642 3495.31
1.57E+09 0.0646 3493.93
1.58E+09 0.0639 3492.31
1.59E+09 0.0641 3490.83
1.60E+09 0.0630 3489.37
1.60E+09 0.0632 3488.05
1.61E+09 0.0632 3486.77
1.62E+09 0.0628 3485.38
1.63E+09 0.0624 3483.95
1.64E+09 0.0622 3482.54
1.65E+09 0.0625 3480.73
1.66E+09 0.0626 3478.94
1.67E+09 0.0620 3477.08
1.68E+09 0.0622 3475.35
1.69E+09 0.0613 3473.61
1.70E+09 0.0613 3471.95
1.71E+09 0.0614 3470.63
1.72E+09 0.0609 3469.08
1.73E+09 0.0614 3467.7
1.74E+09 0.0615 3466.04
1.75E+09 0.0613 3464.44
1.76E+09 0.0611 3462.53
1.77E+09 0.0605 3460.78
1.78E+09 0.0603 3458.94
1.79E+09 0.0608 3457.1
1.81E+09 0.0605 3454.97
1.82E+09 0.0603 3452.8
1.83E+09 0.0597 3451.02
1.84E+09 0.0596 3449.26
1.86E+09 0.0594 3447.15
1.87E+09 0.0587 3445.19
1.88E+09 0.0590 3443.42
1.89E+09 0.0584 3441.37
1.91E+09 0.0581 3439.36
1.92E+09 0.0586 3437.35
1.93E+09 0.0580 3435.31
1.94E+09 0.0571 3433.43
1.95E+09 0.0572 3431.79
1.96E+09 0.0573 3430.3
1.98E+09 0.0572 3428.64
1.99E+09 0.0565 3427.13
2.00E+09 0.0563 3425.64
2.01E+09 0.0561 3424.22
2.02E+09 0.0560 3422.4
2.03E+09 0.0558 3420.24
2.05E+09 0.0553 3418.23
2.06E+09 0.0549 3416.57
2.07E+09 0.0549 3414.62
2.08E+09 0.0547 3412.58
2.10E+09 0.0550 3410.95
2.11E+09 0.0544 3409.22
2.12E+09 0.0540 3407.24
2.13E+09 0.0541 3405.56
2.15E+09 0.0535 3403.63
2.16E+09 0.0535 3401.77
2.17E+09 0.0539 3399.74
2.19E+09 0.0532 3397.6
2.20E+09 0.0531 3395.82
2.21E+09 0.0532 3393.88
2.23E+09 0.0525 3392.01
2.24E+09 0.0526 3390.17
2.26E+09 0.0522 3388.3
2.27E+09 0.0522 3386.26
2.28E+09 0.0520 3384.51
2.30E+09 0.0518 3382.39
2.31E+09 0.0511 3380.57
2.32E+09 0.0510 3378.82
2.34E+09 0.0506 3376.67
2.36E+09 0.0507 3374.56
2.37E+09 0.0506 3372.72
2.38E+09 0.0500 3370.65
2.40E+09 0.0499 3368.53
2.42E+09 0.0502 3366.42
2.43E+09 0.0490 3364.29
2.45E+09 0.0489 3362.3
2.46E+09 0.0488 3360.43
2.48E+09 0.0480 3358.58
2.49E+09 0.0488 3356.84
2.51E+09 0.0483 3354.88
2.52E+09 0.0477 3352.82
2.54E+09 0.0472 3350.82
2.55E+09 0.0476 3348.76
2.57E+09 0.0472 3347.06
2.58E+09 0.0468 3345.2
2.60E+09 0.0466 3343.59
2.61E+09 0.0460 3341.62
2.63E+09 0.0467 3339.69
2.64E+09 0.0460 3337.64
2.66E+09 0.0456 3335.76
2.67E+09 0.0456 3333.96
2.69E+09 0.0452 3332.26
2.70E+09 0.0450 3330.56
2.72E+09 0.0446 3328.75
2.73E+09 0.0450 3327.25
2.75E+09 0.0444 3325.42
2.76E+09 0.0446 3323.38
2.78E+09 0.0443 3321.59
2.80E+09 0.0440 3319.5
2.81E+09 0.0438 3317.54
2.83E+09 0.0435 3315.76
2.84E+09 0.0435 3313.98
2.86E+09 0.0426 3312.13
2.87E+09 0.0425 3310.62
2.89E+09 0.0425 3309.07
2.90E+09 0.0422 3307.55
2.91E+09 0.0422 3306.14
2.92E+09 0.0415 3304.84
2.94E+09 0.0422 3303.45
2.95E+09 0.0418 3301.98
2.96E+09 0.0416 3300.46
2.98E+09 0.0416 3299.05
2.99E+09 0.0415 3297.63
3.00E+09 0.0411 3296.24
3.02E+09 0.0410 3294.63
3.03E+09 0.0407 3293.2
3.04E+09 0.0405 3291.85
3.06E+09 0.0402 3290.2
3.08E+09 0.0404 3288.39
3.09E+09 0.0403 3286.75
3.11E+09 0.0395 3284.8
3.13E+09 0.0403 3283.09
3.14E+09 0.0392 3281.21
3.16E+09 0.0395 3279.58
3.18E+09 0.0392 3277.61
3.20E+09 0.0390 3275.72
3.21E+09 0.0389 3273.88
3.23E+09 0.0386 3272.06
3.25E+09 0.0387 3270.32
3.27E+09 0.0378 3268.48
3.28E+09 0.0381 3266.63
3.30E+09 0.0383 3264.73
3.32E+09 0.0377 3262.81
3.34E+09 0.0375 3261.01
3.36E+09 0.0370 3259.18
3.38E+09 0.0371 3257.49
3.39E+09 0.0364 3255.76
3.41E+09 0.0368 3254.22
3.43E+09 0.0363 3252.43
3.45E+09 0.0358 3250.56
3.47E+09 0.0361 3248.47
3.49E+09 0.0357 3246.89
3.51E+09 0.0353 3244.97
3.53E+09 0.0353 3242.93
3.55E+09 0.0350 3240.96
3.57E+09 0.0350 3239.28
3.59E+09 0.0348 3237.6
3.60E+09 0.0345 3236.04
3.62E+09 0.0344 3234.38
3.64E+09 0.0342 3232.5
3.66E+09 0.0342 3230.79
3.68E+09 0.0337 3229.23
3.69E+09 0.0336 3227.77
3.71E+09 0.0334 3226.24
3.73E+09 0.0332 3224.79
3.74E+09 0.0335 3223.61
3.76E+09 0.0334 3222.1
3.78E+09 0.0329 3220.44
3.80E+09 0.0326 3218.69
3.82E+09 0.0328 3216.97
3.84E+09 0.0320 3214.99
3.86E+09 0.0318 3213.42
3.88E+09 0.0314 3211.89
3.89E+09 0.0316 3210.34
3.92E+09 0.0315 3208.52
3.94E+09 0.0316 3206.71
3.96E+09 0.0312 3204.94
3.98E+09 0.0308 3203.24
4.00E+09 0.0309 3201.56
4.02E+09 0.0306 3199.8
4.04E+09 0.0304 3197.97
4.07E+09 0.0304 3196.25
4.09E+09 0.0298 3194.61
4.11E+09 0.0298 3192.73
4.13E+09 0.0294 3190.91
4.16E+09 0.0296 3189.11
4.18E+09 0.0293 3187.41
4.20E+09 0.0296 3185.58
4.22E+09 0.0293 3183.71
4.25E+09 0.0288 3181.98
4.27E+09 0.0291 3180.21
4.29E+09 0.0290 3178.48
4.32E+09 0.0284 3176.69
4.34E+09 0.0282 3175.01
4.36E+09 0.0279 3173.24
4.39E+09 0.0279 3171.5
4.41E+09 0.0281 3169.68
4.43E+09 0.0280 3168.07
4.45E+09 0.0275 3166.33
4.48E+09 0.0275 3164.51
4.50E+09 0.0274 3163.05
4.52E+09 0.0277 3161.64
4.54E+09 0.0270 3160.13
4.56E+09 0.0273 3158.58
4.59E+09 0.0266 3156.82
4.61E+09 0.0267 3155.13
4.64E+09 0.0265 3153.28
4.66E+09 0.0264 3151.33
4.69E+09 0.0262 3149.59
4.71E+09 0.0261 3147.87
4.74E+09 0.0261 3146.35
4.76E+09 0.0258 3144.55
4.79E+09 0.0261 3142.81
4.81E+09 0.0257 3141.03
4.84E+09 0.0255 3139.23
4.86E+09 0.0251 3137.91
4.88E+09 0.0249 3136.39
4.90E+09 0.0253 3134.85
4.93E+09 0.0251 3133.26
4.95E+09 0.0248 3131.82
4.97E+09 0.0250 3130.4
5.00E+09 0.0253 3128.7
