0.00E+00 -0.8495 5974.75
1.52E+08 0.2621 5835.83
2.01E+08 0.2476 5786.7
2.42E+08 0.2376 5747.08
2.78E+08 0.2266 5713.65
3.07E+08 0.2141 5687.07
3.34E+08 0.2099 5664.02
3.60E+08 0.2011 5641.84
3.84E+08 0.2043 5621.98
4.10E+08 0.1932 5601.02
4.31E+08 0.1937 5584.21
4.52E+08 0.1877 5568.27
4.73E+08 0.1844 5552.33
4.92E+08 0.1804 5538.18
5.10E+08 0.1794 5524.45
5.30E+08 0.1728 5510.47
5.48E+08 0.1731 5497.74
5.65E+08 0.1722 5485.69
5.81E+08 0.1687 5474.05
5.95E+08 0.1764 5464.11
6.09E+08 0.1816 5454.35
6.15E+08 0.1986 5449.43
6.18E+08 0.2173 5447.34
6.21E+08 0.2783 5443.87
6.27E+08 0.2918 5437.17
6.49E+08 0.2864 5411.26
6.80E+08 0.2805 5375
7.05E+08 0.2766 5346.42
7.31E+08 0.2771 5317.31
7.59E+08 0.2546 5286.08
8.07E+08 0.2252 5238.6
8.59E+08 0.2086 5192.95
9.17E+08 0.1869 5145.62
9.84E+08 0.1795 5097.31
1.04E+09 0.2147 5054.11
1.08E+09 0.2029 5014.61
1.15E+09 0.2233 4952.27
1.22E+09 0.1889 4892.92
1.29E+09 0.2003 4844.2
1.34E+09 0.1724 4799.86
1.39E+09 0.1509 4772.62
1.40E+09 0.1389 4763.02
1.43E+09 0.1428 4749.52
1.45E+09 0.1310 4736.27
1.47E+09 0.1413 4724.45
1.49E+09 0.1252 4712.33
1.52E+09 0.1343 4700.48
1.54E+09 0.1184 4689.55
1.56E+09 0.1250 4680.38
1.57E+09 0.1146 4671.4
1.59E+09 0.1260 4662.03
1.61E+09 0.1077 4653.63
1.63E+09 0.1097 4645.34
1.65E+09 0.1173 4635.91
1.67E+09 0.1056 4624.82
1.70E+09 0.1105 4615.34
1.72E+09 0.1045 4606.81
1.74E+09 0.1044 4597.22
1.76E+09 0.0994 4588.58
1.78E+09 0.1013 4579.2
1.80E+09 0.0946 4569.71
1.83E+09 0.1042 4559.82
1.85E+09 0.0937 4550.76
1.87E+09 0.0926 4543.64
1.89E+09 0.0952 4535.56
1.91E+09 0.0917 4529.27
1.94E+09 0.0823 4518.72
1.96E+09 0.0888 4510.21
1.98E+09 0.0877 4502.51
2.01E+09 0.0841 4494.9
2.03E+09 0.0811 4485.88
2.06E+09 0.0793 4477.44
2.08E+09 0.0810 4470.56
2.10E+09 0.0751 4462.42
2.14E+09 0.0768 4452.87
2.16E+09 0.0738 4446.62
2.18E+09 0.0666 4440.4
2.20E+09 0.0735 4434.25
2.23E+09 0.0690 4426.75
2.26E+09 0.0651 4418.62
2.29E+09 0.0622 4410.54
2.32E+09 0.0683 4401.93
2.34E+09 0.0678 4395.57
2.37E+09 0.0582 4388.54
2.40E+09 0.0642 4381
2.43E+09 0.0565 4373.53
2.46E+09 0.0586 4365.11
2.50E+09 0.0536 4357.62
2.53E+09 0.0513 4351.12
2.56E+09 0.0532 4344.05
2.60E+09 0.0528 4335.65
2.63E+09 0.0494 4329.25
2.66E+09 0.0471 4322.72
2.70E+09 0.0456 4315.48
2.73E+09 0.0484 4308.56
2.77E+09 0.0425 4302.12
2.81E+09 0.0421 4295.83
2.84E+09 0.0413 4290.51
2.87E+09 0.0381 4284.52
2.91E+09 0.0402 4279.23
2.94E+09 0.0409 4273.13
2.98E+09 0.0363 4266.56
3.03E+09 0.0374 4260.18
3.06E+09 0.0332 4255.02
3.10E+09 0.0333 4249.77
3.14E+09 0.0338 4245.04
3.18E+09 0.0318 4239.2
3.22E+09 0.0296 4233.85
3.26E+09 0.0281 4229.02
3.31E+09 0.0281 4224.17
3.34E+09 0.0283 4219.45
3.39E+09 0.0248 4214.52
3.43E+09 0.0283 4210.23
3.47E+09 0.0251 4205.66
3.51E+09 0.0220 4201.49
3.56E+09 0.0259 4196.95
3.61E+09 0.0227 4192.32
3.65E+09 0.0227 4188.04
3.69E+09 0.0224 4184.28
3.74E+09 0.0208 4179.78
3.79E+09 0.0207 4175.55
3.84E+09 0.0199 4171.48
3.88E+09 0.0201 4167.88
3.94E+09 0.0189 4163.84
3.98E+09 0.0185 4160.04
4.03E+09 0.0185 4156.83
4.08E+09 0.0167 4153.17
4.13E+09 0.0170 4149.67
4.18E+09 0.0157 4146.17
4.23E+09 0.0159 4143.02
4.28E+09 0.0153 4139.9
4.32E+09 0.0164 4136.96
4.37E+09 0.0136 4133.9
4.43E+09 0.0155 4130.69
4.48E+09 0.0136 4127.67
4.53E+09 0.0130 4125.09
4.58E+09 0.0146 4121.92
4.64E+09 0.0119 4118.98
4.69E+09 0.0124 4116.45
4.74E+09 0.0129 4113.98
4.79E+09 0.0118 4111.13
4.85E+09 0.0117 4108.58
4.90E+09 0.0112 4106.13
4.95E+09 0.0119 4103.59
