0.00E+00 -0.6219 5343.5
1.86E+08 0.1592 5242.89
2.41E+08 0.1583 5209.55
2.83E+08 0.1630 5184.64
3.23E+08 0.1602 5162.28
3.56E+08 0.1556 5143.65
3.64E+08 0.1595 5139.3
3.66E+08 0.1724 5138.35
3.69E+08 0.1877 5135.81
3.77E+08 0.1980 5130.53
3.90E+08 0.2034 5121.04
4.05E+08 0.2288 5110.33
4.08E+08 0.2570 5107.38
4.39E+08 0.2183 5081.71
4.79E+08 0.2469 5048.69
5.08E+08 0.2494 5021.76
5.76E+08 0.2208 4965.26
6.50E+08 0.2039 4908.44
7.16E+08 0.1885 4862.03
7.71E+08 0.1744 4826.6
8.22E+08 0.1634 4796.11
8.62E+08 0.1689 4772.5
8.91E+08 0.1905 4753.53
9.30E+08 0.1675 4729.63
9.60E+08 0.1634 4711.41
9.86E+08 0.1842 4695.64
1.01E+09 0.1863 4679.26
1.04E+09 0.1777 4663.08
1.06E+09 0.1729 4645.14
1.09E+09 0.1665 4629.08
1.11E+09 0.1700 4615.44
1.14E+09 0.1589 4602.59
1.15E+09 0.1621 4593.03
1.17E+09 0.1507 4583.51
1.19E+09 0.1588 4574.76
1.20E+09 0.1525 4565.9
1.22E+09 0.1565 4556.68
1.24E+09 0.1480 4547.44
1.25E+09 0.1519 4539.34
1.27E+09 0.1476 4531.64
1.28E+09 0.1422 4523.29
1.29E+09 0.1486 4516.27
1.31E+09 0.1416 4509.18
1.32E+09 0.1336 4501.17
1.34E+09 0.1248 4494.31
1.35E+09 0.1326 4489.83
1.36E+09 0.1329 4483.41
1.38E+09 0.1384 4476.53
1.39E+09 0.1325 4469.78
1.40E+09 0.1273 4464.03
1.42E+09 0.1287 4458.43
1.43E+09 0.1328 4451.32
1.44E+09 0.1330 4445.43
1.46E+09 0.1227 4438.8
1.47E+09 0.1146 4433.97
1.48E+09 0.1316 4426.89
1.50E+09 0.1265 4420.49
1.51E+09 0.1163 4413.79
1.53E+09 0.1193 4407.98
1.54E+09 0.1258 4401.69
1.56E+09 0.1165 4394.17
1.57E+09 0.1155 4388.47
1.59E+09 0.1157 4382.62
1.60E+09 0.1161 4376.51
1.61E+09 0.1107 4371.46
1.63E+09 0.1096 4365.12
1.65E+09 0.1073 4358.95
1.66E+09 0.1022 4352.23
1.68E+09 0.1043 4347.63
1.69E+09 0.1080 4341.37
1.71E+09 0.1093 4335.62
1.72E+09 0.0989 4329.75
1.74E+09 0.1061 4323.19
1.76E+09 0.0978 4317.7
1.77E+09 0.1019 4311.69
1.79E+09 0.0954 4306.15
1.81E+09 0.0994 4300.34
1.82E+09 0.1002 4294.41
1.84E+09 0.1025 4287.36
1.86E+09 0.0995 4280.08
1.88E+09 0.1004 4272.08
1.91E+09 0.0988 4263.93
1.93E+09 0.0961 4255.91
1.95E+09 0.0949 4248.17
1.98E+09 0.0928 4240.38
2.00E+09 0.0924 4233.29
2.02E+09 0.0896 4225.23
2.05E+09 0.0888 4217.37
2.07E+09 0.0828 4209.84
2.09E+09 0.0765 4203.52
2.11E+09 0.0745 4198.79
2.13E+09 0.0818 4193.49
2.15E+09 0.0711 4188.86
2.17E+09 0.0787 4183.16
2.19E+09 0.0769 4177.64
2.21E+09 0.0708 4171.38
2.23E+09 0.0710 4166.38
2.25E+09 0.0783 4160.8
2.27E+09 0.0769 4155.07
2.29E+09 0.0712 4150.03
2.31E+09 0.0667 4145.26
2.33E+09 0.0758 4140.14
2.36E+09 0.0683 4134.04
2.38E+09 0.0645 4128.56
2.40E+09 0.0682 4122.77
2.43E+09 0.0641 4116.97
2.45E+09 0.0637 4111.07
2.48E+09 0.0666 4104.38
2.51E+09 0.0640 4098.43
2.53E+09 0.0647 4092.77
2.56E+09 0.0643 4085.98
2.59E+09 0.0624 4079.41
2.62E+09 0.0610 4073.86
2.64E+09 0.0566 4068.41
2.67E+09 0.0573 4063.69
2.69E+09 0.0547 4058.35
2.72E+09 0.0532 4052.9
2.75E+09 0.0522 4047.2
2.78E+09 0.0550 4041.35
2.81E+09 0.0569 4034.9
2.84E+09 0.0538 4029.25
2.87E+09 0.0485 4024.29
2.90E+09 0.0485 4019.16
2.93E+09 0.0452 4014.27
2.95E+09 0.0467 4009.91
2.98E+09 0.0487 4005.78
3.01E+09 0.0504 4000.64
3.04E+09 0.0491 3994.52
3.08E+09 0.0462 3988.7
3.10E+09 0.0428 3984.56
3.13E+09 0.0397 3980.66
3.15E+09 0.0393 3977.07
3.18E+09 0.0346 3973.36
3.21E+09 0.0441 3969.56
3.23E+09 0.0362 3966.08
3.26E+09 0.0395 3962.29
3.29E+09 0.0361 3959
3.32E+09 0.0368 3955.28
3.34E+09 0.0311 3951.66
3.37E+09 0.0370 3948.16
3.40E+09 0.0384 3944.55
3.43E+09 0.0335 3940.15
3.46E+09 0.0355 3937.07
3.49E+09 0.0309 3933.67
3.52E+09 0.0359 3930.06
3.55E+09 0.0333 3926.02
3.58E+09 0.0337 3922.39
3.61E+09 0.0323 3918.63
3.64E+09 0.0321 3915.23
3.68E+09 0.0320 3911.46
3.71E+09 0.0303 3907.85
3.74E+09 0.0326 3904.33
3.77E+09 0.0285 3901.41
3.80E+09 0.0265 3898.21
3.83E+09 0.0297 3895.19
3.86E+09 0.0298 3892.23
3.89E+09 0.0271 3888.91
3.92E+09 0.0317 3885.63
3.96E+09 0.0270 3881.9
3.99E+09 0.0263 3878.66
4.03E+09 0.0256 3875.4
4.06E+09 0.0298 3872.43
4.09E+09 0.0250 3869.03
4.12E+09 0.0237 3866.22
4.16E+09 0.0248 3863.33
4.19E+09 0.0232 3860.65
4.22E+09 0.0252 3857.83
4.26E+09 0.0214 3854.88
4.29E+09 0.0235 3851.96
4.33E+09 0.0216 3848.99
4.36E+09 0.0232 3846.39
4.40E+09 0.0233 3843.21
4.44E+09 0.0225 3840.25
4.47E+09 0.0243 3837.52
4.50E+09 0.0209 3834.7
4.54E+09 0.0199 3831.98
4.57E+09 0.0212 3829.54
4.61E+09 0.0217 3827.05
4.64E+09 0.0211 3824.49
4.67E+09 0.0199 3821.94
4.71E+09 0.0191 3819.55
4.74E+09 0.0188 3817.02
4.78E+09 0.0209 3814.63
4.81E+09 0.0211 3812.06
4.85E+09 0.0180 3809.46
4.89E+09 0.0186 3807.14
4.93E+09 0.0190 3804.53
4.96E+09 0.0196 3801.93
5.00E+09 0.0196 3799.4
