0.00E+00 -0.4664 4778.71
3.34E+07 0.2850 4761.39
4.27E+07 0.3307 4752
5.48E+07 0.3396 4738.63
6.56E+07 0.3261 4727.12
8.37E+07 0.3144 4708.46
1.09E+08 0.3114 4682.27
1.38E+08 0.3077 4654.33
1.69E+08 0.3319 4621.29
2.06E+08 0.3139 4582.52
2.39E+08 0.3152 4548.79
2.59E+08 0.3010 4528.61
2.75E+08 0.2955 4513.06
2.86E+08 0.2904 4502.15
2.99E+08 0.2815 4490.84
3.09E+08 0.2749 4481.09
3.18E+08 0.2745 4473.18
3.28E+08 0.2696 4464.26
3.38E+08 0.2703 4456.33
3.51E+08 0.2650 4444.8
3.61E+08 0.2576 4436.55
3.71E+08 0.2571 4428.15
3.80E+08 0.2514 4420.76
3.88E+08 0.2497 4414.17
3.96E+08 0.2469 4407.65
4.04E+08 0.2460 4401.28
4.12E+08 0.2394 4394.58
4.20E+08 0.2312 4388.49
4.29E+08 0.2352 4381.88
4.40E+08 0.2342 4373
4.51E+08 0.2292 4365.09
4.59E+08 0.2244 4359.51
4.68E+08 0.2239 4352.59
4.80E+08 0.2192 4344.42
4.88E+08 0.2156 4338.34
4.98E+08 0.2121 4331.5
5.07E+08 0.2077 4325.52
5.17E+08 0.2044 4318.61
5.27E+08 0.2015 4312.07
5.35E+08 0.1992 4306.92
5.43E+08 0.1965 4301.62
5.53E+08 0.1931 4295.45
5.63E+08 0.1908 4288.86
5.72E+08 0.1885 4283.56
5.83E+08 0.1844 4277.13
5.94E+08 0.1828 4270.45
6.05E+08 0.1778 4263.7
6.15E+08 0.1753 4258.21
6.27E+08 0.1732 4251.58
6.39E+08 0.1700 4244.64
6.51E+08 0.1660 4237.96
6.63E+08 0.1632 4231.94
6.75E+08 0.1591 4225.6
6.86E+08 0.1568 4219.76
6.97E+08 0.1528 4214.42
7.06E+08 0.1510 4209.94
7.18E+08 0.1495 4204.08
7.28E+08 0.1468 4198.97
7.38E+08 0.1435 4194.36
7.48E+08 0.1436 4189.57
7.58E+08 0.1384 4184.98
7.69E+08 0.1393 4180.34
7.79E+08 0.1378 4175.49
7.88E+08 0.1373 4171.38
7.99E+08 0.1351 4166.84
8.07E+08 0.1334 4163.29
8.14E+08 0.1337 4159.96
8.24E+08 0.1319 4155.89
8.33E+08 0.1320 4152.2
8.41E+08 0.1300 4148.52
8.51E+08 0.1307 4144.28
8.60E+08 0.1275 4140.58
8.69E+08 0.1261 4136.99
8.77E+08 0.1274 4133.58
8.85E+08 0.1274 4130.04
8.94E+08 0.1250 4126.48
9.02E+08 0.1238 4123.24
9.11E+08 0.1245 4119.75
9.20E+08 0.1230 4115.93
9.29E+08 0.1225 4112.57
9.38E+08 0.1221 4108.99
9.47E+08 0.1230 4105.41
9.55E+08 0.1207 4102.13
9.65E+08 0.1206 4098.27
9.74E+08 0.1192 4094.58
9.84E+08 0.1191 4090.92
9.93E+08 0.1171 4087.36
1.00E+09 0.1167 4084.33
1.01E+09 0.1169 4080.59
1.02E+09 0.1162 4077.29
1.03E+09 0.1170 4073.75
1.04E+09 0.1150 4069.59
1.05E+09 0.1147 4065.96
1.06E+09 0.1127 4062.47
1.07E+09 0.1141 4058.57
1.08E+09 0.1118 4054.49
1.09E+09 0.1125 4050.93
1.10E+09 0.1125 4047.59
1.11E+09 0.1121 4043.5
1.12E+09 0.1109 4040.29
1.13E+09 0.1119 4036.28
1.14E+09 0.1102 4033.05
1.15E+09 0.1083 4028.89
1.16E+09 0.1084 4025.01
1.17E+09 0.1082 4020.69
1.18E+09 0.1085 4017.22
1.20E+09 0.1076 4013.41
1.21E+09 0.1070 4009.64
1.22E+09 0.1056 4005.61
1.23E+09 0.1057 4002.26
1.24E+09 0.1063 3998.79
1.25E+09 0.1047 3994.97
1.26E+09 0.1050 3990.77
1.27E+09 0.1039 3987.23
1.28E+09 0.1034 3983.79
1.29E+09 0.1017 3979.75
1.30E+09 0.1018 3976.22
1.32E+09 0.0998 3972.45
1.33E+09 0.1001 3968.52
1.34E+09 0.0993 3964.31
1.35E+09 0.1003 3960.63
1.36E+09 0.0997 3956.91
1.38E+09 0.0984 3952.79
1.39E+09 0.0967 3949.57
1.40E+09 0.0962 3945.83
1.41E+09 0.0964 3942.08
1.42E+09 0.0957 3938.23
1.43E+09 0.0957 3934.59
1.45E+09 0.0946 3930.87
1.46E+09 0.0935 3927.17
1.47E+09 0.0926 3923.76
1.48E+09 0.0936 3920.07
1.50E+09 0.0934 3916.03
1.51E+09 0.0912 3912.48
1.52E+09 0.0909 3908.99
1.53E+09 0.0908 3904.68
1.55E+09 0.0895 3900.73
1.56E+09 0.0890 3897.03
1.57E+09 0.0882 3893.39
1.59E+09 0.0874 3889.56
1.60E+09 0.0864 3885.54
1.61E+09 0.0869 3881.68
1.63E+09 0.0864 3877.85
1.64E+09 0.0856 3874.01
1.65E+09 0.0843 3870.68
1.67E+09 0.0834 3867.01
1.68E+09 0.0845 3863.62
1.69E+09 0.0832 3859.64
1.71E+09 0.0811 3855.97
1.72E+09 0.0810 3851.95
1.74E+09 0.0810 3847.78
1.75E+09 0.0794 3843.99
1.77E+09 0.0787 3840.64
1.78E+09 0.0778 3836.78
1.80E+09 0.0778 3833.38
1.81E+09 0.0774 3829.23
1.83E+09 0.0766 3825.2
1.84E+09 0.0764 3821.35
1.86E+09 0.0754 3816.86
1.88E+09 0.0747 3813.45
1.89E+09 0.0733 3810.11
1.91E+09 0.0738 3806.37
1.92E+09 0.0723 3802.37
1.94E+09 0.0723 3798.5
1.95E+09 0.0716 3795.06
1.97E+09 0.0710 3791.51
1.98E+09 0.0698 3787.88
2.00E+09 0.0704 3784.61
2.02E+09 0.0691 3780.82
2.03E+09 0.0675 3777.54
2.05E+09 0.0681 3773.94
2.06E+09 0.0672 3770.13
2.08E+09 0.0666 3766.23
2.10E+09 0.0660 3762.57
2.12E+09 0.0655 3759.08
2.13E+09 0.0646 3755.83
2.15E+09 0.0636 3752.49
2.16E+09 0.0643 3749.03
2.18E+09 0.0637 3745.32
2.20E+09 0.0622 3741.53
2.22E+09 0.0624 3738.01
2.23E+09 0.0610 3734.56
2.25E+09 0.0601 3730.79
2.27E+09 0.0598 3727.73
2.29E+09 0.0592 3724.46
2.30E+09 0.0585 3721.22
2.32E+09 0.0589 3717.75
2.34E+09 0.0577 3713.7
2.36E+09 0.0575 3710.01
2.38E+09 0.0568 3707.41
2.40E+09 0.0562 3704
2.41E+09 0.0555 3700.52
2.43E+09 0.0549 3697.49
2.45E+09 0.0544 3694.52
2.46E+09 0.0543 3691.77
2.48E+09 0.0540 3688.6
2.50E+09 0.0534 3685.04
2.52E+09 0.0529 3681.57
2.54E+09 0.0520 3678.17
2.56E+09 0.0514 3674.41
2.58E+09 0.0507 3671.44
2.60E+09 0.0502 3668.3
2.62E+09 0.0505 3664.85
2.64E+09 0.0498 3661.33
2.66E+09 0.0498 3658.71
2.68E+09 0.0484 3655.48
2.70E+09 0.0483 3652.31
2.72E+09 0.0473 3648.92
2.74E+09 0.0473 3645.75
2.76E+09 0.0461 3642.56
2.79E+09 0.0465 3639.43
2.80E+09 0.0458 3636.69
2.82E+09 0.0461 3633.74
2.84E+09 0.0451 3630.65
2.86E+09 0.0440 3627.72
2.89E+09 0.0443 3624.59
2.91E+09 0.0438 3621.04
2.94E+09 0.0431 3617.62
2.96E+09 0.0422 3614.76
2.98E+09 0.0419 3611.15
3.00E+09 0.0413 3608.27
3.03E+09 0.0410 3604.95
3.05E+09 0.0414 3601.98
3.07E+09 0.0399 3598.89
3.10E+09 0.0406 3595.96
3.12E+09 0.0395 3593.49
3.13E+09 0.0393 3591.3
3.16E+09 0.0392 3588.49
3.18E+09 0.0386 3585.41
3.21E+09 0.0389 3582.19
3.23E+09 0.0379 3579.43
3.25E+09 0.0377 3576.67
3.28E+09 0.0371 3573.57
3.30E+09 0.0361 3570.64
3.32E+09 0.0360 3568.21
3.35E+09 0.0363 3565.49
3.37E+09 0.0358 3562.83
3.39E+09 0.0353 3559.74
3.42E+09 0.0345 3557.04
3.44E+09 0.0334 3554.76
3.46E+09 0.0336 3552.43
3.48E+09 0.0337 3550.01
3.50E+09 0.0333 3547.77
3.53E+09 0.0330 3545.05
3.55E+09 0.0329 3542.24
3.58E+09 0.0320 3539.26
3.61E+09 0.0324 3536.5
3.63E+09 0.0315 3533.87
3.66E+09 0.0319 3531.13
3.69E+09 0.0307 3528.29
3.72E+09 0.0308 3525.6
3.74E+09 0.0299 3522.96
3.77E+09 0.0290 3520.61
3.80E+09 0.0293 3517.67
3.83E+09 0.0288 3515.04
3.85E+09 0.0287 3512.65
3.88E+09 0.0284 3510.31
3.91E+09 0.0275 3507.51
3.93E+09 0.0277 3504.91
3.96E+09 0.0277 3502.55
3.99E+09 0.0269 3500.17
4.01E+09 0.0262 3497.79
4.04E+09 0.0270 3495.67
4.07E+09 0.0266 3493.2
4.09E+09 0.0263 3490.92
4.12E+09 0.0258 3488.62
4.15E+09 0.0254 3485.94
4.18E+09 0.0257 3483.49
4.21E+09 0.0250 3481.09
4.24E+09 0.0246 3478.56
4.28E+09 0.0243 3476
4.31E+09 0.0237 3473.5
4.34E+09 0.0237 3470.99
4.37E+09 0.0232 3468.53
4.40E+09 0.0231 3466.24
4.43E+09 0.0228 3464.07
4.46E+09 0.0227 3461.89
4.49E+09 0.0218 3459.98
4.52E+09 0.0217 3457.77
4.56E+09 0.0215 3455.13
4.59E+09 0.0216 3452.95
4.62E+09 0.0215 3450.87
4.65E+09 0.0208 3448.83
4.68E+09 0.0210 3446.14
4.72E+09 0.0206 3443.71
4.76E+09 0.0201 3441.42
4.79E+09 0.0202 3438.97
4.83E+09 0.0194 3436.36
4.87E+09 0.0199 3434
4.91E+09 0.0194 3431.56
4.95E+09 0.0195 3429.08
4.98E+09 0.0192 3426.69
