0.00E+00 -1.0555 6837.95
1.17E+08 0.3873 6695.62
1.61E+08 0.3628 6634.76
1.93E+08 0.3575 6590.73
2.20E+08 0.3472 6555.02
2.46E+08 0.3274 6521.97
2.67E+08 0.3284 6495.82
2.90E+08 0.3151 6467.84
3.08E+08 0.3209 6446.36
3.28E+08 0.3043 6421.95
3.45E+08 0.3076 6403.14
3.61E+08 0.2971 6384.58
3.77E+08 0.2928 6367.05
3.90E+08 0.2927 6352.02
4.05E+08 0.2871 6335.94
4.20E+08 0.2824 6319.67
4.33E+08 0.2835 6306.23
4.48E+08 0.2790 6289.78
4.63E+08 0.2738 6274.83
4.76E+08 0.2716 6261.54
4.89E+08 0.2742 6247.71
5.02E+08 0.2686 6234.16
5.14E+08 0.2648 6222.59
5.26E+08 0.2658 6210.23
5.39E+08 0.2687 6197.55
5.51E+08 0.2598 6185.6
5.61E+08 0.2632 6175.33
5.70E+08 0.2646 6165.84
5.80E+08 0.2657 6155.97
5.89E+08 0.2762 6146.74
5.92E+08 0.3069 6143.29
5.95E+08 0.3330 6139.59
5.99E+08 0.3591 6134.99
6.03E+08 0.4199 6129.18
6.16E+08 0.4196 6108.58
6.36E+08 0.4186 6076.66
6.57E+08 0.4209 6042.74
6.75E+08 0.4241 6014.36
6.93E+08 0.4278 5985.35
7.07E+08 0.4435 5963.05
7.32E+08 0.3964 5923.41
7.64E+08 0.3691 5876.94
8.05E+08 0.3379 5822.93
8.50E+08 0.3108 5767.78
8.98E+08 0.2780 5713.76
9.46E+08 0.2880 5664.44
9.80E+08 0.3285 5624.06
1.01E+09 0.3355 5587.34
1.03E+09 0.3585 5555.15
1.07E+09 0.3396 5513.14
1.13E+09 0.3100 5436.57
1.18E+09 0.3135 5377
1.23E+09 0.2990 5317.12
1.25E+09 0.2773 5296.15
1.26E+09 0.2532 5285.69
1.28E+09 0.2519 5272.17
1.29E+09 0.2528 5261.27
1.30E+09 0.2496 5247.14
1.31E+09 0.2484 5235.48
1.33E+09 0.2586 5221.11
1.35E+09 0.2462 5205.92
1.36E+09 0.2454 5191.11
1.38E+09 0.2517 5177.6
1.39E+09 0.2378 5166.62
1.40E+09 0.2408 5152.15
1.42E+09 0.2326 5137.51
1.44E+09 0.2326 5124.64
1.45E+09 0.2340 5112.09
1.47E+09 0.2125 5098.69
1.48E+09 0.2149 5089.77
1.49E+09 0.2249 5076.95
1.51E+09 0.2187 5062.78
1.52E+09 0.2185 5049.98
1.54E+09 0.2132 5037.69
1.56E+09 0.2013 5023.87
1.57E+09 0.2058 5010.77
1.59E+09 0.2038 4997.48
1.61E+09 0.2125 4986.67
1.62E+09 0.2048 4973.11
1.64E+09 0.1861 4962.79
1.66E+09 0.2016 4949.43
1.67E+09 0.1846 4937.22
1.69E+09 0.1961 4923.77
1.71E+09 0.1763 4910.93
1.73E+09 0.1846 4898.62
1.74E+09 0.1879 4888.37
1.75E+09 0.1755 4879.75
1.77E+09 0.1776 4866.21
1.80E+09 0.1689 4850.66
1.82E+09 0.1689 4839.67
1.83E+09 0.1569 4827.84
1.85E+09 0.1713 4818.76
1.87E+09 0.1611 4808.33
1.89E+09 0.1515 4795.63
1.90E+09 0.1628 4785.96
1.93E+09 0.1485 4773.24
1.95E+09 0.1571 4761.44
1.96E+09 0.1448 4750.67
1.98E+09 0.1502 4740.25
2.00E+09 0.1403 4731.26
2.02E+09 0.1478 4719.7
2.04E+09 0.1368 4707.17
2.07E+09 0.1412 4694.61
2.09E+09 0.1343 4683.51
2.11E+09 0.1286 4673.39
2.13E+09 0.1325 4665.08
2.15E+09 0.1215 4654.64
2.17E+09 0.1250 4644.92
2.19E+09 0.1174 4634.5
2.21E+09 0.1270 4625.71
2.23E+09 0.1184 4614.85
2.26E+09 0.1225 4604.02
2.28E+09 0.1083 4592.72
2.31E+09 0.1117 4581.82
2.33E+09 0.1047 4573.58
2.36E+09 0.1086 4563.31
2.37E+09 0.1043 4555.79
2.40E+09 0.1091 4546.01
2.43E+09 0.1027 4534.97
2.45E+09 0.0960 4525.62
2.48E+09 0.0936 4517.03
2.49E+09 0.0898 4510.26
2.52E+09 0.1026 4499.89
2.55E+09 0.0953 4490.43
2.58E+09 0.0939 4479.51
2.61E+09 0.0830 4469.5
2.64E+09 0.0840 4461.21
2.66E+09 0.0845 4453.12
2.69E+09 0.0856 4444.24
2.72E+09 0.0843 4434.19
2.75E+09 0.0775 4424.45
2.78E+09 0.0720 4417.5
2.80E+09 0.0868 4409.14
2.83E+09 0.0756 4401.18
2.87E+09 0.0736 4391.72
2.90E+09 0.0731 4382.74
2.93E+09 0.0710 4373.04
2.97E+09 0.0658 4363.64
3.00E+09 0.0615 4356.64
3.03E+09 0.0674 4348.22
3.06E+09 0.0614 4341.66
3.09E+09 0.0552 4335.29
3.12E+09 0.0644 4328.08
3.15E+09 0.0573 4321.34
3.18E+09 0.0531 4314.99
3.21E+09 0.0552 4308.2
3.24E+09 0.0464 4302.42
3.28E+09 0.0551 4295.52
3.31E+09 0.0539 4289.75
3.34E+09 0.0511 4282.91
3.37E+09 0.0473 4277.15
3.41E+09 0.0435 4270.86
3.44E+09 0.0468 4266.14
3.48E+09 0.0436 4259.44
3.52E+09 0.0483 4253.22
3.54E+09 0.0435 4248.04
3.59E+09 0.0433 4241.07
3.62E+09 0.0442 4236.1
3.65E+09 0.0385 4230.55
3.69E+09 0.0458 4224.88
3.73E+09 0.0392 4219.12
3.77E+09 0.0400 4212.18
3.81E+09 0.0341 4206.95
3.85E+09 0.0415 4201.13
3.89E+09 0.0364 4195.5
3.93E+09 0.0307 4190.48
3.97E+09 0.0351 4184.97
4.01E+09 0.0346 4180.58
4.06E+09 0.0329 4174.39
4.10E+09 0.0309 4169.31
4.15E+09 0.0327 4163.47
4.19E+09 0.0270 4158.19
4.24E+09 0.0288 4153.22
4.28E+09 0.0287 4148.68
4.34E+09 0.0255 4143.43
4.38E+09 0.0268 4139.26
4.43E+09 0.0285 4133.63
4.48E+09 0.0258 4128.93
4.53E+09 0.0213 4124.57
4.57E+09 0.0266 4120.66
4.62E+09 0.0214 4116.11
4.67E+09 0.0242 4111.98
4.72E+09 0.0222 4107.84
4.77E+09 0.0242 4103.51
4.82E+09 0.0198 4099.5
4.88E+09 0.0210 4095.29
4.92E+09 0.0203 4091.49
4.98E+09 0.0220 4087.24
