0.00E+00 -0.8025 5774.09
1.74E+08 0.2248 5624.24
2.35E+08 0.2026 5567.32
2.84E+08 0.1942 5524.19
3.23E+08 0.1917 5491.47
3.61E+08 0.1829 5461.31
3.91E+08 0.1720 5437.38
4.21E+08 0.1693 5415.05
4.53E+08 0.1610 5391.84
4.79E+08 0.1626 5373.51
5.08E+08 0.1537 5353.11
5.30E+08 0.1522 5338.34
5.52E+08 0.1456 5324.47
5.74E+08 0.1446 5310.29
5.94E+08 0.1431 5297.45
6.15E+08 0.1415 5284.73
6.34E+08 0.1390 5273.24
6.53E+08 0.1403 5261.51
6.69E+08 0.1445 5251.24
6.83E+08 0.1555 5242.16
6.93E+08 0.1896 5234.73
7.00E+08 0.2616 5227.96
7.06E+08 0.2725 5221.56
7.13E+08 0.2591 5212.83
7.37E+08 0.2385 5187.11
7.57E+08 0.2243 5166.63
7.97E+08 0.2296 5128.11
8.19E+08 0.2065 5106.89
8.61E+08 0.2146 5069.08
8.86E+08 0.1837 5045.9
9.40E+08 0.1671 5004.44
1.00E+09 0.1430 4962.85
1.08E+09 0.1337 4916.91
1.15E+09 0.1899 4868.82
1.23E+09 0.1813 4804.11
1.33E+09 0.1579 4731.83
1.40E+09 0.1398 4684.89
1.47E+09 0.1241 4647.61
1.51E+09 0.1142 4626.45
1.54E+09 0.1074 4610.6
1.56E+09 0.1030 4602.65
1.59E+09 0.0980 4589.58
1.62E+09 0.0904 4577.34
1.64E+09 0.0876 4566.31
1.67E+09 0.0908 4557.8
1.69E+09 0.0840 4548.22
1.71E+09 0.0822 4540.13
1.73E+09 0.0754 4533.88
1.76E+09 0.0811 4524.85
1.78E+09 0.0774 4515.9
1.81E+09 0.0735 4508.07
1.83E+09 0.0716 4499.74
1.86E+09 0.0759 4492.83
1.89E+09 0.0675 4483.11
1.91E+09 0.0720 4476.79
1.94E+09 0.0649 4468.05
1.96E+09 0.0677 4460.66
1.98E+09 0.0663 4454.15
2.01E+09 0.0628 4445.85
2.04E+09 0.0643 4437.84
2.07E+09 0.0636 4430.51
2.10E+09 0.0558 4423.33
2.12E+09 0.0613 4416.07
2.16E+09 0.0568 4407.32
2.19E+09 0.0565 4400.04
2.22E+09 0.0565 4392.57
2.24E+09 0.0516 4386.4
2.27E+09 0.0519 4379.66
2.30E+09 0.0503 4373.56
2.34E+09 0.0484 4365.82
2.37E+09 0.0473 4359.65
2.40E+09 0.0473 4352.96
2.43E+09 0.0465 4346.22
2.47E+09 0.0410 4338.86
2.50E+09 0.0384 4332.64
2.54E+09 0.0409 4326.61
2.57E+09 0.0401 4321.39
2.60E+09 0.0394 4315.34
2.64E+09 0.0345 4308.66
2.68E+09 0.0385 4303.2
2.71E+09 0.0328 4297.93
2.75E+09 0.0346 4291.94
2.80E+09 0.0341 4285.24
2.84E+09 0.0333 4279.04
2.88E+09 0.0279 4274.28
2.92E+09 0.0326 4269.09
2.96E+09 0.0263 4263.28
3.01E+09 0.0300 4257.54
3.05E+09 0.0247 4252.28
3.10E+09 0.0244 4246.96
3.14E+09 0.0282 4241.9
3.19E+09 0.0249 4236.74
3.24E+09 0.0222 4231.84
3.28E+09 0.0234 4227.31
3.33E+09 0.0185 4223.12
3.38E+09 0.0201 4218.73
3.41E+09 0.0199 4215.74
3.47E+09 0.0193 4211.12
3.52E+09 0.0175 4206.9
3.57E+09 0.0188 4202.53
3.62E+09 0.0168 4198.78
3.67E+09 0.0168 4195.17
3.72E+09 0.0145 4191.49
3.78E+09 0.0149 4188.03
3.84E+09 0.0152 4184.1
3.89E+09 0.0148 4180.83
3.95E+09 0.0144 4176.93
4.01E+09 0.0132 4173.28
4.07E+09 0.0130 4169.84
4.12E+09 0.0133 4166.68
4.17E+09 0.0129 4163.89
4.23E+09 0.0118 4160.56
4.29E+09 0.0120 4157.67
4.35E+09 0.0122 4154.62
4.42E+09 0.0099 4151.3
4.48E+09 0.0122 4148.43
4.54E+09 0.0107 4145.34
4.60E+09 0.0102 4142.53
4.66E+09 0.0105 4139.81
4.73E+09 0.0097 4136.83
4.80E+09 0.0088 4134.02
4.87E+09 0.0089 4131.25
4.94E+09 0.0097 4128.19
