0.00E+00 -0.9227 6340.7
1.83E+08 0.2413 6087.03
2.66E+08 0.2293 5969.52
3.30E+08 0.2130 5883.81
3.91E+08 0.1974 5806.72
4.55E+08 0.1836 5730.56
5.04E+08 0.1759 5673.72
5.51E+08 0.1691 5623.19
5.91E+08 0.1604 5583.11
6.26E+08 0.1526 5548.22
6.59E+08 0.1490 5517.82
6.90E+08 0.1407 5489.97
7.21E+08 0.1393 5462.77
7.53E+08 0.1372 5435.71
7.89E+08 0.1318 5405.11
8.21E+08 0.1306 5378.99
8.50E+08 0.1312 5356.13
8.86E+08 0.1261 5327.57
9.19E+08 0.1266 5301.88
9.49E+08 0.1281 5278.27
9.76E+08 0.1383 5256.11
9.85E+08 0.2187 5247.52
9.92E+08 0.2462 5236.47
1.02E+09 0.1914 5202.44
1.11E+09 0.1512 5109.16
1.22E+09 0.1463 5006.8
1.32E+09 0.1220 4917.69
1.48E+09 0.0924 4807.72
1.65E+09 0.1094 4708.54
1.84E+09 0.0819 4599.21
1.97E+09 0.0685 4537.87
2.06E+09 0.0626 4504.09
2.15E+09 0.0674 4466.8
2.22E+09 0.0587 4439.26
2.29E+09 0.0487 4414.66
2.34E+09 0.0491 4398.98
2.39E+09 0.0457 4384.01
2.44E+09 0.0503 4372.64
2.47E+09 0.0387 4363.93
2.52E+09 0.0335 4353.11
2.56E+09 0.0382 4343.51
2.59E+09 0.0455 4334.21
2.63E+09 0.0330 4325.15
2.68E+09 0.0269 4315.92
2.73E+09 0.0422 4306.81
2.76E+09 0.0350 4298.39
2.81E+09 0.0289 4289.36
2.85E+09 0.0352 4281.86
2.89E+09 0.0296 4273.71
2.94E+09 0.0275 4265.28
2.99E+09 0.0322 4256.52
3.03E+09 0.0290 4247.87
3.08E+09 0.0236 4239.57
3.13E+09 0.0249 4232.44
3.17E+09 0.0291 4225.98
3.22E+09 0.0240 4217.73
3.27E+09 0.0241 4210.34
3.33E+09 0.0196 4202.73
3.39E+09 0.0220 4195.28
3.43E+09 0.0238 4188.29
3.49E+09 0.0191 4180.9
3.55E+09 0.0189 4174
3.60E+09 0.0204 4167.75
3.66E+09 0.0165 4161.28
3.72E+09 0.0165 4155.34
3.77E+09 0.0167 4150.05
3.83E+09 0.0163 4143.74
3.89E+09 0.0161 4137.74
3.95E+09 0.0147 4131.97
4.01E+09 0.0151 4126.42
4.07E+09 0.0133 4121.17
4.14E+09 0.0127 4115.8
4.20E+09 0.0123 4110.74
4.27E+09 0.0121 4105.76
4.34E+09 0.0112 4100.78
4.41E+09 0.0112 4096.06
4.47E+09 0.0110 4091.46
4.54E+09 0.0094 4086.94
4.62E+09 0.0091 4082.53
4.70E+09 0.0098 4078.12
4.78E+09 0.0080 4073.8
4.85E+09 0.0080 4070.01
4.93E+09 0.0094 4066.05
5.00E+09 0.0083 4062.06
