0.00E+00 -0.2367 3686.46
4.59E+07 0.1467 3676.61
7.01E+07 0.1574 3663.33
1.13E+08 0.1556 3639.91
1.58E+08 0.1583 3616.55
2.17E+08 0.1517 3584.84
2.65E+08 0.1411 3560.54
2.92E+08 0.1350 3547.42
3.16E+08 0.1303 3536.37
3.40E+08 0.1212 3526.12
3.59E+08 0.1192 3518.2
3.78E+08 0.1171 3510.18
3.96E+08 0.1147 3502.94
4.16E+08 0.1104 3495.34
4.31E+08 0.1073 3489.61
4.49E+08 0.1061 3482.76
4.64E+08 0.1030 3477.31
4.81E+08 0.0981 3471.69
4.93E+08 0.0976 3467.36
5.07E+08 0.0965 3462.72
5.21E+08 0.0925 3458.22
5.36E+08 0.0902 3453.31
5.49E+08 0.0888 3449.41
5.63E+08 0.0863 3445.12
5.76E+08 0.0854 3441.05
5.92E+08 0.0835 3436.64
6.07E+08 0.0803 3432.36
6.22E+08 0.0785 3428.18
6.37E+08 0.0762 3423.97
6.55E+08 0.0736 3419.28
6.73E+08 0.0717 3414.85
6.91E+08 0.0692 3410.29
7.06E+08 0.0673 3406.75
7.22E+08 0.0655 3403.24
7.41E+08 0.0632 3399.02
7.57E+08 0.0610 3395.43
7.76E+08 0.0589 3391.65
7.95E+08 0.0566 3387.83
8.18E+08 0.0545 3383.23
8.34E+08 0.0530 3380.31
8.55E+08 0.0504 3376.61
8.78E+08 0.0488 3372.62
9.02E+08 0.0463 3368.69
9.26E+08 0.0442 3364.9
9.52E+08 0.0417 3360.97
9.76E+08 0.0404 3357.52
1.00E+09 0.0376 3353.7
1.02E+09 0.0372 3351.04
1.05E+09 0.0357 3348.35
1.07E+09 0.0350 3345.65
1.09E+09 0.0343 3342.96
1.11E+09 0.0337 3340.47
1.13E+09 0.0331 3337.93
1.16E+09 0.0327 3335.32
1.18E+09 0.0327 3332.99
1.20E+09 0.0326 3330.73
1.21E+09 0.0325 3328.71
1.23E+09 0.0324 3326.47
1.25E+09 0.0320 3324.24
1.27E+09 0.0313 3322.12
1.29E+09 0.0317 3319.76
1.32E+09 0.0314 3317.03
1.34E+09 0.0311 3314.61
1.36E+09 0.0312 3312.21
1.39E+09 0.0305 3309.74
1.41E+09 0.0302 3307.58
1.43E+09 0.0305 3305.21
1.45E+09 0.0298 3302.72
1.48E+09 0.0294 3300.31
1.50E+09 0.0297 3297.93
1.52E+09 0.0294 3295.41
1.55E+09 0.0291 3293.02
1.57E+09 0.0294 3290.83
1.59E+09 0.0290 3288.43
1.62E+09 0.0287 3285.97
1.64E+09 0.0286 3283.57
1.67E+09 0.0285 3281.17
1.69E+09 0.0277 3278.45
1.72E+09 0.0278 3276.13
1.74E+09 0.0276 3273.73
1.77E+09 0.0275 3271.51
1.79E+09 0.0279 3269.31
1.81E+09 0.0275 3267.13
1.83E+09 0.0278 3264.79
1.86E+09 0.0270 3262.44
1.88E+09 0.0270 3260.19
1.91E+09 0.0269 3258.05
1.93E+09 0.0263 3255.83
1.95E+09 0.0264 3253.85
1.98E+09 0.0256 3251.46
2.00E+09 0.0258 3249.43
2.03E+09 0.0258 3247.07
2.05E+09 0.0256 3244.76
2.08E+09 0.0256 3242.35
2.10E+09 0.0256 3240.17
2.13E+09 0.0250 3237.86
2.16E+09 0.0250 3235.36
2.19E+09 0.0244 3232.96
2.22E+09 0.0242 3230.55
2.24E+09 0.0240 3228.08
2.27E+09 0.0238 3225.84
2.30E+09 0.0237 3223.63
2.33E+09 0.0237 3221.28
2.36E+09 0.0231 3218.88
2.39E+09 0.0227 3216.37
2.42E+09 0.0228 3214.08
2.45E+09 0.0227 3211.52
2.48E+09 0.0221 3209.03
2.51E+09 0.0225 3206.68
2.54E+09 0.0220 3204.14
2.57E+09 0.0214 3201.8
2.60E+09 0.0220 3199.56
2.64E+09 0.0213 3197.17
2.67E+09 0.0210 3194.79
2.70E+09 0.0208 3192.58
2.73E+09 0.0208 3190.41
2.76E+09 0.0205 3188.02
2.80E+09 0.0202 3185.6
2.83E+09 0.0199 3183.5
2.86E+09 0.0201 3181.39
2.89E+09 0.0202 3179.14
2.92E+09 0.0196 3176.85
2.96E+09 0.0196 3174.56
2.99E+09 0.0193 3172.33
3.02E+09 0.0192 3170.06
3.05E+09 0.0185 3168.02
3.08E+09 0.0188 3166.02
3.11E+09 0.0188 3164.02
3.15E+09 0.0183 3161.72
3.19E+09 0.0179 3159.4
3.22E+09 0.0179 3157.24
3.26E+09 0.0181 3154.96
3.29E+09 0.0177 3152.73
3.33E+09 0.0179 3150.61
3.37E+09 0.0175 3148.26
3.41E+09 0.0170 3145.92
3.44E+09 0.0169 3143.8
3.48E+09 0.0168 3141.74
3.51E+09 0.0166 3139.77
3.55E+09 0.0164 3137.62
3.59E+09 0.0162 3135.24
3.63E+09 0.0160 3133.18
3.67E+09 0.0157 3130.96
3.71E+09 0.0155 3128.69
3.75E+09 0.0158 3126.71
3.79E+09 0.0154 3124.6
3.83E+09 0.0153 3122.51
3.87E+09 0.0149 3120.21
3.91E+09 0.0151 3118.14
3.95E+09 0.0151 3116.01
3.99E+09 0.0149 3113.91
4.03E+09 0.0147 3111.72
4.08E+09 0.0146 3109.48
4.12E+09 0.0146 3107.31
4.16E+09 0.0145 3105.11
4.20E+09 0.0143 3102.95
4.25E+09 0.0144 3100.87
4.29E+09 0.0147 3098.71
4.33E+09 0.0143 3096.64
4.37E+09 0.0143 3094.52
4.42E+09 0.0142 3092.4
4.46E+09 0.0143 3090.41
4.50E+09 0.0145 3088.39
4.54E+09 0.0142 3086.26
4.58E+09 0.0143 3084.14
4.62E+09 0.0143 3082.05
4.67E+09 0.0144 3079.86
4.71E+09 0.0146 3077.7
4.75E+09 0.0141 3075.45
4.80E+09 0.0144 3073.4
4.83E+09 0.0144 3071.52
4.88E+09 0.0144 3069.32
4.92E+09 0.0145 3067.16
4.96E+09 0.0143 3064.89
