0.00E+00 -0.5355 5097.66
5.18E+08 0.0725 4728.36
7.27E+08 0.0603 4611.53
9.77E+08 0.0482 4495.38
1.17E+09 0.0406 4421.18
1.19E+09 0.0711 4415.29
1.24E+09 0.0628 4381.9
1.44E+09 0.0616 4282.74
1.55E+09 0.0488 4223.55
1.70E+09 0.0440 4166.62
1.81E+09 0.0384 4124.91
1.93E+09 0.0338 4090.08
2.03E+09 0.0301 4062.07
2.14E+09 0.0272 4036.61
2.23E+09 0.0261 4015.31
2.32E+09 0.0266 3996.07
2.40E+09 0.0251 3977.94
2.47E+09 0.0236 3963.51
2.54E+09 0.0228 3949.69
2.60E+09 0.0226 3937.88
2.65E+09 0.0232 3928.66
2.70E+09 0.0220 3918.78
2.75E+09 0.0202 3908.87
2.81E+09 0.0188 3899.74
2.87E+09 0.0181 3890.67
2.92E+09 0.0182 3882.26
2.98E+09 0.0179 3873.83
3.03E+09 0.0169 3865.25
3.10E+09 0.0162 3856.51
3.15E+09 0.0153 3848.85
3.22E+09 0.0149 3839.97
3.29E+09 0.0146 3831.33
3.36E+09 0.0140 3823.47
3.42E+09 0.0133 3815.75
3.49E+09 0.0125 3808.03
3.57E+09 0.0119 3800.44
3.64E+09 0.0113 3793.23
3.72E+09 0.0105 3785.88
3.80E+09 0.0099 3779.25
3.88E+09 0.0100 3772.51
3.96E+09 0.0101 3765.38
4.04E+09 0.0091 3758.65
4.13E+09 0.0080 3752.41
4.22E+09 0.0075 3746.68
4.31E+09 0.0076 3740.89
4.39E+09 0.0076 3735.2
4.49E+09 0.0072 3729.29
4.58E+09 0.0065 3723.6
4.67E+09 0.0060 3718.81
4.77E+09 0.0056 3714.04
4.88E+09 0.0057 3709.05
4.97E+09 0.0056 3704.37
