0.00E+00 -0.4861 4851.45
2.93E+08 0.1039 4715.18
3.74E+08 0.0996 4676.87
3.87E+08 0.1378 4670.13
4.11E+08 0.1345 4653.69
4.92E+08 0.1584 4602.38
5.61E+08 0.1474 4550.06
6.96E+08 0.1252 4463.27
8.11E+08 0.1116 4398.69
9.09E+08 0.1004 4349.36
9.91E+08 0.1118 4308.96
1.05E+09 0.1046 4279.15
1.10E+09 0.1115 4254.61
1.14E+09 0.1076 4233.8
1.18E+09 0.1040 4211.95
1.21E+09 0.1002 4194.6
1.25E+09 0.0942 4176.32
1.29E+09 0.0915 4159.81
1.32E+09 0.0944 4145.46
1.36E+09 0.0844 4127.66
1.41E+09 0.0832 4111.55
1.43E+09 0.0822 4099.9
1.47E+09 0.0736 4088.44
1.50E+09 0.0698 4076.48
1.54E+09 0.0702 4064
1.57E+09 0.0688 4052.47
1.61E+09 0.0641 4040.66
1.64E+09 0.0669 4031.17
1.67E+09 0.0639 4022.3
1.71E+09 0.0566 4012
1.73E+09 0.0555 4005.02
1.76E+09 0.0584 3996.26
1.79E+09 0.0548 3988.09
1.82E+09 0.0592 3980.71
1.86E+09 0.0538 3971.13
1.88E+09 0.0507 3964.35
1.92E+09 0.0520 3956.84
1.94E+09 0.0480 3950.3
1.98E+09 0.0485 3942.4
2.01E+09 0.0442 3935.54
2.04E+09 0.0411 3928.72
2.08E+09 0.0473 3921.77
2.10E+09 0.0424 3915.95
2.13E+09 0.0390 3909.78
2.16E+09 0.0417 3905.01
2.19E+09 0.0381 3899.61
2.23E+09 0.0380 3892.95
2.26E+09 0.0359 3887.46
2.29E+09 0.0334 3881.39
2.32E+09 0.0341 3876.63
2.36E+09 0.0354 3870.71
2.40E+09 0.0389 3864.01
2.43E+09 0.0356 3857.34
2.48E+09 0.0354 3850.04
2.51E+09 0.0335 3844
2.56E+09 0.0296 3837.79
2.59E+09 0.0300 3833.22
2.64E+09 0.0325 3825.77
2.68E+09 0.0308 3819.33
2.73E+09 0.0293 3812.86
2.78E+09 0.0244 3806.18
2.82E+09 0.0282 3801.26
2.86E+09 0.0284 3795.19
2.92E+09 0.0251 3788.26
2.96E+09 0.0212 3783.05
3.01E+09 0.0242 3778.6
3.06E+09 0.0244 3772.74
3.11E+09 0.0230 3766.87
3.16E+09 0.0212 3761.25
3.22E+09 0.0216 3755.28
3.27E+09 0.0193 3750.24
3.33E+09 0.0186 3745.05
3.38E+09 0.0185 3740.21
3.44E+09 0.0210 3734.56
3.50E+09 0.0182 3728.81
3.56E+09 0.0165 3724.09
3.62E+09 0.0146 3720.18
3.68E+09 0.0187 3715.37
3.74E+09 0.0166 3709.8
3.80E+09 0.0158 3705.12
3.87E+09 0.0131 3700.42
3.93E+09 0.0149 3696.48
3.99E+09 0.0138 3692.3
4.06E+09 0.0149 3687.62
4.13E+09 0.0138 3683.12
4.19E+09 0.0112 3679.14
4.26E+09 0.0105 3675.91
4.32E+09 0.0120 3672.42
4.38E+09 0.0116 3668.87
4.45E+09 0.0101 3665.65
4.51E+09 0.0116 3662.38
4.58E+09 0.0101 3658.74
4.65E+09 0.0091 3655.68
4.71E+09 0.0097 3652.78
4.78E+09 0.0110 3649.67
4.85E+09 0.0092 3646.21
4.92E+09 0.0082 3643.29
4.99E+09 0.0092 3640.37
