0.00E+00 -0.2706 3830.83
3.98E+07 0.1535 3824.15
4.92E+07 0.1911 3819.53
6.15E+07 0.1951 3812.78
8.73E+07 0.1848 3799.23
1.21E+08 0.1682 3782.24
1.58E+08 0.1837 3763.77
1.97E+08 0.1766 3744.26
2.25E+08 0.1673 3730.53
2.47E+08 0.1618 3720.64
2.68E+08 0.1548 3711.14
2.88E+08 0.1508 3702.84
3.04E+08 0.1453 3696.09
3.19E+08 0.1419 3689.93
3.32E+08 0.1378 3684.93
3.46E+08 0.1343 3679.55
3.59E+08 0.1324 3674.85
3.71E+08 0.1282 3670.4
3.81E+08 0.1254 3666.72
3.93E+08 0.1244 3662.61
4.05E+08 0.1217 3658.52
4.16E+08 0.1198 3654.83
4.30E+08 0.1161 3650.25
4.43E+08 0.1133 3645.86
4.54E+08 0.1115 3642.5
4.65E+08 0.1089 3639.16
4.74E+08 0.1073 3636.31
4.86E+08 0.1051 3633.01
4.98E+08 0.1019 3629.31
5.10E+08 0.0998 3626.1
5.22E+08 0.0972 3622.72
5.33E+08 0.0958 3619.69
5.45E+08 0.0931 3616.55
5.56E+08 0.0914 3613.74
5.69E+08 0.0898 3610.42
5.83E+08 0.0868 3607.09
5.96E+08 0.0851 3603.9
6.10E+08 0.0825 3600.65
6.23E+08 0.0807 3597.68
6.34E+08 0.0788 3595.08
6.45E+08 0.0772 3592.68
6.59E+08 0.0753 3589.85
6.70E+08 0.0748 3587.46
6.81E+08 0.0733 3585.32
6.91E+08 0.0722 3583.26
7.02E+08 0.0711 3581.06
7.11E+08 0.0705 3579.31
7.19E+08 0.0693 3577.77
7.26E+08 0.0682 3576.28
7.34E+08 0.0689 3574.82
7.42E+08 0.0681 3573.27
7.51E+08 0.0671 3571.59
7.59E+08 0.0663 3570.04
7.69E+08 0.0670 3568.15
7.79E+08 0.0661 3566.35
7.87E+08 0.0658 3564.81
7.95E+08 0.0662 3563.47
8.03E+08 0.0653 3561.86
8.12E+08 0.0648 3560.2
8.22E+08 0.0645 3558.55
8.31E+08 0.0638 3556.84
8.42E+08 0.0636 3554.86
8.51E+08 0.0627 3553.23
8.59E+08 0.0637 3551.94
8.69E+08 0.0626 3550.2
8.78E+08 0.0619 3548.61
8.85E+08 0.0626 3547.27
8.94E+08 0.0614 3545.76
9.02E+08 0.0618 3544.36
9.10E+08 0.0616 3542.95
9.20E+08 0.0605 3541.31
9.29E+08 0.0605 3539.82
9.39E+08 0.0598 3538.13
9.48E+08 0.0594 3536.65
9.57E+08 0.0598 3535.04
9.69E+08 0.0596 3533.12
9.82E+08 0.0590 3530.93
9.95E+08 0.0590 3528.84
1.01E+09 0.0591 3526.77
1.02E+09 0.0586 3524.94
1.03E+09 0.0579 3523.15
1.04E+09 0.0590 3521.1
1.06E+09 0.0584 3518.95
1.07E+09 0.0578 3516.82
1.08E+09 0.0572 3514.78
1.09E+09 0.0568 3512.99
1.10E+09 0.0566 3511.26
1.11E+09 0.0566 3509.49
1.13E+09 0.0564 3507.7
1.14E+09 0.0557 3505.94
1.15E+09 0.0554 3504.18
1.16E+09 0.0551 3502.28
1.17E+09 0.0554 3500.62
1.18E+09 0.0543 3499.02
1.19E+09 0.0544 3497.17
1.21E+09 0.0544 3495.2
1.22E+09 0.0539 3493.24
1.23E+09 0.0539 3491.52
1.24E+09 0.0537 3489.64
1.25E+09 0.0529 3487.92
1.27E+09 0.0534 3486.1
1.28E+09 0.0527 3484.31
1.29E+09 0.0521 3482.55
1.30E+09 0.0524 3480.96
1.31E+09 0.0522 3479.47
1.32E+09 0.0519 3478.01
1.33E+09 0.0521 3476.36
1.35E+09 0.0520 3474.54
1.36E+09 0.0510 3472.84
1.37E+09 0.0504 3471.21
1.38E+09 0.0500 3469.32
1.39E+09 0.0511 3468.07
1.40E+09 0.0501 3466.44
1.42E+09 0.0498 3464.78
1.42E+09 0.0497 3463.6
1.43E+09 0.0499 3462.24
1.44E+09 0.0488 3460.74
1.46E+09 0.0491 3459.24
1.47E+09 0.0482 3457.77
1.48E+09 0.0486 3455.92
1.49E+09 0.0487 3453.95
1.51E+09 0.0486 3451.99
1.52E+09 0.0482 3450.31
1.53E+09 0.0480 3448.57
1.55E+09 0.0482 3446.61
1.56E+09 0.0478 3444.92
1.57E+09 0.0476 3443.24
1.59E+09 0.0472 3441.69
1.60E+09 0.0471 3440.29
1.61E+09 0.0469 3438.57
1.62E+09 0.0469 3436.89
1.64E+09 0.0460 3435.2
1.65E+09 0.0458 3433.78
1.66E+09 0.0454 3432.15
1.67E+09 0.0455 3430.42
1.69E+09 0.0460 3428.66
1.70E+09 0.0458 3426.97
1.72E+09 0.0454 3424.91
1.73E+09 0.0450 3423.1
1.74E+09 0.0445 3421.38
1.76E+09 0.0441 3419.83
1.77E+09 0.0448 3418.26
1.78E+09 0.0439 3416.81
1.79E+09 0.0441 3415.24
1.81E+09 0.0440 3413.71
1.82E+09 0.0442 3411.83
1.84E+09 0.0441 3409.79
1.85E+09 0.0434 3407.8
1.87E+09 0.0435 3405.89
1.88E+09 0.0431 3404.15
1.90E+09 0.0428 3402.11
1.92E+09 0.0431 3400.05
1.93E+09 0.0423 3398.06
1.95E+09 0.0421 3396.09
1.97E+09 0.0417 3394.45
1.98E+09 0.0416 3392.75
2.00E+09 0.0418 3390.96
2.01E+09 0.0416 3389.09
2.02E+09 0.0412 3387.61
2.04E+09 0.0412 3386.23
2.05E+09 0.0402 3384.89
2.06E+09 0.0413 3383.63
2.07E+09 0.0409 3382.05
2.09E+09 0.0406 3380.29
2.10E+09 0.0400 3378.69
2.12E+09 0.0398 3376.78
2.14E+09 0.0398 3374.92
2.15E+09 0.0399 3373.26
2.17E+09 0.0396 3371.33
2.19E+09 0.0392 3369.54
2.20E+09 0.0386 3367.8
2.22E+09 0.0388 3365.95
2.24E+09 0.0387 3364.08
2.25E+09 0.0385 3362.22
2.27E+09 0.0381 3360.31
2.29E+09 0.0381 3358.49
2.30E+09 0.0376 3356.77
2.32E+09 0.0372 3354.83
2.34E+09 0.0374 3352.85
2.36E+09 0.0369 3350.87
2.38E+09 0.0369 3348.94
2.40E+09 0.0361 3347.14
2.41E+09 0.0360 3345.3
2.43E+09 0.0367 3343.64
2.45E+09 0.0356 3341.57
2.47E+09 0.0362 3339.63
2.49E+09 0.0351 3337.56
2.51E+09 0.0349 3335.8
2.53E+09 0.0350 3333.85
2.55E+09 0.0348 3332.19
2.56E+09 0.0344 3330.62
2.58E+09 0.0340 3329.09
2.60E+09 0.0338 3327.55
2.61E+09 0.0336 3325.92
2.63E+09 0.0334 3324.14
2.65E+09 0.0331 3322.45
2.67E+09 0.0330 3320.75
2.68E+09 0.0334 3319.3
2.70E+09 0.0327 3317.59
2.72E+09 0.0327 3315.83
2.74E+09 0.0327 3313.86
2.76E+09 0.0323 3312.27
2.78E+09 0.0321 3310.89
2.79E+09 0.0317 3309.31
2.81E+09 0.0315 3307.66
2.83E+09 0.0319 3306.24
2.85E+09 0.0308 3304.57
2.87E+09 0.0313 3303.03
2.88E+09 0.0310 3301.55
2.90E+09 0.0312 3299.93
2.92E+09 0.0307 3298.11
2.95E+09 0.0306 3296.15
2.96E+09 0.0302 3294.47
2.98E+09 0.0303 3292.89
3.00E+09 0.0303 3291.23
3.02E+09 0.0299 3289.56
3.05E+09 0.0296 3287.71
3.07E+09 0.0296 3285.89
3.09E+09 0.0294 3284.19
3.11E+09 0.0288 3282.28
3.13E+09 0.0292 3280.46
3.16E+09 0.0291 3278.73
3.18E+09 0.0284 3276.94
3.20E+09 0.0287 3275.14
3.22E+09 0.0282 3273.39
3.25E+09 0.0281 3271.54
3.27E+09 0.0280 3269.95
3.29E+09 0.0277 3267.93
3.32E+09 0.0281 3266.09
3.34E+09 0.0276 3264.35
3.36E+09 0.0273 3262.54
3.38E+09 0.0272 3260.8
3.41E+09 0.0270 3259.08
3.43E+09 0.0268 3257.04
3.46E+09 0.0267 3255.13
3.48E+09 0.0264 3253.23
3.51E+09 0.0265 3251.4
3.54E+09 0.0261 3249.4
3.56E+09 0.0258 3247.64
3.59E+09 0.0258 3245.82
3.61E+09 0.0254 3243.96
3.64E+09 0.0257 3242.29
3.66E+09 0.0255 3240.85
3.68E+09 0.0253 3239.19
3.70E+09 0.0251 3237.57
3.73E+09 0.0247 3236.02
3.75E+09 0.0249 3234.28
3.77E+09 0.0249 3232.62
3.80E+09 0.0245 3231.1
3.82E+09 0.0242 3229.31
3.85E+09 0.0242 3227.7
3.87E+09 0.0240 3225.94
3.90E+09 0.0239 3224.42
3.92E+09 0.0235 3222.75
3.95E+09 0.0237 3220.98
3.97E+09 0.0236 3219.28
4.00E+09 0.0232 3217.61
4.03E+09 0.0230 3215.82
4.05E+09 0.0228 3214.05
4.08E+09 0.0230 3212.22
4.11E+09 0.0226 3210.66
4.13E+09 0.0229 3209.16
4.16E+09 0.0224 3207.65
4.18E+09 0.0223 3205.95
4.21E+09 0.0224 3204.24
4.24E+09 0.0219 3202.67
4.26E+09 0.0223 3200.97
4.29E+09 0.0214 3199.14
4.32E+09 0.0217 3197.49
4.35E+09 0.0219 3195.71
4.37E+09 0.0213 3194.25
4.39E+09 0.0214 3193.01
4.42E+09 0.0215 3191.73
4.44E+09 0.0213 3190.33
4.46E+09 0.0210 3188.92
4.49E+09 0.0214 3187.42
4.51E+09 0.0213 3185.89
4.54E+09 0.0211 3184.42
4.56E+09 0.0210 3182.99
4.59E+09 0.0206 3181.39
4.62E+09 0.0209 3179.65
4.65E+09 0.0208 3177.97
4.68E+09 0.0209 3176.19
4.71E+09 0.0209 3174.32
4.74E+09 0.0205 3172.57
4.77E+09 0.0208 3170.84
4.80E+09 0.0205 3169.26
4.82E+09 0.0211 3167.82
4.85E+09 0.0204 3166.11
4.88E+09 0.0201 3164.37
4.91E+09 0.0203 3162.87
4.94E+09 0.0205 3161.15
4.97E+09 0.0209 3159.48
5.00E+09 0.0204 3157.97
