0.00E+00 -0.9741 6642.14
1.25E+08 0.3545 6502.98
1.70E+08 0.3328 6444.13
2.05E+08 0.3237 6401.2
2.36E+08 0.3147 6364.13
2.63E+08 0.2962 6331.16
2.86E+08 0.3000 6305.24
3.10E+08 0.2825 6278.62
3.29E+08 0.2897 6257.36
3.51E+08 0.2741 6233.13
3.69E+08 0.2771 6214.21
3.88E+08 0.2697 6194.51
4.07E+08 0.2674 6174.41
4.25E+08 0.2671 6156.2
4.44E+08 0.2607 6137.02
4.59E+08 0.2560 6121.72
4.75E+08 0.2562 6105.6
4.92E+08 0.2492 6089.42
5.06E+08 0.2455 6076.45
5.19E+08 0.2450 6063.7
5.33E+08 0.2461 6050.67
5.46E+08 0.2398 6037.91
5.58E+08 0.2411 6027.31
5.69E+08 0.2395 6016.78
5.81E+08 0.2385 6006.31
5.92E+08 0.2402 5995.95
6.00E+08 0.2554 5988.38
6.02E+08 0.2829 5985.89
6.06E+08 0.3108 5981.98
6.10E+08 0.3335 5977.18
6.16E+08 0.3789 5967.97
6.35E+08 0.3927 5939.71
6.57E+08 0.3936 5906.61
6.75E+08 0.3976 5879.07
6.89E+08 0.4250 5856.94
7.14E+08 0.3697 5819.22
7.47E+08 0.3459 5774.27
7.87E+08 0.3180 5723.51
8.32E+08 0.2977 5669.53
8.80E+08 0.2762 5616.09
9.35E+08 0.2465 5561.34
9.90E+08 0.2823 5506.41
1.02E+09 0.3039 5470.76
1.05E+09 0.3284 5432.32
1.08E+09 0.2861 5407.18
1.13E+09 0.3026 5338.34
1.19E+09 0.2635 5278.93
1.23E+09 0.2835 5234.49
1.27E+09 0.2581 5189.57
1.28E+09 0.2581 5177.32
1.30E+09 0.2358 5158.73
1.32E+09 0.2382 5144.72
1.33E+09 0.2298 5134.12
1.35E+09 0.2288 5121.09
1.36E+09 0.2302 5107.81
1.38E+09 0.2199 5094.97
1.39E+09 0.2078 5083.37
1.41E+09 0.2091 5071.93
1.42E+09 0.2353 5058.19
1.44E+09 0.2204 5045.93
1.45E+09 0.2133 5033.46
1.46E+09 0.2148 5022.49
1.48E+09 0.2003 5008.98
1.50E+09 0.2176 4993.38
1.52E+09 0.2016 4980.05
1.53E+09 0.2008 4967.23
1.55E+09 0.1988 4954.09
1.57E+09 0.2012 4941.55
1.58E+09 0.1957 4930.38
1.59E+09 0.1714 4920.53
1.61E+09 0.1950 4909.82
1.63E+09 0.1910 4896.48
1.64E+09 0.1885 4884.78
1.66E+09 0.1730 4873.92
1.68E+09 0.1854 4862.69
1.69E+09 0.1744 4851.35
1.71E+09 0.1711 4838.95
1.73E+09 0.1715 4826.8
1.75E+09 0.1742 4812.22
1.77E+09 0.1635 4802.2
1.79E+09 0.1656 4788.1
1.81E+09 0.1600 4777.22
1.83E+09 0.1539 4764.8
1.85E+09 0.1664 4752.34
1.86E+09 0.1493 4741.91
1.88E+09 0.1494 4731.38
1.90E+09 0.1501 4721.3
1.92E+09 0.1427 4710.05
1.94E+09 0.1416 4697.96
1.96E+09 0.1383 4686.5
1.99E+09 0.1531 4672.19
2.01E+09 0.1346 4661.78
2.03E+09 0.1350 4649.86
2.05E+09 0.1337 4638.7
2.07E+09 0.1288 4628.38
2.10E+09 0.1265 4616.37
2.12E+09 0.1278 4604.95
2.14E+09 0.1257 4595.35
2.16E+09 0.1212 4584.09
2.18E+09 0.1301 4574.01
2.21E+09 0.1136 4563.73
2.23E+09 0.1172 4553.03
2.25E+09 0.1091 4543.29
2.27E+09 0.1058 4533.92
2.29E+09 0.1088 4525.92
2.32E+09 0.0988 4516.86
2.34E+09 0.1079 4506.53
2.37E+09 0.1077 4495.64
2.40E+09 0.0992 4485.15
2.42E+09 0.0986 4474.65
2.45E+09 0.0908 4466.58
2.47E+09 0.0997 4456.98
2.50E+09 0.0923 4447.14
2.52E+09 0.0958 4438.14
2.55E+09 0.0880 4429.23
2.57E+09 0.0924 4421.32
2.60E+09 0.0893 4411.61
2.63E+09 0.0867 4401.23
2.66E+09 0.0838 4390.95
2.69E+09 0.0825 4381.92
2.72E+09 0.0785 4372
2.75E+09 0.0786 4362.9
2.78E+09 0.0680 4355.41
2.81E+09 0.0713 4346.18
2.84E+09 0.0707 4340.06
2.87E+09 0.0714 4331.13
2.90E+09 0.0656 4323.64
2.93E+09 0.0648 4315.09
2.96E+09 0.0623 4309.02
2.99E+09 0.0592 4300.75
3.02E+09 0.0648 4294.41
3.05E+09 0.0594 4285.91
3.08E+09 0.0591 4279.85
3.12E+09 0.0587 4271.73
3.15E+09 0.0584 4264.63
3.18E+09 0.0562 4258.46
3.21E+09 0.0476 4251.19
3.24E+09 0.0570 4245.14
3.28E+09 0.0516 4238.05
3.31E+09 0.0514 4230.61
3.34E+09 0.0514 4224.76
3.38E+09 0.0417 4218.03
3.42E+09 0.0479 4211.86
3.45E+09 0.0500 4206.13
3.48E+09 0.0410 4200.47
3.52E+09 0.0415 4194.41
3.56E+09 0.0410 4188.77
3.60E+09 0.0476 4181.98
3.64E+09 0.0432 4175.06
3.67E+09 0.0356 4169.56
3.71E+09 0.0401 4163.6
3.75E+09 0.0355 4157.87
3.80E+09 0.0371 4152.09
3.83E+09 0.0369 4147.1
3.88E+09 0.0324 4141.54
3.91E+09 0.0381 4136.71
3.95E+09 0.0313 4131.53
3.99E+09 0.0375 4125.89
4.03E+09 0.0327 4121.24
4.07E+09 0.0336 4115.35
4.12E+09 0.0328 4110.27
4.16E+09 0.0327 4104.49
4.21E+09 0.0285 4098.49
4.25E+09 0.0274 4094.51
4.30E+09 0.0247 4089.75
4.34E+09 0.0262 4085.4
4.39E+09 0.0255 4080.42
4.43E+09 0.0288 4075.82
4.48E+09 0.0238 4071.21
4.54E+09 0.0262 4066.15
4.58E+09 0.0217 4062.02
4.64E+09 0.0261 4056.9
4.69E+09 0.0211 4052.36
4.74E+09 0.0233 4047.44
4.80E+09 0.0184 4043.08
4.85E+09 0.0215 4038.85
4.90E+09 0.0205 4034.77
4.96E+09 0.0173 4030.64
