0.00E+00 -0.4333 4726.73
2.15E+08 0.1493 4577.48
3.38E+08 0.1438 4474.28
4.84E+08 0.1326 4361.65
5.91E+08 0.1176 4285.71
6.72E+08 0.1138 4231.61
7.38E+08 0.1078 4190.33
7.90E+08 0.1008 4159.72
8.41E+08 0.0949 4131.29
8.89E+08 0.0931 4105.6
9.31E+08 0.0899 4084.22
9.71E+08 0.0802 4065.21
1.01E+09 0.0806 4047.97
1.05E+09 0.0770 4027.83
1.09E+09 0.0779 4010.65
1.14E+09 0.0734 3988.13
1.20E+09 0.0745 3967.39
1.23E+09 0.0662 3951.63
1.28E+09 0.0646 3935.18
1.33E+09 0.0647 3916.75
1.38E+09 0.0606 3898.99
1.43E+09 0.0566 3881.96
1.48E+09 0.0518 3866.39
1.52E+09 0.0474 3854.32
1.57E+09 0.0422 3844.05
1.61E+09 0.0418 3832.63
1.66E+09 0.0400 3822.51
1.70E+09 0.0377 3812.51
1.76E+09 0.0384 3800.72
1.80E+09 0.0342 3791.95
1.86E+09 0.0346 3780.98
1.91E+09 0.0356 3770.86
1.94E+09 0.0327 3764.11
1.97E+09 0.0268 3758.51
2.01E+09 0.0290 3752.51
2.05E+09 0.0260 3747.09
2.09E+09 0.0270 3741.17
2.12E+09 0.0249 3735.57
2.17E+09 0.0273 3729.62
2.21E+09 0.0271 3723.3
2.26E+09 0.0265 3715.36
2.31E+09 0.0252 3708.24
2.37E+09 0.0234 3700.73
2.41E+09 0.0232 3694.85
2.46E+09 0.0204 3688.93
2.51E+09 0.0218 3683.02
2.55E+09 0.0186 3678.01
2.60E+09 0.0194 3672.82
2.65E+09 0.0200 3667.13
2.69E+09 0.0210 3662.28
2.73E+09 0.0169 3657.99
2.78E+09 0.0170 3652.98
2.84E+09 0.0149 3648.03
2.89E+09 0.0168 3643.21
2.95E+09 0.0172 3637.71
3.01E+09 0.0154 3632.02
3.07E+09 0.0146 3626.56
3.14E+09 0.0149 3621.35
3.21E+09 0.0147 3615.46
3.27E+09 0.0141 3610.04
3.35E+09 0.0142 3603.95
3.41E+09 0.0136 3599.06
3.48E+09 0.0128 3593.91
3.55E+09 0.0119 3588.98
3.63E+09 0.0111 3583.77
3.70E+09 0.0114 3579.31
3.78E+09 0.0107 3574.42
3.85E+09 0.0096 3569.99
3.94E+09 0.0096 3565.23
4.00E+09 0.0096 3561.76
4.09E+09 0.0084 3557.64
4.16E+09 0.0088 3553.99
4.25E+09 0.0086 3549.82
4.33E+09 0.0082 3545.68
4.42E+09 0.0080 3541.66
4.51E+09 0.0083 3537.51
4.60E+09 0.0083 3533.32
4.69E+09 0.0071 3529.3
4.78E+09 0.0067 3525.87
4.87E+09 0.0073 3522.41
4.95E+09 0.0075 3518.72
