0.00E+00 -0.5184 4817.93
1.63E+08 0.1439 4770.28
1.69E+08 0.1890 4767.27
1.80E+08 0.2024 4761.23
1.93E+08 0.2049 4753.27
2.11E+08 0.2100 4742.49
2.43E+08 0.2075 4723.59
2.74E+08 0.2142 4704.95
3.17E+08 0.2255 4677.45
4.03E+08 0.2082 4623.78
4.61E+08 0.1942 4590.64
5.02E+08 0.1848 4568.44
5.36E+08 0.1836 4550.68
5.61E+08 0.1913 4536.66
5.89E+08 0.1869 4521.44
6.12E+08 0.1919 4509.47
6.33E+08 0.1870 4498
6.52E+08 0.1859 4487.45
6.69E+08 0.1860 4478.54
6.86E+08 0.1810 4469.45
7.07E+08 0.1720 4458.75
7.26E+08 0.1687 4449.59
7.42E+08 0.1679 4441.63
7.65E+08 0.1675 4430.68
7.90E+08 0.1611 4419.02
8.09E+08 0.1512 4410.69
8.23E+08 0.1532 4404.4
8.41E+08 0.1472 4396.6
8.59E+08 0.1460 4389.39
8.75E+08 0.1416 4382.91
8.87E+08 0.1306 4378.11
8.99E+08 0.1396 4373.35
9.10E+08 0.1332 4368.96
9.24E+08 0.1332 4363.86
9.33E+08 0.1283 4360.47
9.45E+08 0.1291 4356.05
9.57E+08 0.1347 4351.58
9.71E+08 0.1347 4346.17
9.82E+08 0.1294 4341.99
9.95E+08 0.1272 4337.04
1.01E+09 0.1244 4333.07
1.02E+09 0.1192 4329.22
1.03E+09 0.1149 4325.84
1.04E+09 0.1212 4322.75
1.05E+09 0.1183 4318.88
1.06E+09 0.1272 4314.94
1.07E+09 0.1249 4310.25
1.08E+09 0.1214 4306.57
1.09E+09 0.1146 4303.5
1.10E+09 0.1167 4299.46
1.11E+09 0.1176 4295.71
1.13E+09 0.1188 4291.65
1.14E+09 0.1173 4287.89
1.15E+09 0.1137 4283.58
1.16E+09 0.1148 4279.12
1.18E+09 0.1141 4274.96
1.19E+09 0.1090 4270.62
1.20E+09 0.1148 4266.81
1.22E+09 0.1112 4262.58
1.23E+09 0.1074 4259.09
1.24E+09 0.1069 4255.73
1.25E+09 0.1057 4252.47
1.26E+09 0.1068 4249.83
1.27E+09 0.1135 4245.46
1.29E+09 0.1092 4240.58
1.30E+09 0.1078 4235.92
1.31E+09 0.1043 4231.93
1.32E+09 0.0999 4228.86
1.34E+09 0.1002 4225.22
1.35E+09 0.0988 4221.92
1.36E+09 0.0969 4218.83
1.37E+09 0.0977 4215.81
1.38E+09 0.1064 4212.27
1.40E+09 0.1045 4207.83
1.41E+09 0.0999 4203.1
1.43E+09 0.0982 4198.98
1.44E+09 0.1035 4195.03
1.45E+09 0.0975 4191.45
1.47E+09 0.0898 4187.85
1.48E+09 0.0911 4185.01
1.49E+09 0.0956 4181.8
1.51E+09 0.0971 4177.31
1.52E+09 0.0944 4173.18
1.54E+09 0.0928 4168.76
1.55E+09 0.0897 4164.55
1.57E+09 0.0935 4160.92
1.59E+09 0.0893 4156.7
1.60E+09 0.0913 4152.91
1.62E+09 0.0875 4148.34
1.63E+09 0.0838 4144.95
1.65E+09 0.0878 4141.43
1.66E+09 0.0842 4138.04
1.67E+09 0.0866 4134.5
1.69E+09 0.0870 4130.95
1.70E+09 0.0842 4127.2
1.72E+09 0.0854 4123.78
1.73E+09 0.0844 4119.85
1.75E+09 0.0825 4116.16
1.77E+09 0.0833 4112.18
1.78E+09 0.0823 4108.73
1.79E+09 0.0808 4105.18
1.81E+09 0.0810 4101.34
1.83E+09 0.0788 4097.43
1.85E+09 0.0842 4093.22
1.87E+09 0.0818 4088.53
1.88E+09 0.0808 4084.5
1.90E+09 0.0763 4080.18
1.92E+09 0.0770 4076.54
1.94E+09 0.0726 4073.01
1.95E+09 0.0690 4069.6
1.97E+09 0.0765 4066.47
1.98E+09 0.0705 4063.04
2.00E+09 0.0762 4059.55
2.02E+09 0.0699 4055.59
2.04E+09 0.0712 4051.87
2.06E+09 0.0701 4048.16
2.07E+09 0.0684 4044.49
2.09E+09 0.0706 4040.95
2.11E+09 0.0707 4037.18
2.13E+09 0.0725 4033.49
2.15E+09 0.0705 4029.34
2.17E+09 0.0660 4025.68
2.19E+09 0.0670 4021.84
2.21E+09 0.0715 4017.46
2.23E+09 0.0690 4012.93
2.25E+09 0.0637 4009.58
2.27E+09 0.0602 4006.8
2.28E+09 0.0665 4003.59
2.30E+09 0.0639 3999.91
2.32E+09 0.0636 3997.32
2.34E+09 0.0586 3993.93
2.35E+09 0.0604 3991.11
2.37E+09 0.0591 3988.03
2.39E+09 0.0559 3985.17
2.40E+09 0.0573 3982.72
2.42E+09 0.0570 3980.09
2.44E+09 0.0533 3977.31
2.45E+09 0.0569 3974.51
2.47E+09 0.0535 3972.04
2.49E+09 0.0576 3969.6
2.50E+09 0.0575 3966.38
2.52E+09 0.0526 3963.31
2.54E+09 0.0536 3960.47
2.56E+09 0.0558 3957.91
2.58E+09 0.0563 3955.06
2.59E+09 0.0535 3952.46
2.61E+09 0.0486 3950.28
2.62E+09 0.0454 3948.01
2.64E+09 0.0556 3945.74
2.66E+09 0.0532 3943.25
2.68E+09 0.0519 3940.45
2.69E+09 0.0491 3938.34
2.70E+09 0.0450 3936.51
2.72E+09 0.0512 3934.3
2.74E+09 0.0531 3931.95
2.76E+09 0.0499 3928.75
2.77E+09 0.0471 3926.49
2.79E+09 0.0503 3924.05
2.81E+09 0.0533 3921.87
2.82E+09 0.0482 3919.18
2.84E+09 0.0454 3916.5
2.86E+09 0.0502 3913.88
2.88E+09 0.0504 3911.28
2.90E+09 0.0466 3908.08
2.92E+09 0.0455 3905.47
2.94E+09 0.0440 3902.85
2.96E+09 0.0486 3900.21
2.99E+09 0.0488 3897.12
3.01E+09 0.0495 3893.66
3.04E+09 0.0450 3889.98
3.06E+09 0.0431 3886.85
3.09E+09 0.0478 3883.97
3.11E+09 0.0452 3880.73
3.14E+09 0.0425 3876.91
3.16E+09 0.0428 3874.55
3.18E+09 0.0462 3871.7
3.21E+09 0.0450 3868.61
3.23E+09 0.0414 3865.4
3.25E+09 0.0453 3862.44
3.28E+09 0.0407 3859.79
3.30E+09 0.0390 3857.11
3.32E+09 0.0387 3854.4
3.35E+09 0.0395 3851.39
3.38E+09 0.0393 3848.51
3.40E+09 0.0383 3845.86
3.42E+09 0.0350 3843.47
3.44E+09 0.0345 3841.38
3.47E+09 0.0353 3838.91
3.49E+09 0.0415 3836.22
3.52E+09 0.0373 3833.31
3.54E+09 0.0353 3830.99
3.57E+09 0.0350 3828.64
3.59E+09 0.0361 3826.23
3.61E+09 0.0382 3823.54
3.64E+09 0.0375 3820.67
3.67E+09 0.0344 3817.77
3.70E+09 0.0355 3815.18
3.73E+09 0.0374 3812
3.76E+09 0.0366 3808.64
3.79E+09 0.0348 3805.55
3.82E+09 0.0338 3802.74
3.85E+09 0.0327 3799.99
3.88E+09 0.0363 3797.01
3.90E+09 0.0351 3794.08
3.93E+09 0.0328 3791.35
3.96E+09 0.0312 3789.18
3.98E+09 0.0301 3786.96
4.01E+09 0.0296 3784.81
4.03E+09 0.0279 3783.09
4.05E+09 0.0268 3781.28
4.07E+09 0.0287 3779.74
4.09E+09 0.0283 3777.87
4.12E+09 0.0278 3775.98
4.14E+09 0.0273 3774.03
4.16E+09 0.0257 3772.31
4.18E+09 0.0272 3770.58
4.21E+09 0.0274 3768.53
4.24E+09 0.0291 3766.59
4.26E+09 0.0289 3764.39
4.28E+09 0.0275 3762.55
4.31E+09 0.0249 3760.68
4.33E+09 0.0255 3759.07
4.35E+09 0.0250 3757.36
4.38E+09 0.0266 3755.75
4.40E+09 0.0250 3753.96
4.43E+09 0.0253 3751.95
4.45E+09 0.0261 3750.08
4.48E+09 0.0258 3748.11
4.51E+09 0.0259 3746.27
4.53E+09 0.0241 3744.54
4.55E+09 0.0224 3742.93
4.58E+09 0.0235 3741.32
4.61E+09 0.0245 3739.48
4.63E+09 0.0233 3737.93
4.66E+09 0.0235 3736.12
4.68E+09 0.0254 3734.4
4.70E+09 0.0229 3732.65
4.73E+09 0.0220 3730.78
4.75E+09 0.0230 3729.41
4.78E+09 0.0231 3727.52
4.81E+09 0.0265 3725.37
4.84E+09 0.0238 3723.19
4.87E+09 0.0226 3721.41
4.90E+09 0.0220 3719.25
4.93E+09 0.0225 3717.62
4.95E+09 0.0212 3716.1
4.98E+09 0.0219 3714.21
