0.00E+00 -0.8845 6175.29
1.36E+08 0.3060 6049.6
1.80E+08 0.2863 6002.07
2.18E+08 0.2724 5963.7
2.50E+08 0.2496 5930.8
2.77E+08 0.2538 5904.8
3.06E+08 0.2467 5877.39
3.31E+08 0.2362 5854.35
3.55E+08 0.2300 5832.9
3.74E+08 0.2279 5817.04
3.95E+08 0.2156 5799.07
4.13E+08 0.2203 5784.2
4.32E+08 0.2141 5768.48
4.51E+08 0.2108 5752.97
4.68E+08 0.2086 5738.9
4.86E+08 0.2051 5725
5.04E+08 0.2037 5711.32
5.21E+08 0.1993 5698.09
5.35E+08 0.2035 5687.32
5.48E+08 0.2014 5677.02
5.59E+08 0.2079 5668.61
5.69E+08 0.2200 5660.88
5.71E+08 0.2418 5659.07
5.74E+08 0.2734 5656.21
5.77E+08 0.3405 5652.17
5.84E+08 0.3429 5643.84
6.03E+08 0.3230 5619.6
6.29E+08 0.3226 5587.96
6.52E+08 0.3243 5559.39
6.72E+08 0.3254 5534.61
6.87E+08 0.3546 5515.57
7.15E+08 0.2888 5483.16
7.51E+08 0.2693 5444.18
7.93E+08 0.2528 5403.12
8.37E+08 0.2347 5361.62
8.89E+08 0.2096 5318.19
9.42E+08 0.2430 5272.9
9.79E+08 0.2606 5236.89
1.01E+09 0.2797 5207.58
1.05E+09 0.2753 5167.97
1.11E+09 0.2442 5108.3
1.16E+09 0.2501 5056.55
1.22E+09 0.2232 5008.96
1.24E+09 0.2128 4989.09
1.25E+09 0.2054 4979.37
1.27E+09 0.1979 4968.51
1.29E+09 0.1912 4953.81
1.30E+09 0.1901 4943.17
1.32E+09 0.1807 4931.61
1.33E+09 0.1782 4920.43
1.35E+09 0.1779 4909.26
1.37E+09 0.1818 4898.05
1.38E+09 0.1782 4886.76
1.40E+09 0.1676 4875.09
1.42E+09 0.1750 4865.13
1.43E+09 0.1689 4858.1
1.45E+09 0.1710 4845.8
1.46E+09 0.1714 4835.65
1.48E+09 0.1648 4823.36
1.49E+09 0.1626 4815.83
1.51E+09 0.1651 4803.24
1.53E+09 0.1616 4792.1
1.55E+09 0.1519 4781.45
1.56E+09 0.1481 4773.65
1.58E+09 0.1467 4762.42
1.60E+09 0.1503 4751.52
1.62E+09 0.1479 4741.89
1.64E+09 0.1464 4730.16
1.66E+09 0.1382 4719.65
1.68E+09 0.1361 4708.99
1.70E+09 0.1366 4697.53
1.72E+09 0.1326 4688.76
1.73E+09 0.1360 4680.58
1.75E+09 0.1331 4671.54
1.77E+09 0.1316 4663.29
1.79E+09 0.1287 4652.06
1.81E+09 0.1217 4643.15
1.83E+09 0.1285 4633.86
1.85E+09 0.1172 4623.43
1.87E+09 0.1249 4615.13
1.89E+09 0.1148 4606.02
1.91E+09 0.1214 4597.23
1.93E+09 0.1153 4588.9
1.95E+09 0.1145 4577.84
1.97E+09 0.1064 4569.62
1.99E+09 0.1056 4562.09
2.01E+09 0.1072 4553.31
2.03E+09 0.1035 4544.49
2.06E+09 0.1042 4535.57
2.08E+09 0.1022 4525.91
2.10E+09 0.1020 4517.13
2.13E+09 0.0957 4509.3
2.15E+09 0.0983 4499.89
2.18E+09 0.0931 4490.86
2.20E+09 0.0873 4484.1
2.22E+09 0.0917 4477.01
2.24E+09 0.0870 4469.53
2.27E+09 0.0906 4460.31
2.29E+09 0.0828 4452.26
2.32E+09 0.0867 4444.2
2.34E+09 0.0814 4437.11
2.36E+09 0.0825 4429.35
2.38E+09 0.0792 4422.36
2.41E+09 0.0746 4414.48
2.44E+09 0.0740 4407.32
2.46E+09 0.0751 4400
2.49E+09 0.0711 4392.88
2.52E+09 0.0715 4384.98
2.55E+09 0.0691 4376.71
2.58E+09 0.0672 4369.28
2.60E+09 0.0612 4362.88
2.64E+09 0.0669 4355.34
2.67E+09 0.0625 4347.15
2.70E+09 0.0562 4340.62
2.72E+09 0.0617 4335.81
2.75E+09 0.0576 4329.19
2.78E+09 0.0572 4322.03
2.82E+09 0.0567 4314.05
2.85E+09 0.0520 4306.88
2.88E+09 0.0548 4300.76
2.92E+09 0.0535 4293.42
2.95E+09 0.0511 4286.77
2.99E+09 0.0460 4280.08
3.02E+09 0.0502 4274.69
3.05E+09 0.0462 4269.22
3.08E+09 0.0471 4263.98
3.11E+09 0.0450 4258.24
3.14E+09 0.0436 4252.7
3.18E+09 0.0405 4246.64
3.21E+09 0.0421 4241.44
3.25E+09 0.0383 4235.19
3.29E+09 0.0417 4229.8
3.32E+09 0.0400 4224.3
3.36E+09 0.0383 4219.03
3.40E+09 0.0361 4213.88
3.43E+09 0.0365 4208.52
3.47E+09 0.0349 4203.45
3.51E+09 0.0321 4198.27
3.55E+09 0.0302 4193.91
3.59E+09 0.0321 4189.68
3.62E+09 0.0309 4185.58
3.66E+09 0.0314 4181.21
3.70E+09 0.0287 4176.66
3.73E+09 0.0308 4172.51
3.77E+09 0.0303 4168.19
3.81E+09 0.0300 4163.84
3.85E+09 0.0249 4159.49
3.89E+09 0.0258 4155.67
3.93E+09 0.0272 4151.54
3.97E+09 0.0247 4147.51
4.01E+09 0.0268 4143.39
4.05E+09 0.0239 4139.5
4.09E+09 0.0252 4135.72
4.14E+09 0.0220 4131.94
4.18E+09 0.0244 4128.24
4.22E+09 0.0231 4124.7
4.26E+09 0.0213 4121.08
4.30E+09 0.0199 4117.67
4.35E+09 0.0201 4114.44
4.39E+09 0.0204 4110.82
4.43E+09 0.0199 4108.02
4.47E+09 0.0176 4105.02
4.52E+09 0.0190 4101.91
4.55E+09 0.0200 4099.04
4.60E+09 0.0183 4095.85
4.64E+09 0.0186 4092.81
4.69E+09 0.0177 4089.57
4.73E+09 0.0165 4086.53
4.78E+09 0.0187 4083.59
4.82E+09 0.0160 4080.55
4.87E+09 0.0164 4077.7
4.92E+09 0.0163 4074.79
4.96E+09 0.0148 4072.32
