0.00E+00 -0.4710 4669.91
2.63E+08 0.1023 4585.42
2.70E+08 0.1346 4582.68
2.76E+08 0.1468 4579.19
2.99E+08 0.1491 4567.38
3.14E+08 0.1667 4558.36
3.57E+08 0.1586 4534.25
3.93E+08 0.1736 4512.86
4.51E+08 0.1584 4478.3
5.64E+08 0.1394 4418.47
6.46E+08 0.1263 4379.54
7.05E+08 0.1371 4352.59
7.42E+08 0.1286 4335.09
7.73E+08 0.1309 4320.69
7.97E+08 0.1380 4308.97
8.25E+08 0.1344 4295.74
8.47E+08 0.1431 4284.57
8.71E+08 0.1334 4272.97
8.96E+08 0.1262 4261.56
9.19E+08 0.1208 4251.51
9.32E+08 0.1197 4245.61
9.46E+08 0.1165 4239.67
9.65E+08 0.1055 4232.33
9.83E+08 0.0983 4225.85
1.00E+09 0.1080 4218.23
1.02E+09 0.1141 4210.59
1.05E+09 0.1049 4201.37
1.07E+09 0.0950 4193.96
1.09E+09 0.1015 4187.84
1.11E+09 0.0943 4179.27
1.13E+09 0.0917 4172.55
1.15E+09 0.0834 4165.64
1.17E+09 0.0896 4159.18
1.20E+09 0.0856 4149.33
1.23E+09 0.0883 4141.69
1.25E+09 0.0835 4134.95
1.27E+09 0.0744 4129.45
1.29E+09 0.0768 4125.15
1.31E+09 0.0692 4120.02
1.33E+09 0.0788 4114.7
1.34E+09 0.0808 4109.95
1.36E+09 0.0754 4104.21
1.38E+09 0.0745 4099.47
1.40E+09 0.0720 4094.85
1.42E+09 0.0635 4090.2
1.44E+09 0.0749 4086.1
1.46E+09 0.0688 4080.49
1.48E+09 0.0672 4076.66
1.49E+09 0.0708 4073.04
1.51E+09 0.0710 4067.06
1.53E+09 0.0658 4061.98
1.55E+09 0.0674 4057.59
1.57E+09 0.0688 4053.71
1.59E+09 0.0628 4048.02
1.61E+09 0.0638 4044.44
1.63E+09 0.0635 4040.05
1.65E+09 0.0569 4035.96
1.66E+09 0.0618 4032.17
1.68E+09 0.0555 4029.03
1.70E+09 0.0629 4025.64
1.72E+09 0.0624 4020.51
1.74E+09 0.0557 4015.77
1.76E+09 0.0573 4011.88
1.79E+09 0.0602 4006.4
1.81E+09 0.0572 4001.79
1.83E+09 0.0600 3997.65
1.85E+09 0.0566 3992.69
1.87E+09 0.0548 3988.67
1.90E+09 0.0547 3983.9
1.92E+09 0.0519 3979.56
1.94E+09 0.0542 3975.27
1.97E+09 0.0499 3970.84
1.99E+09 0.0541 3966.7
2.02E+09 0.0470 3962.12
2.04E+09 0.0428 3958.47
2.06E+09 0.0491 3955.15
2.08E+09 0.0481 3950.83
2.11E+09 0.0449 3946.81
2.13E+09 0.0444 3942.59
2.16E+09 0.0476 3938.3
2.19E+09 0.0458 3934.07
2.21E+09 0.0429 3930.23
2.24E+09 0.0447 3925.94
2.27E+09 0.0431 3921.33
2.29E+09 0.0427 3917.34
2.32E+09 0.0435 3912.82
2.35E+09 0.0416 3908.73
2.38E+09 0.0421 3904.24
2.41E+09 0.0413 3899.98
2.44E+09 0.0404 3895.39
2.47E+09 0.0388 3890.94
2.51E+09 0.0402 3886.12
2.54E+09 0.0382 3881.46
2.57E+09 0.0365 3877.81
2.60E+09 0.0349 3873.51
2.64E+09 0.0393 3868.88
2.67E+09 0.0363 3864.4
2.71E+09 0.0359 3859.85
2.74E+09 0.0357 3855.02
2.78E+09 0.0347 3850.23
2.81E+09 0.0336 3846.06
2.85E+09 0.0330 3841.55
2.88E+09 0.0301 3838.04
2.92E+09 0.0282 3834.67
2.95E+09 0.0270 3831.8
2.98E+09 0.0287 3828.44
3.01E+09 0.0293 3825.68
3.04E+09 0.0292 3821.81
3.08E+09 0.0308 3817.62
3.12E+09 0.0308 3812.98
3.16E+09 0.0294 3808.66
3.20E+09 0.0287 3804.69
3.24E+09 0.0274 3800.52
3.28E+09 0.0265 3796.61
3.32E+09 0.0248 3792.91
3.36E+09 0.0244 3789.82
3.40E+09 0.0239 3786.59
3.43E+09 0.0219 3783.6
3.47E+09 0.0213 3780.71
3.51E+09 0.0213 3777.92
3.54E+09 0.0219 3775.38
3.58E+09 0.0201 3772.49
3.61E+09 0.0212 3769.93
3.65E+09 0.0204 3766.93
3.69E+09 0.0186 3764.09
3.73E+09 0.0225 3761.04
3.78E+09 0.0198 3757.94
3.82E+09 0.0186 3755.14
3.85E+09 0.0168 3752.87
3.90E+09 0.0210 3750.16
3.94E+09 0.0205 3746.87
3.99E+09 0.0195 3743.66
4.03E+09 0.0197 3740.36
4.08E+09 0.0196 3737.15
4.12E+09 0.0186 3734.2
4.17E+09 0.0167 3731.14
4.22E+09 0.0152 3728.49
4.27E+09 0.0194 3725.54
4.31E+09 0.0175 3722.37
4.36E+09 0.0171 3719.76
4.40E+09 0.0157 3717.11
4.45E+09 0.0164 3714.28
4.50E+09 0.0150 3711.51
4.55E+09 0.0162 3708.89
4.59E+09 0.0154 3706.42
4.64E+09 0.0142 3703.97
4.68E+09 0.0131 3702.03
4.72E+09 0.0141 3699.89
4.77E+09 0.0156 3697.39
4.82E+09 0.0133 3694.81
4.87E+09 0.0133 3692.44
4.92E+09 0.0146 3689.93
4.98E+09 0.0144 3686.96
