0.00E+00 -0.3424 4217.61
3.75E+07 0.2246 4206.48
5.07E+07 0.2544 4196.47
6.82E+07 0.2432 4182.61
1.05E+08 0.2125 4155.76
1.41E+08 0.2427 4131.45
1.89E+08 0.2286 4096.57
2.33E+08 0.2215 4065.06
2.64E+08 0.2099 4044.25
2.84E+08 0.2033 4031.2
2.97E+08 0.1990 4023.3
3.09E+08 0.1951 4015.48
3.26E+08 0.1914 4005.5
3.42E+08 0.1867 3996.13
3.54E+08 0.1823 3988.99
3.70E+08 0.1763 3980.25
3.83E+08 0.1737 3972.77
3.94E+08 0.1710 3967.16
4.05E+08 0.1667 3961.29
4.18E+08 0.1643 3954.63
4.29E+08 0.1623 3948.66
4.45E+08 0.1581 3941.1
4.56E+08 0.1550 3935.4
4.70E+08 0.1522 3928.77
4.82E+08 0.1467 3923.04
4.93E+08 0.1450 3918.07
5.04E+08 0.1428 3913.39
5.15E+08 0.1391 3908.46
5.26E+08 0.1360 3903.61
5.38E+08 0.1345 3898.54
5.50E+08 0.1312 3893.71
5.61E+08 0.1277 3889.09
5.72E+08 0.1261 3884.7
5.84E+08 0.1227 3880.17
5.96E+08 0.1208 3875.42
6.09E+08 0.1169 3870.47
6.18E+08 0.1163 3867.17
6.32E+08 0.1138 3862.45
6.45E+08 0.1106 3857.93
6.59E+08 0.1084 3852.81
6.76E+08 0.1052 3847.36
6.91E+08 0.1021 3842.38
7.07E+08 0.0993 3837.25
7.22E+08 0.0964 3832.66
7.37E+08 0.0945 3828.39
7.53E+08 0.0920 3823.73
7.67E+08 0.0897 3819.78
7.82E+08 0.0880 3815.55
7.98E+08 0.0866 3811.06
8.12E+08 0.0841 3807.5
8.25E+08 0.0828 3803.95
8.37E+08 0.0822 3800.86
8.52E+08 0.0814 3797.16
8.64E+08 0.0801 3794.02
8.76E+08 0.0799 3790.94
8.90E+08 0.0790 3787.54
9.03E+08 0.0795 3784.31
9.13E+08 0.0786 3781.84
9.26E+08 0.0777 3778.69
9.37E+08 0.0777 3775.96
9.50E+08 0.0766 3773.01
9.62E+08 0.0755 3770.07
9.74E+08 0.0760 3767.25
9.87E+08 0.0750 3764.13
1.00E+09 0.0753 3760.95
1.01E+09 0.0735 3758.25
1.02E+09 0.0736 3755.52
1.04E+09 0.0735 3752.75
1.05E+09 0.0730 3750.2
1.06E+09 0.0737 3747.45
1.07E+09 0.0722 3744.2
1.09E+09 0.0718 3741.33
1.10E+09 0.0727 3738.24
1.11E+09 0.0707 3735
1.13E+09 0.0707 3731.52
1.14E+09 0.0698 3728.78
1.16E+09 0.0696 3726.01
1.17E+09 0.0689 3722.49
1.19E+09 0.0691 3719.53
1.20E+09 0.0687 3716.32
1.21E+09 0.0684 3713.31
1.23E+09 0.0676 3710.12
1.24E+09 0.0680 3707.16
1.26E+09 0.0671 3703.84
1.27E+09 0.0668 3700.78
1.29E+09 0.0662 3697.75
1.30E+09 0.0664 3694.57
1.32E+09 0.0651 3691.35
1.33E+09 0.0645 3688.4
1.35E+09 0.0645 3685.55
1.36E+09 0.0646 3682.62
1.38E+09 0.0632 3679.53
1.39E+09 0.0631 3676.63
1.41E+09 0.0631 3673.38
1.42E+09 0.0625 3670.68
1.44E+09 0.0630 3667.57
1.45E+09 0.0616 3664.85
1.47E+09 0.0615 3661.82
1.48E+09 0.0614 3658.73
1.50E+09 0.0612 3655.83
1.51E+09 0.0602 3653.04
1.53E+09 0.0597 3650.2
1.54E+09 0.0590 3647.58
1.56E+09 0.0587 3644.57
1.58E+09 0.0589 3641.71
1.59E+09 0.0587 3638.59
1.61E+09 0.0579 3635.77
1.62E+09 0.0570 3633.1
1.64E+09 0.0567 3630.14
1.66E+09 0.0566 3627.13
1.67E+09 0.0559 3624.21
1.69E+09 0.0553 3621.39
1.70E+09 0.0556 3618.9
1.72E+09 0.0550 3615.93
1.74E+09 0.0551 3612.98
1.75E+09 0.0546 3610
1.77E+09 0.0546 3607.1
1.79E+09 0.0541 3604.02
1.81E+09 0.0528 3601.03
1.82E+09 0.0531 3598.54
1.84E+09 0.0526 3595.28
1.86E+09 0.0518 3592.34
1.88E+09 0.0521 3589.41
1.90E+09 0.0516 3586.59
1.91E+09 0.0510 3583.85
1.93E+09 0.0503 3581
1.95E+09 0.0504 3578.37
1.97E+09 0.0498 3575.74
1.98E+09 0.0499 3573.16
2.00E+09 0.0497 3570.3
2.02E+09 0.0488 3567.54
2.04E+09 0.0485 3565.01
2.05E+09 0.0477 3562.27
2.07E+09 0.0482 3559.63
2.09E+09 0.0475 3556.8
2.11E+09 0.0472 3554.19
2.13E+09 0.0465 3551.48
2.14E+09 0.0462 3548.76
2.16E+09 0.0464 3546.1
2.18E+09 0.0456 3543.29
2.20E+09 0.0453 3540.75
2.22E+09 0.0445 3537.96
2.24E+09 0.0445 3535.15
2.26E+09 0.0443 3532.68
2.28E+09 0.0439 3530.05
2.30E+09 0.0442 3527.2
2.32E+09 0.0433 3524.68
2.34E+09 0.0428 3522.1
2.35E+09 0.0432 3519.61
2.37E+09 0.0427 3517.01
2.39E+09 0.0422 3514.62
2.41E+09 0.0419 3512.04
2.43E+09 0.0419 3509.25
2.45E+09 0.0409 3506.71
2.47E+09 0.0411 3504.24
2.49E+09 0.0404 3501.67
2.51E+09 0.0408 3499.11
2.53E+09 0.0406 3496.4
2.55E+09 0.0393 3493.81
2.57E+09 0.0397 3491.53
2.59E+09 0.0393 3489.05
2.61E+09 0.0392 3486.58
2.63E+09 0.0381 3484.11
2.65E+09 0.0384 3481.47
2.67E+09 0.0375 3479.4
2.69E+09 0.0381 3477.38
2.71E+09 0.0370 3475.06
2.73E+09 0.0373 3472.86
2.75E+09 0.0371 3470.55
2.77E+09 0.0372 3468.22
2.79E+09 0.0364 3465.48
2.82E+09 0.0363 3462.75
2.84E+09 0.0356 3460.14
2.86E+09 0.0353 3457.45
2.89E+09 0.0353 3454.95
2.91E+09 0.0344 3452.62
2.93E+09 0.0342 3450.35
2.95E+09 0.0342 3447.78
2.98E+09 0.0339 3445.06
3.00E+09 0.0338 3442.77
3.02E+09 0.0334 3440.37
3.05E+09 0.0327 3437.9
3.07E+09 0.0328 3435.74
3.09E+09 0.0328 3433.3
3.12E+09 0.0324 3430.64
3.14E+09 0.0319 3427.99
3.17E+09 0.0315 3425.2
3.20E+09 0.0315 3422.72
3.22E+09 0.0314 3420.25
3.25E+09 0.0308 3417.42
3.28E+09 0.0303 3414.89
3.30E+09 0.0300 3412.43
3.33E+09 0.0302 3410.19
3.36E+09 0.0299 3407.63
3.38E+09 0.0295 3405.27
3.41E+09 0.0290 3402.84
3.43E+09 0.0291 3400.44
3.46E+09 0.0285 3398.25
3.49E+09 0.0281 3395.79
3.52E+09 0.0281 3393.17
3.54E+09 0.0281 3390.78
3.57E+09 0.0272 3388.11
3.60E+09 0.0269 3385.59
3.63E+09 0.0268 3383.12
3.66E+09 0.0265 3380.57
3.69E+09 0.0263 3378.19
3.72E+09 0.0255 3375.63
3.75E+09 0.0254 3373.27
3.78E+09 0.0252 3371.21
3.81E+09 0.0255 3369.16
3.84E+09 0.0247 3366.9
3.86E+09 0.0249 3364.8
3.89E+09 0.0249 3362.51
3.92E+09 0.0241 3360.2
3.95E+09 0.0234 3357.98
3.98E+09 0.0240 3355.72
4.01E+09 0.0237 3353.37
4.05E+09 0.0229 3350.92
4.08E+09 0.0233 3348.54
4.11E+09 0.0233 3346.36
4.14E+09 0.0224 3344.22
4.17E+09 0.0223 3342.26
4.20E+09 0.0226 3339.98
4.23E+09 0.0223 3337.62
4.27E+09 0.0220 3335.42
4.30E+09 0.0216 3333.08
4.33E+09 0.0215 3330.88
4.37E+09 0.0210 3328.44
4.41E+09 0.0210 3325.99
4.44E+09 0.0207 3323.81
4.47E+09 0.0202 3321.69
4.51E+09 0.0204 3319.34
4.55E+09 0.0195 3317.26
4.58E+09 0.0199 3315.11
4.62E+09 0.0200 3312.71
4.65E+09 0.0194 3310.55
4.69E+09 0.0190 3308.33
4.73E+09 0.0194 3306.13
4.77E+09 0.0189 3303.83
4.80E+09 0.0193 3301.65
4.84E+09 0.0187 3299.44
4.88E+09 0.0182 3297.34
4.91E+09 0.0182 3295.18
4.96E+09 0.0181 3292.72
5.00E+09 0.0181 3290.44
