0.00E+00 -0.6999 5514.89
1.71E+08 0.1800 5408.87
2.20E+08 0.1777 5373.94
2.60E+08 0.1814 5347.15
2.98E+08 0.1830 5322.46
3.36E+08 0.1690 5298.57
3.61E+08 0.1699 5282.87
3.92E+08 0.1606 5264.62
4.15E+08 0.1606 5250.67
4.44E+08 0.1509 5234.47
4.64E+08 0.1543 5223.49
4.86E+08 0.1513 5211.14
5.05E+08 0.1530 5201.07
5.17E+08 0.1687 5194.28
5.19E+08 0.2195 5192.48
5.24E+08 0.2841 5188.51
5.41E+08 0.2499 5171.21
5.78E+08 0.2242 5140.34
6.18E+08 0.2278 5108.15
6.46E+08 0.2378 5084.35
6.73E+08 0.2495 5059.85
7.04E+08 0.2488 5031.67
7.32E+08 0.2427 5006.34
7.89E+08 0.2159 4958.84
8.47E+08 0.1886 4916.24
9.11E+08 0.1760 4875.68
9.58E+08 0.2261 4841.04
1.02E+09 0.2206 4788.98
1.09E+09 0.1890 4741.48
1.11E+09 0.1849 4729.73
1.12E+09 0.1729 4722.65
1.13E+09 0.1456 4713.15
1.15E+09 0.1683 4704.92
1.16E+09 0.1611 4694.93
1.18E+09 0.1590 4683.24
1.20E+09 0.1588 4672.88
1.22E+09 0.1496 4663.54
1.23E+09 0.1530 4655.95
1.25E+09 0.1558 4648.75
1.26E+09 0.1441 4640.8
1.28E+09 0.1517 4632.44
1.29E+09 0.1396 4623.7
1.31E+09 0.1423 4616.27
1.32E+09 0.1422 4608.2
1.34E+09 0.1441 4599.42
1.35E+09 0.1318 4592.57
1.37E+09 0.1311 4586.6
1.38E+09 0.1323 4579.61
1.40E+09 0.1345 4573.16
1.41E+09 0.1288 4565.74
1.43E+09 0.1347 4557.43
1.44E+09 0.1247 4550.45
1.46E+09 0.1313 4542.15
1.48E+09 0.1260 4533.01
1.50E+09 0.1243 4526.45
1.51E+09 0.1149 4518.61
1.53E+09 0.1147 4511.02
1.55E+09 0.1235 4503.8
1.57E+09 0.1181 4495.93
1.59E+09 0.1140 4487.82
1.60E+09 0.1148 4480.66
1.62E+09 0.1119 4473.33
1.64E+09 0.1097 4466.07
1.66E+09 0.1115 4459.26
1.67E+09 0.1065 4451.91
1.69E+09 0.1022 4445.96
1.71E+09 0.1110 4440.03
1.72E+09 0.1021 4433.84
1.74E+09 0.0997 4427.35
1.75E+09 0.1046 4422.37
1.77E+09 0.0967 4416.01
1.79E+09 0.1003 4410.12
1.81E+09 0.0973 4402.4
1.83E+09 0.0915 4396.66
1.84E+09 0.0960 4390.74
1.86E+09 0.0985 4384.24
1.88E+09 0.0907 4376.46
1.90E+09 0.0910 4370.56
1.92E+09 0.0901 4364.04
1.95E+09 0.0845 4357.25
1.97E+09 0.0898 4350.89
1.99E+09 0.0901 4343.74
2.01E+09 0.0828 4336.96
2.03E+09 0.0853 4331.36
2.05E+09 0.0848 4324.78
2.07E+09 0.0820 4318.25
2.09E+09 0.0751 4311.89
2.11E+09 0.0843 4305.58
2.14E+09 0.0773 4298.56
2.16E+09 0.0783 4292.31
2.18E+09 0.0740 4285.86
2.21E+09 0.0714 4280.12
2.23E+09 0.0724 4274.8
2.25E+09 0.0743 4268.16
2.28E+09 0.0712 4261.93
2.30E+09 0.0682 4256.04
2.32E+09 0.0643 4250.37
2.35E+09 0.0654 4244.81
2.37E+09 0.0657 4239.29
2.40E+09 0.0616 4233.59
2.42E+09 0.0623 4228.4
2.44E+09 0.0620 4222.67
2.47E+09 0.0578 4217.42
2.50E+09 0.0617 4211.49
2.52E+09 0.0562 4206.17
2.55E+09 0.0601 4200.23
2.58E+09 0.0587 4193.9
2.60E+09 0.0582 4189.36
2.63E+09 0.0582 4183.55
2.65E+09 0.0531 4178.14
2.68E+09 0.0525 4173.33
2.71E+09 0.0545 4167.55
2.74E+09 0.0513 4161.89
2.76E+09 0.0505 4157.31
2.79E+09 0.0485 4152.19
2.82E+09 0.0479 4147.24
2.85E+09 0.0453 4142.4
2.88E+09 0.0463 4137.57
2.91E+09 0.0435 4133
2.94E+09 0.0491 4128.44
2.97E+09 0.0411 4123.19
3.00E+09 0.0426 4118.57
3.03E+09 0.0462 4113.68
3.06E+09 0.0448 4107.79
3.09E+09 0.0412 4103.09
3.13E+09 0.0396 4098.17
3.16E+09 0.0373 4093.36
3.20E+09 0.0383 4088.75
3.23E+09 0.0360 4084.28
3.27E+09 0.0373 4079.54
3.30E+09 0.0353 4075.4
3.33E+09 0.0380 4070.56
3.37E+09 0.0322 4066.27
3.40E+09 0.0359 4061.73
3.44E+09 0.0335 4056.85
3.48E+09 0.0323 4052.1
3.52E+09 0.0341 4047.55
3.56E+09 0.0297 4043.36
3.60E+09 0.0302 4039.33
3.64E+09 0.0290 4035.12
3.67E+09 0.0277 4031.17
3.71E+09 0.0286 4027.35
3.75E+09 0.0298 4023.39
3.79E+09 0.0291 4018.94
3.83E+09 0.0244 4015.24
3.87E+09 0.0276 4011.35
3.91E+09 0.0274 4007.27
3.96E+09 0.0266 4002.89
4.00E+09 0.0245 3998.9
4.04E+09 0.0245 3995.13
4.09E+09 0.0244 3991.31
4.13E+09 0.0221 3987.46
4.17E+09 0.0252 3983.82
4.22E+09 0.0214 3980.01
4.26E+09 0.0236 3976.48
4.31E+09 0.0207 3972.8
4.35E+09 0.0235 3969.58
4.40E+09 0.0202 3966.02
4.44E+09 0.0213 3962.6
4.49E+09 0.0203 3959.34
4.53E+09 0.0201 3955.81
4.58E+09 0.0202 3952.47
4.62E+09 0.0193 3949.21
4.67E+09 0.0189 3945.98
4.72E+09 0.0191 3942.86
4.77E+09 0.0173 3939.33
4.82E+09 0.0174 3936.05
4.87E+09 0.0176 3933.01
4.92E+09 0.0169 3929.89
4.97E+09 0.0174 3926.97
