0.00E+00 -0.5013 4975.54
2.63E+07 0.2953 4964.88
3.26E+07 0.3395 4959.65
3.94E+07 0.3738 4953.33
4.55E+07 0.3856 4947.17
5.56E+07 0.3920 4937.04
6.81E+07 0.3753 4924.55
8.87E+07 0.3434 4905.25
1.08E+08 0.3659 4888.06
1.28E+08 0.3700 4868.29
1.51E+08 0.3708 4845.97
1.67E+08 0.3581 4830.16
1.81E+08 0.3563 4817.97
1.93E+08 0.3498 4806.01
2.08E+08 0.3457 4793.21
2.18E+08 0.3372 4783.62
2.28E+08 0.3346 4775.17
2.36E+08 0.3292 4768.46
2.45E+08 0.3270 4760.76
2.53E+08 0.3248 4753.49
2.60E+08 0.3194 4747.26
2.68E+08 0.3145 4741.08
2.75E+08 0.3138 4735.05
2.82E+08 0.3085 4729.9
2.90E+08 0.3074 4723.09
2.97E+08 0.3006 4717.34
3.03E+08 0.2988 4713.12
3.09E+08 0.2976 4707.98
3.17E+08 0.2968 4701.94
3.25E+08 0.2904 4695.49
3.32E+08 0.2860 4690.48
3.40E+08 0.2846 4684.58
3.48E+08 0.2821 4678.86
3.55E+08 0.2769 4673.22
3.61E+08 0.2754 4668.82
3.68E+08 0.2735 4664.17
3.74E+08 0.2675 4660.22
3.81E+08 0.2676 4654.98
3.88E+08 0.2636 4650.07
3.95E+08 0.2604 4645.68
4.01E+08 0.2576 4641.5
4.08E+08 0.2555 4636.78
4.15E+08 0.2522 4631.8
4.22E+08 0.2501 4627.7
4.28E+08 0.2463 4623.57
4.35E+08 0.2453 4619.06
4.42E+08 0.2434 4614.44
4.50E+08 0.2390 4609.63
4.58E+08 0.2373 4604.65
4.65E+08 0.2334 4599.98
4.73E+08 0.2312 4595.38
4.80E+08 0.2281 4590.94
4.87E+08 0.2265 4586.99
4.94E+08 0.2234 4582.79
5.01E+08 0.2220 4579.08
5.07E+08 0.2178 4575.36
5.13E+08 0.2183 4571.75
5.20E+08 0.2137 4568.2
5.25E+08 0.2148 4564.96
5.31E+08 0.2124 4561.58
5.37E+08 0.2121 4558.47
5.44E+08 0.2129 4554.5
5.51E+08 0.2092 4550.59
5.57E+08 0.2089 4547.63
5.62E+08 0.2070 4544.76
5.68E+08 0.2081 4541.61
5.74E+08 0.2071 4538.38
5.80E+08 0.2052 4534.78
5.87E+08 0.2049 4531.24
5.93E+08 0.2041 4527.95
6.00E+08 0.2034 4524.22
6.06E+08 0.2015 4521.37
6.11E+08 0.2002 4518.26
6.18E+08 0.1993 4515.02
6.24E+08 0.2001 4511.63
6.30E+08 0.1990 4508.39
6.37E+08 0.1985 4505.16
6.43E+08 0.1975 4501.59
6.49E+08 0.1968 4498.79
6.55E+08 0.1962 4495.6
6.60E+08 0.1967 4492.89
6.67E+08 0.1950 4489.58
6.72E+08 0.1974 4486.88
6.78E+08 0.1952 4483.77
6.84E+08 0.1942 4480.63
6.90E+08 0.1936 4477.62
6.97E+08 0.1927 4474.03
7.03E+08 0.1910 4471.23
7.08E+08 0.1907 4468.55
7.15E+08 0.1911 4465.39
7.20E+08 0.1877 4462.63
7.27E+08 0.1894 4459.22
7.33E+08 0.1880 4456.24
7.39E+08 0.1886 4453.22
7.46E+08 0.1865 4450.12
7.51E+08 0.1862 4447.68
7.56E+08 0.1858 4444.95
7.62E+08 0.1857 4442.03
7.68E+08 0.1844 4439.29
7.75E+08 0.1830 4435.84
7.80E+08 0.1833 4433.49
7.86E+08 0.1820 4430.84
7.90E+08 0.1819 4428.59
7.97E+08 0.1831 4425.25
8.05E+08 0.1820 4421.8
8.12E+08 0.1817 4418.18
8.19E+08 0.1796 4414.99
8.25E+08 0.1800 4412.4
8.32E+08 0.1780 4409.14
8.37E+08 0.1774 4406.41
8.43E+08 0.1783 4403.71
8.50E+08 0.1760 4400.63
8.55E+08 0.1761 4398.22
8.62E+08 0.1762 4394.89
8.68E+08 0.1741 4392.49
8.72E+08 0.1759 4390.4
8.78E+08 0.1735 4387.66
8.84E+08 0.1736 4385.18
8.90E+08 0.1735 4382.42
8.97E+08 0.1720 4379.22
9.02E+08 0.1724 4376.95
9.09E+08 0.1727 4373.86
9.15E+08 0.1704 4370.95
9.21E+08 0.1698 4368.21
9.29E+08 0.1700 4364.81
9.36E+08 0.1694 4361.69
9.43E+08 0.1692 4358.7
9.49E+08 0.1678 4355.88
9.56E+08 0.1684 4352.83
9.62E+08 0.1674 4350.34
9.67E+08 0.1664 4347.99
9.74E+08 0.1667 4345.09
9.80E+08 0.1650 4342.19
9.87E+08 0.1665 4339.51
9.94E+08 0.1657 4336.41
1.00E+09 0.1636 4333.23
1.01E+09 0.1626 4330.19
1.01E+09 0.1630 4327.48
1.02E+09 0.1618 4324.37
1.03E+09 0.1621 4321.57
1.04E+09 0.1607 4318.39
1.04E+09 0.1611 4315.98
1.05E+09 0.1604 4313.15
1.05E+09 0.1609 4310.61
1.06E+09 0.1580 4307.83
1.07E+09 0.1592 4304.83
1.08E+09 0.1589 4301.83
1.08E+09 0.1587 4299.29
1.09E+09 0.1583 4296.67
1.09E+09 0.1568 4293.95
1.10E+09 0.1574 4291.2
1.11E+09 0.1565 4288.46
1.12E+09 0.1562 4285.49
1.12E+09 0.1550 4282.36
1.13E+09 0.1549 4279.9
1.14E+09 0.1542 4276.91
1.14E+09 0.1546 4273.65
1.15E+09 0.1518 4270.42
1.16E+09 0.1524 4267.47
1.17E+09 0.1521 4264.68
1.17E+09 0.1518 4261.94
1.18E+09 0.1522 4258.77
1.19E+09 0.1510 4256.07
1.20E+09 0.1498 4253.56
1.20E+09 0.1484 4251.46
1.21E+09 0.1493 4248.87
1.21E+09 0.1500 4246.41
1.22E+09 0.1482 4243.81
1.23E+09 0.1470 4240.9
1.24E+09 0.1469 4238.12
1.24E+09 0.1461 4235.74
1.25E+09 0.1463 4232.79
1.26E+09 0.1451 4230.26
1.26E+09 0.1449 4227.34
1.27E+09 0.1447 4224.18
1.28E+09 0.1444 4220.91
1.29E+09 0.1438 4217.83
1.30E+09 0.1426 4215.1
1.30E+09 0.1431 4212.31
1.31E+09 0.1421 4208.86
1.32E+09 0.1412 4206.51
1.33E+09 0.1420 4203.92
1.33E+09 0.1397 4201.08
1.34E+09 0.1400 4198.12
1.35E+09 0.1382 4195.3
1.36E+09 0.1385 4192.63
1.37E+09 0.1382 4189.39
1.37E+09 0.1378 4186.74
1.38E+09 0.1374 4184.02
1.39E+09 0.1375 4180.85
1.40E+09 0.1367 4177.88
1.41E+09 0.1354 4174.77
1.42E+09 0.1349 4171.77
1.42E+09 0.1346 4168.91
1.43E+09 0.1347 4165.88
1.44E+09 0.1346 4162.71
1.45E+09 0.1338 4160.05
1.46E+09 0.1318 4157.23
1.47E+09 0.1324 4153.93
1.48E+09 0.1322 4150.59
1.48E+09 0.1302 4147.72
1.49E+09 0.1296 4144.59
1.50E+09 0.1298 4141.24
1.51E+09 0.1290 4138.34
1.52E+09 0.1282 4135.16
1.53E+09 0.1276 4132.62
1.54E+09 0.1269 4129.77
1.55E+09 0.1279 4127.3
1.55E+09 0.1271 4124.88
1.56E+09 0.1265 4121.59
1.57E+09 0.1265 4119.22
1.58E+09 0.1251 4116.25
1.59E+09 0.1244 4113.58
1.60E+09 0.1239 4110.63
1.61E+09 0.1238 4107.48
1.61E+09 0.1226 4104.42
1.62E+09 0.1236 4101.44
1.63E+09 0.1217 4098.3
1.64E+09 0.1212 4095.16
1.65E+09 0.1218 4092.01
1.66E+09 0.1205 4088.58
1.67E+09 0.1212 4085.62
1.68E+09 0.1198 4082.49
1.69E+09 0.1188 4079.66
1.70E+09 0.1184 4076.62
1.71E+09 0.1175 4073.55
1.72E+09 0.1172 4070.55
1.73E+09 0.1177 4067.65
1.74E+09 0.1163 4064.56
1.75E+09 0.1157 4061.76
1.76E+09 0.1152 4058.81
1.77E+09 0.1144 4055.92
1.78E+09 0.1145 4053.02
1.79E+09 0.1136 4050.24
1.80E+09 0.1140 4047.49
1.81E+09 0.1126 4044.64
1.82E+09 0.1129 4041.85
1.83E+09 0.1118 4039.07
1.84E+09 0.1112 4036.24
1.85E+09 0.1107 4033.32
1.86E+09 0.1101 4030.53
1.86E+09 0.1093 4028.25
1.87E+09 0.1094 4025.66
1.88E+09 0.1080 4023.27
1.89E+09 0.1089 4020.64
1.90E+09 0.1090 4017.92
1.91E+09 0.1078 4015.01
1.92E+09 0.1080 4012.53
1.93E+09 0.1070 4009.85
1.94E+09 0.1082 4007.17
1.95E+09 0.1068 4004.15
1.96E+09 0.1060 4000.96
1.97E+09 0.1056 3997.95
1.98E+09 0.1043 3995.05
1.99E+09 0.1050 3992.16
2.00E+09 0.1040 3989.22
2.02E+09 0.1031 3986.16
2.03E+09 0.1031 3983.43
2.04E+09 0.1032 3980.49
2.05E+09 0.1029 3977.82
2.06E+09 0.1018 3975.21
2.07E+09 0.1019 3972.24
2.08E+09 0.1007 3969.4
2.09E+09 0.1011 3966.6
2.10E+09 0.0999 3963.91
2.11E+09 0.1001 3961.19
2.12E+09 0.0986 3958.39
2.13E+09 0.0990 3955.8
2.14E+09 0.0987 3953.17
2.15E+09 0.0982 3950.42
2.16E+09 0.0982 3947.66
2.17E+09 0.0978 3945.23
2.18E+09 0.0962 3942.71
2.19E+09 0.0971 3940.02
2.20E+09 0.0958 3937.21
2.21E+09 0.0961 3934.81
2.22E+09 0.0960 3932.18
2.24E+09 0.0944 3929.16
2.25E+09 0.0945 3926.47
2.26E+09 0.0942 3923.66
2.27E+09 0.0924 3921.44
2.28E+09 0.0934 3919.06
2.29E+09 0.0927 3916.28
2.30E+09 0.0918 3913.31
2.31E+09 0.0926 3911.09
2.32E+09 0.0915 3908.63
2.33E+09 0.0913 3905.7
2.34E+09 0.0905 3902.95
2.36E+09 0.0901 3900.28
2.37E+09 0.0899 3897.51
2.38E+09 0.0889 3894.68
2.39E+09 0.0895 3892.28
2.40E+09 0.0882 3889.25
2.42E+09 0.0876 3886.33
2.43E+09 0.0885 3884.04
2.44E+09 0.0876 3881.21
2.45E+09 0.0876 3878.93
2.46E+09 0.0868 3876.24
2.47E+09 0.0859 3873.51
2.48E+09 0.0857 3870.94
2.50E+09 0.0858 3868.16
2.51E+09 0.0859 3865.39
2.52E+09 0.0848 3862.66
2.53E+09 0.0843 3859.57
2.54E+09 0.0838 3857.15
2.56E+09 0.0825 3854.68
2.57E+09 0.0826 3852.22
2.58E+09 0.0823 3849.59
2.59E+09 0.0821 3847.21
2.60E+09 0.0821 3844.56
2.62E+09 0.0808 3841.65
2.63E+09 0.0812 3839.19
2.64E+09 0.0799 3836.49
2.65E+09 0.0811 3834.12
2.66E+09 0.0799 3831.6
2.68E+09 0.0795 3828.83
2.69E+09 0.0787 3826.12
2.70E+09 0.0786 3823.46
2.72E+09 0.0778 3821.06
2.73E+09 0.0780 3818.37
2.74E+09 0.0781 3815.58
2.75E+09 0.0766 3813.52
2.76E+09 0.0755 3811.18
2.78E+09 0.0767 3808.68
2.79E+09 0.0766 3806.39
2.80E+09 0.0760 3803.81
2.81E+09 0.0757 3801.22
2.83E+09 0.0752 3798.54
2.84E+09 0.0740 3796.08
2.85E+09 0.0746 3793.6
2.87E+09 0.0739 3791.08
2.88E+09 0.0729 3788.54
2.89E+09 0.0731 3786.39
2.91E+09 0.0731 3783.71
2.92E+09 0.0720 3781.08
2.93E+09 0.0721 3778.34
2.95E+09 0.0715 3775.61
2.96E+09 0.0713 3773.27
2.97E+09 0.0707 3770.74
2.99E+09 0.0704 3768.69
3.00E+09 0.0700 3766.55
3.01E+09 0.0694 3764.15
3.02E+09 0.0691 3761.85
3.04E+09 0.0682 3759.54
3.05E+09 0.0689 3757.18
3.06E+09 0.0683 3755.05
3.08E+09 0.0677 3752.49
3.09E+09 0.0688 3750.13
3.10E+09 0.0669 3747.77
3.12E+09 0.0671 3745.35
3.13E+09 0.0664 3742.53
3.15E+09 0.0661 3739.64
3.16E+09 0.0662 3736.94
3.18E+09 0.0656 3734.41
3.19E+09 0.0644 3731.85
3.21E+09 0.0651 3729.38
3.22E+09 0.0653 3726.6
3.24E+09 0.0634 3723.92
3.26E+09 0.0631 3721.27
3.27E+09 0.0630 3718.95
3.28E+09 0.0627 3716.59
3.30E+09 0.0623 3714.11
3.32E+09 0.0620 3711.55
3.33E+09 0.0613 3708.99
3.35E+09 0.0616 3706.45
3.36E+09 0.0613 3703.75
3.38E+09 0.0609 3701.16
3.40E+09 0.0603 3698.64
3.41E+09 0.0601 3696.18
3.43E+09 0.0594 3693.98
3.44E+09 0.0583 3691.71
3.46E+09 0.0587 3689
3.47E+09 0.0590 3686.59
3.49E+09 0.0580 3684
3.51E+09 0.0576 3681.78
3.52E+09 0.0574 3679.51
3.54E+09 0.0571 3677.15
3.55E+09 0.0572 3674.96
3.57E+09 0.0558 3672.62
3.58E+09 0.0562 3670.17
3.60E+09 0.0553 3667.81
3.62E+09 0.0554 3665.26
3.64E+09 0.0550 3662.74
3.65E+09 0.0548 3660.07
3.67E+09 0.0543 3657.53
3.69E+09 0.0538 3655.17
3.70E+09 0.0538 3653.01
3.72E+09 0.0525 3650.71
3.74E+09 0.0531 3648.65
3.75E+09 0.0530 3646.21
3.77E+09 0.0517 3643.84
3.79E+09 0.0512 3641.34
3.80E+09 0.0510 3639.17
3.82E+09 0.0513 3637.13
3.84E+09 0.0512 3634.9
3.85E+09 0.0508 3632.72
3.87E+09 0.0502 3630.21
3.89E+09 0.0498 3627.72
3.91E+09 0.0492 3625.23
3.93E+09 0.0487 3622.99
3.94E+09 0.0490 3620.86
3.96E+09 0.0490 3618.52
3.98E+09 0.0490 3616.32
4.00E+09 0.0486 3614.14
4.01E+09 0.0479 3612.06
4.03E+09 0.0479 3610.07
4.05E+09 0.0468 3607.66
4.07E+09 0.0471 3605.28
4.09E+09 0.0460 3602.97
4.10E+09 0.0465 3600.82
4.13E+09 0.0458 3598.26
4.14E+09 0.0455 3596.08
4.16E+09 0.0456 3593.77
4.18E+09 0.0446 3591.42
4.21E+09 0.0445 3588.85
4.23E+09 0.0440 3586.42
4.24E+09 0.0441 3584.32
4.27E+09 0.0434 3581.91
4.28E+09 0.0430 3579.98
4.30E+09 0.0430 3577.58
4.32E+09 0.0426 3575.33
4.34E+09 0.0425 3573.15
4.37E+09 0.0416 3570.78
4.39E+09 0.0416 3568.2
4.41E+09 0.0413 3565.86
4.43E+09 0.0409 3563.5
4.45E+09 0.0406 3561.37
4.47E+09 0.0406 3559.14
4.49E+09 0.0399 3557.03
4.51E+09 0.0398 3554.91
4.53E+09 0.0389 3553
4.55E+09 0.0386 3550.9
4.57E+09 0.0385 3548.71
4.59E+09 0.0392 3546.7
4.62E+09 0.0390 3544.46
4.64E+09 0.0378 3541.92
4.67E+09 0.0384 3539.6
4.69E+09 0.0376 3537.27
4.71E+09 0.0371 3535.32
4.73E+09 0.0364 3533
4.76E+09 0.0365 3530.66
4.78E+09 0.0366 3528.34
4.80E+09 0.0358 3526.35
4.83E+09 0.0363 3524.2
4.85E+09 0.0358 3521.69
4.88E+09 0.0353 3519.35
4.90E+09 0.0344 3517.32
4.92E+09 0.0349 3515.12
4.95E+09 0.0347 3512.81
4.97E+09 0.0339 3510.62
