0.00E+00 -0.3876 4482.34
3.01E+07 0.2602 4473.04
4.06E+07 0.3047 4464.36
5.46E+07 0.2823 4452.46
8.12E+07 0.2611 4431.62
1.11E+08 0.2720 4410.46
1.41E+08 0.2785 4386.77
1.79E+08 0.2794 4356.45
2.06E+08 0.2655 4335.67
2.21E+08 0.2581 4324.09
2.34E+08 0.2507 4314.92
2.44E+08 0.2486 4308.1
2.55E+08 0.2464 4300.37
2.68E+08 0.2427 4290.82
2.81E+08 0.2376 4282.36
2.91E+08 0.2339 4275.67
3.02E+08 0.2310 4268.53
3.11E+08 0.2269 4262.65
3.20E+08 0.2274 4256.89
3.31E+08 0.2209 4249.64
3.38E+08 0.2180 4245.03
3.47E+08 0.2171 4239.38
3.58E+08 0.2140 4232.7
3.68E+08 0.2102 4227.1
3.77E+08 0.2072 4221.4
3.86E+08 0.2048 4216.16
3.95E+08 0.2019 4211.24
4.05E+08 0.1981 4205.41
4.13E+08 0.1961 4200.69
4.22E+08 0.1922 4195.91
4.30E+08 0.1906 4191.52
4.39E+08 0.1869 4186.51
4.48E+08 0.1859 4182
4.58E+08 0.1812 4176.81
4.66E+08 0.1809 4172.72
4.75E+08 0.1775 4167.8
4.86E+08 0.1745 4162.28
4.96E+08 0.1721 4157.52
5.04E+08 0.1687 4153.65
5.13E+08 0.1673 4149.23
5.23E+08 0.1647 4144.68
5.33E+08 0.1618 4139.82
5.44E+08 0.1587 4135.14
5.54E+08 0.1567 4130.33
5.64E+08 0.1533 4125.86
5.74E+08 0.1505 4121.71
5.84E+08 0.1496 4117.58
5.94E+08 0.1469 4113.05
6.03E+08 0.1447 4109.31
6.13E+08 0.1433 4105.36
6.23E+08 0.1414 4101.41
6.32E+08 0.1393 4097.92
6.42E+08 0.1382 4093.89
6.50E+08 0.1363 4090.65
6.59E+08 0.1349 4087.12
6.67E+08 0.1343 4084.24
6.74E+08 0.1343 4081.57
6.82E+08 0.1321 4078.52
6.89E+08 0.1313 4075.69
6.97E+08 0.1311 4072.71
7.05E+08 0.1296 4069.77
7.13E+08 0.1298 4067.05
7.21E+08 0.1301 4064.05
7.30E+08 0.1288 4060.8
7.37E+08 0.1288 4057.91
7.46E+08 0.1281 4054.85
7.54E+08 0.1275 4051.88
7.62E+08 0.1261 4049.03
7.69E+08 0.1272 4046.42
7.78E+08 0.1251 4043.37
7.85E+08 0.1273 4040.75
7.94E+08 0.1258 4037.58
8.02E+08 0.1260 4034.5
8.11E+08 0.1237 4031.46
8.19E+08 0.1245 4028.58
8.28E+08 0.1233 4025.48
8.35E+08 0.1239 4022.96
8.43E+08 0.1224 4020.29
8.50E+08 0.1216 4017.6
8.59E+08 0.1228 4014.56
8.68E+08 0.1216 4011.6
8.75E+08 0.1215 4009.19
8.81E+08 0.1208 4007.04
8.88E+08 0.1207 4004.64
8.96E+08 0.1206 4002.01
9.03E+08 0.1213 3999.56
9.11E+08 0.1192 3996.67
9.21E+08 0.1195 3993.32
9.30E+08 0.1185 3990.28
9.37E+08 0.1191 3987.86
9.45E+08 0.1190 3985.18
9.54E+08 0.1172 3982.02
9.62E+08 0.1181 3979.33
9.72E+08 0.1169 3976.07
9.80E+08 0.1168 3973.4
9.89E+08 0.1170 3970.44
9.99E+08 0.1148 3967.11
1.01E+09 0.1143 3964.21
1.02E+09 0.1153 3961.57
1.03E+09 0.1135 3958.09
1.04E+09 0.1133 3954.82
1.05E+09 0.1126 3952.02
1.05E+09 0.1121 3949.25
1.07E+09 0.1113 3945.74
1.07E+09 0.1115 3943.09
1.08E+09 0.1109 3940.26
1.09E+09 0.1100 3937.33
1.10E+09 0.1100 3934.61
1.11E+09 0.1094 3931.56
1.12E+09 0.1084 3928.54
1.13E+09 0.1078 3925.91
1.14E+09 0.1076 3922.98
1.15E+09 0.1068 3919.96
1.16E+09 0.1061 3917.23
1.17E+09 0.1068 3914.53
1.18E+09 0.1062 3911.54
1.19E+09 0.1050 3908.7
1.20E+09 0.1045 3905.7
1.21E+09 0.1050 3902.46
1.22E+09 0.1039 3899.71
1.23E+09 0.1039 3896.56
1.24E+09 0.1037 3893.66
1.25E+09 0.1029 3890.81
1.26E+09 0.1029 3888.13
1.26E+09 0.1018 3885.63
1.27E+09 0.1021 3882.68
1.28E+09 0.1010 3880.46
1.29E+09 0.1009 3877.59
1.30E+09 0.1005 3874.45
1.31E+09 0.1004 3871.41
1.32E+09 0.1000 3868.4
1.34E+09 0.0993 3865.13
1.35E+09 0.0993 3861.88
1.36E+09 0.0979 3858.9
1.37E+09 0.0979 3855.72
1.38E+09 0.0978 3852.84
1.39E+09 0.0959 3849.98
1.40E+09 0.0960 3846.96
1.41E+09 0.0960 3844.09
1.42E+09 0.0941 3841.62
1.43E+09 0.0953 3839.07
1.44E+09 0.0944 3836.23
1.45E+09 0.0945 3833.33
1.46E+09 0.0937 3830.43
1.47E+09 0.0931 3827.51
1.48E+09 0.0920 3824.55
1.49E+09 0.0919 3821.63
1.51E+09 0.0921 3818.63
1.52E+09 0.0919 3815.49
1.53E+09 0.0926 3812.46
1.54E+09 0.0908 3809.48
1.55E+09 0.0900 3806.63
1.56E+09 0.0903 3803.79
1.57E+09 0.0887 3801.05
1.58E+09 0.0887 3798.44
1.60E+09 0.0885 3795.49
1.61E+09 0.0879 3792.45
1.62E+09 0.0872 3789.83
1.63E+09 0.0867 3787.31
1.64E+09 0.0870 3784.77
1.65E+09 0.0864 3782.14
1.66E+09 0.0859 3779.59
1.67E+09 0.0859 3776.71
1.68E+09 0.0853 3773.94
1.69E+09 0.0839 3771.44
1.70E+09 0.0843 3768.88
1.71E+09 0.0837 3766.44
1.73E+09 0.0837 3763.83
1.74E+09 0.0835 3761.09
1.75E+09 0.0829 3758.27
1.76E+09 0.0822 3755.38
1.77E+09 0.0820 3752.69
1.79E+09 0.0821 3749.77
1.80E+09 0.0825 3746.98
1.81E+09 0.0816 3744.31
1.82E+09 0.0806 3741.43
1.83E+09 0.0808 3738.83
1.84E+09 0.0798 3736.23
1.86E+09 0.0789 3733.69
1.87E+09 0.0791 3731.49
1.87E+09 0.0787 3729.44
1.89E+09 0.0789 3726.94
1.90E+09 0.0783 3724.6
1.91E+09 0.0779 3722.2
1.92E+09 0.0776 3719.46
1.93E+09 0.0777 3717.14
1.94E+09 0.0765 3714.43
1.95E+09 0.0757 3711.64
1.97E+09 0.0757 3708.91
1.98E+09 0.0761 3706.16
1.99E+09 0.0752 3703.4
2.00E+09 0.0751 3700.89
2.02E+09 0.0752 3698.2
2.03E+09 0.0749 3695.5
2.04E+09 0.0738 3692.86
2.06E+09 0.0732 3689.8
2.07E+09 0.0737 3686.87
2.08E+09 0.0731 3684.14
2.10E+09 0.0727 3681.47
2.11E+09 0.0713 3678.68
2.12E+09 0.0726 3675.72
2.14E+09 0.0721 3673.02
2.15E+09 0.0717 3670.16
2.17E+09 0.0707 3667.44
2.18E+09 0.0703 3664.89
2.19E+09 0.0699 3662.08
2.21E+09 0.0695 3659.48
2.22E+09 0.0692 3656.53
2.23E+09 0.0687 3654.03
2.25E+09 0.0688 3651.31
2.26E+09 0.0683 3648.99
2.27E+09 0.0678 3646.46
2.28E+09 0.0671 3644.09
2.29E+09 0.0675 3642.05
2.31E+09 0.0673 3639.82
2.32E+09 0.0664 3637.37
2.33E+09 0.0664 3635.08
2.34E+09 0.0669 3632.91
2.36E+09 0.0661 3630.24
2.37E+09 0.0655 3627.77
2.38E+09 0.0656 3625.35
2.40E+09 0.0648 3622.84
2.41E+09 0.0634 3620.44
2.42E+09 0.0645 3618.43
2.43E+09 0.0635 3616.34
2.44E+09 0.0637 3614.17
2.46E+09 0.0637 3612.11
2.47E+09 0.0634 3609.62
2.48E+09 0.0635 3607.2
2.50E+09 0.0623 3604.74
2.51E+09 0.0621 3602.51
2.52E+09 0.0617 3600.25
2.54E+09 0.0615 3597.78
2.55E+09 0.0617 3595.76
2.56E+09 0.0619 3593.02
2.58E+09 0.0613 3590.42
2.59E+09 0.0606 3588.03
2.61E+09 0.0600 3585.78
2.62E+09 0.0602 3583.61
2.63E+09 0.0590 3581.57
2.64E+09 0.0593 3579.69
2.65E+09 0.0588 3577.57
2.67E+09 0.0589 3575.58
2.68E+09 0.0582 3573.43
2.69E+09 0.0586 3570.91
2.71E+09 0.0583 3568.31
2.73E+09 0.0577 3565.62
2.74E+09 0.0576 3563.13
2.76E+09 0.0572 3560.58
2.77E+09 0.0559 3557.89
2.79E+09 0.0556 3555.28
2.81E+09 0.0562 3552.55
2.82E+09 0.0557 3549.85
2.84E+09 0.0549 3547.6
2.85E+09 0.0550 3545.18
2.87E+09 0.0553 3542.61
2.89E+09 0.0539 3539.87
2.90E+09 0.0543 3537.39
2.92E+09 0.0540 3535.04
2.93E+09 0.0531 3532.66
2.95E+09 0.0529 3530.24
2.97E+09 0.0527 3528.04
2.98E+09 0.0530 3525.56
3.00E+09 0.0525 3522.93
3.02E+09 0.0520 3520.5
3.03E+09 0.0521 3518
3.05E+09 0.0510 3515.68
3.06E+09 0.0511 3513.45
3.08E+09 0.0512 3511.08
3.10E+09 0.0500 3508.43
3.12E+09 0.0499 3505.86
3.13E+09 0.0496 3503.34
3.15E+09 0.0499 3500.71
3.17E+09 0.0485 3498.3
3.19E+09 0.0494 3495.83
3.21E+09 0.0490 3493.27
3.22E+09 0.0485 3490.69
3.24E+09 0.0487 3488.46
3.26E+09 0.0476 3486.17
3.27E+09 0.0470 3483.96
3.29E+09 0.0477 3481.38
3.31E+09 0.0470 3478.85
3.33E+09 0.0472 3476.49
3.35E+09 0.0466 3474.11
3.36E+09 0.0457 3471.84
3.38E+09 0.0449 3469.5
3.40E+09 0.0454 3467.42
3.42E+09 0.0451 3465.29
3.43E+09 0.0446 3463.05
3.45E+09 0.0440 3460.55
3.47E+09 0.0443 3458.42
3.49E+09 0.0439 3456.46
3.50E+09 0.0437 3454.4
3.52E+09 0.0437 3452.56
3.53E+09 0.0435 3450.59
3.55E+09 0.0432 3448.33
3.57E+09 0.0430 3445.9
3.59E+09 0.0424 3443.23
3.61E+09 0.0422 3440.86
3.63E+09 0.0419 3438.43
3.65E+09 0.0411 3436.15
3.67E+09 0.0407 3433.91
3.69E+09 0.0402 3431.7
3.71E+09 0.0406 3429.83
3.73E+09 0.0402 3427.05
3.75E+09 0.0399 3424.38
3.77E+09 0.0396 3422.19
3.79E+09 0.0390 3420.35
3.81E+09 0.0388 3418.08
3.83E+09 0.0384 3415.83
3.85E+09 0.0387 3413.6
3.87E+09 0.0383 3411.11
3.90E+09 0.0381 3408.64
3.92E+09 0.0384 3406.57
3.94E+09 0.0378 3404.36
3.96E+09 0.0374 3401.97
3.98E+09 0.0368 3399.6
4.00E+09 0.0366 3397.4
4.02E+09 0.0359 3395.27
4.04E+09 0.0362 3393.35
4.06E+09 0.0357 3391.44
4.08E+09 0.0359 3389.5
4.10E+09 0.0356 3387.37
4.12E+09 0.0351 3385.03
4.15E+09 0.0349 3382.78
4.17E+09 0.0343 3380.44
4.19E+09 0.0344 3377.98
4.22E+09 0.0336 3375.63
4.24E+09 0.0337 3373.41
4.27E+09 0.0333 3371.06
4.29E+09 0.0330 3368.85
4.31E+09 0.0328 3366.6
4.34E+09 0.0319 3364.41
4.36E+09 0.0322 3362.36
4.39E+09 0.0318 3359.88
4.41E+09 0.0316 3357.68
4.44E+09 0.0313 3355.49
4.46E+09 0.0309 3353.34
4.49E+09 0.0310 3351.12
4.51E+09 0.0307 3348.91
4.54E+09 0.0304 3346.79
4.56E+09 0.0307 3344.69
4.59E+09 0.0302 3342.31
4.61E+09 0.0297 3340.17
4.64E+09 0.0298 3338.14
4.66E+09 0.0292 3336.24
4.69E+09 0.0285 3334.18
4.71E+09 0.0288 3332.22
4.74E+09 0.0288 3330.02
4.76E+09 0.0284 3328.13
4.78E+09 0.0284 3326.2
4.81E+09 0.0279 3324.11
4.84E+09 0.0274 3321.98
4.86E+09 0.0271 3319.83
4.89E+09 0.0274 3317.84
4.92E+09 0.0270 3315.84
4.94E+09 0.0270 3314.08
4.96E+09 0.0266 3312.23
4.99E+09 0.0263 3310.16
