0.00E+00 -0.4672 4608.13
3.06E+08 0.0865 4516.62
3.65E+08 0.0912 4498.85
3.72E+08 0.1474 4496.01
3.80E+08 0.1614 4491.66
4.04E+08 0.1345 4478.89
4.93E+08 0.1422 4438.81
5.25E+08 0.1648 4420.46
6.25E+08 0.1416 4367.81
7.11E+08 0.1279 4327.33
7.79E+08 0.1161 4297.98
8.45E+08 0.1058 4272.52
9.04E+08 0.1018 4251.16
9.49E+08 0.1029 4235.16
9.84E+08 0.1022 4222.51
1.01E+09 0.1020 4212.24
1.04E+09 0.1078 4202.51
1.07E+09 0.0997 4189.98
1.10E+09 0.0913 4180.25
1.13E+09 0.0851 4171.74
1.16E+09 0.0782 4164.61
1.18E+09 0.0907 4157.34
1.21E+09 0.0838 4147.52
1.25E+09 0.0736 4137.96
1.29E+09 0.0748 4127.77
1.32E+09 0.0677 4119.59
1.35E+09 0.0594 4112.4
1.39E+09 0.0682 4105.02
1.42E+09 0.0620 4097.11
1.45E+09 0.0594 4091.69
1.48E+09 0.0546 4085.98
1.50E+09 0.0543 4081.18
1.52E+09 0.0569 4077.28
1.54E+09 0.0579 4072.97
1.57E+09 0.0526 4067.96
1.59E+09 0.0489 4064.09
1.61E+09 0.0497 4060.59
1.63E+09 0.0516 4056.45
1.66E+09 0.0490 4052.39
1.68E+09 0.0501 4048.4
1.70E+09 0.0495 4044.54
1.72E+09 0.0458 4041.46
1.74E+09 0.0484 4038.13
1.76E+09 0.0501 4033.93
1.79E+09 0.0494 4029.81
1.81E+09 0.0482 4026.26
1.83E+09 0.0470 4022.61
1.85E+09 0.0471 4018.91
1.88E+09 0.0468 4014.89
1.90E+09 0.0450 4010.92
1.93E+09 0.0447 4007.17
1.95E+09 0.0429 4004
1.97E+09 0.0414 4000.84
1.99E+09 0.0442 3997.56
2.01E+09 0.0398 3994.26
2.04E+09 0.0424 3990.71
2.06E+09 0.0418 3987.06
2.09E+09 0.0418 3983.51
2.11E+09 0.0386 3979.91
2.14E+09 0.0390 3976.08
2.16E+09 0.0358 3972.89
2.19E+09 0.0418 3969.44
2.22E+09 0.0373 3965.24
2.25E+09 0.0378 3961.25
2.27E+09 0.0344 3958.39
2.30E+09 0.0353 3955.15
2.33E+09 0.0339 3951.75
2.36E+09 0.0355 3948.58
2.38E+09 0.0337 3944.97
2.41E+09 0.0319 3941.63
2.45E+09 0.0337 3937.72
2.48E+09 0.0320 3934.24
2.51E+09 0.0316 3931
2.54E+09 0.0328 3927.82
2.57E+09 0.0303 3924.01
2.60E+09 0.0295 3920.5
2.64E+09 0.0311 3916.81
2.67E+09 0.0287 3913.16
2.71E+09 0.0299 3909.29
2.74E+09 0.0305 3905.68
2.78E+09 0.0280 3901.94
2.82E+09 0.0288 3898.17
2.86E+09 0.0249 3894.64
2.89E+09 0.0270 3891.41
2.92E+09 0.0241 3888.55
2.96E+09 0.0242 3885.49
3.00E+09 0.0260 3882.33
3.04E+09 0.0228 3879.02
3.08E+09 0.0245 3875.66
3.12E+09 0.0251 3872.08
3.16E+09 0.0227 3868.78
3.20E+09 0.0234 3865.35
3.24E+09 0.0217 3862.23
3.28E+09 0.0227 3859.1
3.32E+09 0.0229 3855.87
3.37E+09 0.0205 3852.56
3.41E+09 0.0211 3849.63
3.45E+09 0.0218 3846.65
3.49E+09 0.0198 3843.28
3.54E+09 0.0200 3840.05
3.59E+09 0.0199 3836.74
3.63E+09 0.0192 3833.42
3.68E+09 0.0177 3830.52
3.72E+09 0.0178 3827.71
3.77E+09 0.0183 3824.81
3.81E+09 0.0178 3822.04
3.86E+09 0.0173 3819.06
3.91E+09 0.0163 3816.14
3.96E+09 0.0147 3813.51
4.01E+09 0.0158 3810.9
4.06E+09 0.0172 3808.05
4.11E+09 0.0167 3804.77
4.17E+09 0.0162 3801.68
4.22E+09 0.0158 3798.86
4.27E+09 0.0141 3796.14
4.32E+09 0.0148 3793.71
4.38E+09 0.0150 3790.65
4.43E+09 0.0147 3787.76
4.49E+09 0.0137 3784.89
4.54E+09 0.0147 3782.26
4.60E+09 0.0143 3779.48
4.65E+09 0.0134 3776.77
4.71E+09 0.0134 3774.16
4.77E+09 0.0134 3771.55
4.83E+09 0.0128 3768.79
4.88E+09 0.0124 3766.28
4.94E+09 0.0121 3763.86
4.99E+09 0.0116 3761.68
