0.00E+00 -0.6204 5504.75
2.73E+08 0.1391 5272.32
3.69E+08 0.1422 5190.62
4.55E+08 0.1288 5121.56
5.25E+08 0.1208 5069.23
5.86E+08 0.1133 5026.95
6.48E+08 0.1084 4985.82
7.02E+08 0.1065 4950.67
7.21E+08 0.1173 4938.3
7.34E+08 0.1400 4927.96
7.64E+08 0.1523 4899.96
8.53E+08 0.1493 4821.08
9.19E+08 0.1640 4758.67
1.04E+09 0.1176 4660.04
1.20E+09 0.0977 4556.9
1.35E+09 0.0844 4478.71
1.47E+09 0.1157 4406.5
1.59E+09 0.0850 4340.7
1.69E+09 0.0749 4293.09
1.77E+09 0.0654 4256.06
1.84E+09 0.0637 4231.12
1.91E+09 0.0754 4199.26
1.96E+09 0.0688 4177.47
2.00E+09 0.0677 4163.47
2.02E+09 0.0565 4154.37
2.06E+09 0.0517 4141.69
2.10E+09 0.0529 4130.61
2.14E+09 0.0607 4117.75
2.17E+09 0.0578 4104.26
2.21E+09 0.0571 4092.73
2.24E+09 0.0459 4081.2
2.28E+09 0.0426 4071.76
2.31E+09 0.0460 4062.71
2.35E+09 0.0415 4051.9
2.39E+09 0.0435 4042.72
2.43E+09 0.0516 4031.11
2.47E+09 0.0486 4018.13
2.52E+09 0.0451 4005.46
2.57E+09 0.0411 3992.23
2.61E+09 0.0387 3980.96
2.65E+09 0.0353 3972.52
2.69E+09 0.0320 3964.11
2.74E+09 0.0320 3954.69
2.79E+09 0.0297 3945.83
2.84E+09 0.0299 3937.36
2.87E+09 0.0282 3930.38
2.92E+09 0.0281 3922.3
2.97E+09 0.0288 3914.73
3.01E+09 0.0265 3906.75
3.07E+09 0.0242 3898.49
3.11E+09 0.0274 3891.57
3.16E+09 0.0240 3883.71
3.23E+09 0.0260 3874.45
3.29E+09 0.0287 3863.72
3.35E+09 0.0274 3853.11
3.42E+09 0.0242 3842.3
3.49E+09 0.0244 3833.06
3.54E+09 0.0207 3826.12
3.60E+09 0.0181 3818.5
3.66E+09 0.0170 3812.05
3.73E+09 0.0195 3804.98
3.80E+09 0.0205 3796.02
3.88E+09 0.0189 3786.84
3.95E+09 0.0187 3778.92
4.01E+09 0.0154 3772.51
4.09E+09 0.0127 3765.88
4.17E+09 0.0137 3759.72
4.24E+09 0.0136 3753.88
4.32E+09 0.0128 3747.48
4.40E+09 0.0122 3741.46
4.47E+09 0.0123 3736.09
4.55E+09 0.0110 3730.37
4.63E+09 0.0104 3725.47
4.70E+09 0.0118 3720.79
4.77E+09 0.0110 3715.44
4.86E+09 0.0104 3709.97
4.94E+09 0.0093 3704.96
