0.00E+00 -0.5705 5343.74
1.33E+08 0.2234 5276.12
1.52E+08 0.2336 5259.28
1.86E+08 0.2255 5227.84
2.43E+08 0.2437 5177.38
3.13E+08 0.2617 5108.68
4.36E+08 0.2358 4989.35
5.28E+08 0.2343 4907.44
5.80E+08 0.2175 4862
6.09E+08 0.2297 4837.35
6.36E+08 0.2344 4812.73
6.61E+08 0.2271 4790.49
6.89E+08 0.2183 4766.76
7.14E+08 0.2137 4745.88
7.37E+08 0.2130 4726.95
7.59E+08 0.2033 4709.43
7.76E+08 0.2063 4695.42
7.92E+08 0.2058 4682.87
8.11E+08 0.1974 4668.19
8.33E+08 0.1997 4651.39
8.52E+08 0.1984 4636.85
8.69E+08 0.1903 4624.12
8.84E+08 0.1823 4613.44
9.00E+08 0.1812 4602.05
9.14E+08 0.1847 4592.25
9.33E+08 0.1801 4579.08
9.53E+08 0.1757 4564.88
9.67E+08 0.1692 4555.38
9.83E+08 0.1605 4545.15
9.96E+08 0.1491 4537.47
1.01E+09 0.1671 4526.91
1.04E+09 0.1617 4511.89
1.06E+09 0.1644 4499.11
1.08E+09 0.1524 4487.65
1.10E+09 0.1477 4476.56
1.11E+09 0.1396 4468.41
1.13E+09 0.1503 4458.66
1.14E+09 0.1451 4450.42
1.15E+09 0.1384 4443.72
1.17E+09 0.1414 4436.35
1.18E+09 0.1506 4426.7
1.20E+09 0.1453 4417.54
1.21E+09 0.1356 4409.75
1.23E+09 0.1326 4402.09
1.25E+09 0.1367 4393.42
1.26E+09 0.1361 4383.58
1.28E+09 0.1348 4375.58
1.30E+09 0.1260 4367.62
1.31E+09 0.1274 4360.04
1.33E+09 0.1176 4353.07
1.34E+09 0.1275 4346.61
1.35E+09 0.1341 4339.13
1.38E+09 0.1231 4328.08
1.39E+09 0.1220 4319.44
1.41E+09 0.1157 4312.73
1.42E+09 0.1090 4306.85
1.44E+09 0.1267 4297.95
1.46E+09 0.1197 4288
1.48E+09 0.1103 4281.03
1.50E+09 0.1145 4273.97
1.51E+09 0.1189 4265.6
1.53E+09 0.1025 4258.07
1.55E+09 0.1097 4251.46
1.57E+09 0.1132 4243.8
1.59E+09 0.1121 4234.25
1.61E+09 0.1131 4225.34
1.63E+09 0.1026 4216.16
1.65E+09 0.1120 4206.44
1.67E+09 0.1064 4199.7
1.69E+09 0.0928 4191.6
1.71E+09 0.1061 4183.33
1.74E+09 0.0997 4173.64
1.75E+09 0.0946 4167.54
1.77E+09 0.0907 4161.48
1.79E+09 0.1001 4152.4
1.82E+09 0.0984 4143.34
1.84E+09 0.0991 4132.69
1.87E+09 0.0934 4123.32
1.89E+09 0.0907 4115.34
1.91E+09 0.0844 4108.66
1.94E+09 0.0843 4100.38
1.96E+09 0.0815 4093.89
1.99E+09 0.0880 4084.94
2.01E+09 0.0883 4076.16
2.04E+09 0.0808 4068.25
2.06E+09 0.0714 4062.42
2.08E+09 0.0716 4056.44
2.10E+09 0.0803 4050.21
2.12E+09 0.0750 4042.92
2.15E+09 0.0769 4035.07
2.18E+09 0.0789 4025.97
2.21E+09 0.0797 4016.74
2.23E+09 0.0717 4009.06
2.25E+09 0.0663 4004.33
2.28E+09 0.0683 3998.07
2.31E+09 0.0744 3989.34
2.34E+09 0.0681 3980.86
2.37E+09 0.0604 3973.91
2.40E+09 0.0706 3966.68
2.43E+09 0.0650 3957.34
2.46E+09 0.0587 3950.29
2.49E+09 0.0637 3942.67
2.53E+09 0.0639 3933.97
2.56E+09 0.0636 3925.67
2.60E+09 0.0614 3917.32
2.63E+09 0.0622 3909.38
2.67E+09 0.0588 3900.59
2.70E+09 0.0547 3894.25
2.72E+09 0.0473 3888.79
2.75E+09 0.0476 3884
2.78E+09 0.0476 3878.47
2.81E+09 0.0474 3873.17
2.84E+09 0.0500 3866.81
2.88E+09 0.0485 3860.52
2.91E+09 0.0472 3854.08
2.94E+09 0.0475 3848.19
2.98E+09 0.0447 3842.65
3.01E+09 0.0462 3836.53
3.05E+09 0.0455 3830.3
3.08E+09 0.0389 3824.34
3.12E+09 0.0445 3818.66
3.16E+09 0.0422 3812.76
3.19E+09 0.0387 3807.02
3.23E+09 0.0426 3800.81
3.27E+09 0.0410 3794.43
3.31E+09 0.0375 3788.85
3.34E+09 0.0310 3784.46
3.38E+09 0.0385 3778.93
3.41E+09 0.0353 3774.66
3.45E+09 0.0293 3769.98
3.49E+09 0.0395 3764.57
3.53E+09 0.0354 3758.99
3.56E+09 0.0320 3754.11
3.60E+09 0.0315 3749.7
3.64E+09 0.0303 3745.03
3.68E+09 0.0281 3740.55
3.72E+09 0.0341 3735.88
3.76E+09 0.0303 3730.83
3.80E+09 0.0289 3726.29
3.84E+09 0.0300 3721.89
3.88E+09 0.0275 3717.63
3.91E+09 0.0260 3714.29
3.95E+09 0.0271 3709.84
3.99E+09 0.0258 3705.93
4.03E+09 0.0226 3702.36
4.07E+09 0.0257 3699.04
4.11E+09 0.0253 3694.96
4.15E+09 0.0260 3691.16
4.19E+09 0.0246 3687.43
4.23E+09 0.0245 3683.54
4.26E+09 0.0266 3679.72
4.30E+09 0.0258 3676.15
4.33E+09 0.0239 3672.85
4.37E+09 0.0193 3669.64
4.41E+09 0.0214 3666.56
4.45E+09 0.0206 3663.38
4.49E+09 0.0223 3659.83
4.53E+09 0.0196 3656.56
4.58E+09 0.0204 3653.22
4.62E+09 0.0206 3650.04
4.66E+09 0.0211 3646.77
4.70E+09 0.0200 3643.35
4.74E+09 0.0183 3640.57
4.78E+09 0.0184 3637.51
4.83E+09 0.0181 3634.54
4.87E+09 0.0186 3631.32
4.91E+09 0.0200 3628.49
4.95E+09 0.0182 3625.45
4.99E+09 0.0163 3622.56
