0.00E+00 -1.0240 6816.59
1.45E+08 0.3252 6613.58
1.96E+08 0.3250 6535.63
2.39E+08 0.3120 6473.23
2.76E+08 0.2962 6420.03
3.08E+08 0.2881 6374.64
3.36E+08 0.2854 6338.42
3.64E+08 0.2708 6301.89
3.88E+08 0.2695 6270.53
4.14E+08 0.2579 6239.56
4.36E+08 0.2585 6212.62
4.58E+08 0.2481 6186.71
4.77E+08 0.2529 6164.28
4.99E+08 0.2421 6139.22
5.18E+08 0.2427 6117.97
5.38E+08 0.2364 6095.22
5.57E+08 0.2319 6074.4
5.73E+08 0.2308 6056.77
5.91E+08 0.2298 6037.61
6.08E+08 0.2244 6020.1
6.24E+08 0.2200 6003.14
6.39E+08 0.2204 5987.46
6.56E+08 0.2135 5970.15
6.73E+08 0.2203 5953.99
6.89E+08 0.2152 5937.52
7.04E+08 0.2117 5922.97
7.18E+08 0.2120 5908.65
7.33E+08 0.2106 5893.81
7.47E+08 0.2068 5880.13
7.61E+08 0.2119 5866.68
7.76E+08 0.2185 5851.31
7.84E+08 0.2285 5843.17
7.88E+08 0.2631 5839.08
7.93E+08 0.2806 5832.07
8.01E+08 0.3209 5821.02
8.25E+08 0.3504 5782.84
8.52E+08 0.3473 5738.68
8.76E+08 0.3692 5699.49
9.21E+08 0.2949 5632.19
9.93E+08 0.2620 5540.42
1.05E+09 0.2433 5469.11
1.10E+09 0.2376 5413.51
1.16E+09 0.2172 5357
1.22E+09 0.1892 5298.11
1.29E+09 0.2322 5233.36
1.36E+09 0.2035 5152.11
1.45E+09 0.1828 5081.66
1.51E+09 0.2072 5026.64
1.57E+09 0.1851 4970.82
1.62E+09 0.1778 4923.54
1.67E+09 0.1640 4884.33
1.72E+09 0.1669 4847.98
1.73E+09 0.1728 4836.48
1.75E+09 0.1395 4824.6
1.78E+09 0.1209 4808.06
1.80E+09 0.1389 4793.16
1.83E+09 0.1329 4778.63
1.85E+09 0.1278 4764
1.87E+09 0.1189 4750.69
1.90E+09 0.1378 4734.69
1.92E+09 0.1325 4718.6
1.95E+09 0.1290 4702.46
1.98E+09 0.1227 4688.2
2.00E+09 0.1096 4674.21
2.03E+09 0.1224 4657.34
2.06E+09 0.1163 4641.1
2.09E+09 0.1118 4625.05
2.12E+09 0.1082 4611.77
2.14E+09 0.1065 4600.61
2.17E+09 0.0968 4586.61
2.20E+09 0.0898 4574.92
2.23E+09 0.0960 4561.15
2.26E+09 0.1021 4546.33
2.30E+09 0.0921 4530.8
2.33E+09 0.0817 4518.42
2.36E+09 0.0759 4506.73
2.39E+09 0.0831 4493.88
2.41E+09 0.0917 4484.59
2.45E+09 0.0718 4472.44
2.48E+09 0.0795 4460.61
2.51E+09 0.0707 4449.32
2.55E+09 0.0700 4437.5
2.58E+09 0.0666 4428.07
2.62E+09 0.0675 4416.98
2.65E+09 0.0728 4404.13
2.69E+09 0.0694 4391.61
2.73E+09 0.0671 4378.61
2.76E+09 0.0617 4368.96
2.81E+09 0.0523 4358.37
2.84E+09 0.0601 4349.16
2.88E+09 0.0499 4340.11
2.91E+09 0.0591 4330.83
2.95E+09 0.0506 4321.86
2.99E+09 0.0552 4312.27
3.03E+09 0.0459 4304.02
3.07E+09 0.0508 4295.16
3.10E+09 0.0468 4286.37
3.15E+09 0.0479 4277.29
3.19E+09 0.0456 4267.79
3.23E+09 0.0415 4258.85
3.28E+09 0.0427 4250.37
3.32E+09 0.0401 4242.3
3.36E+09 0.0385 4234.5
3.40E+09 0.0378 4226.72
3.45E+09 0.0363 4219.43
3.49E+09 0.0384 4212.03
3.54E+09 0.0312 4204.33
3.58E+09 0.0384 4197.3
3.63E+09 0.0299 4190.41
3.68E+09 0.0302 4183.37
3.72E+09 0.0316 4176.89
3.77E+09 0.0290 4169.63
3.82E+09 0.0295 4162.73
3.88E+09 0.0275 4155.81
3.93E+09 0.0284 4149.43
3.98E+09 0.0227 4143.12
4.03E+09 0.0241 4137.36
4.08E+09 0.0247 4131.52
4.14E+09 0.0204 4125.63
4.19E+09 0.0264 4120.05
4.25E+09 0.0225 4113.93
4.31E+09 0.0176 4108.01
4.36E+09 0.0229 4102.9
4.42E+09 0.0187 4097.43
4.48E+09 0.0176 4092.08
4.54E+09 0.0235 4086.78
4.59E+09 0.0171 4081.77
4.66E+09 0.0178 4076.4
4.72E+09 0.0169 4071.24
4.79E+09 0.0168 4066.29
4.85E+09 0.0167 4061.58
4.91E+09 0.0165 4056.82
4.97E+09 0.0133 4052.54
