0.00E+00 -1.2614 7092.9
1.12E+08 0.4279 6915.25
1.57E+08 0.4023 6837.45
1.90E+08 0.3898 6781.15
2.17E+08 0.3787 6736.46
2.40E+08 0.3769 6698.59
2.63E+08 0.3590 6663.1
2.83E+08 0.3532 6633.05
3.05E+08 0.3432 6601.68
3.25E+08 0.3375 6572.51
3.45E+08 0.3287 6545.32
3.63E+08 0.3247 6519.9
3.81E+08 0.3186 6495.76
3.95E+08 0.3162 6476.55
4.12E+08 0.3035 6454.99
4.27E+08 0.2996 6435.6
4.43E+08 0.2995 6415.37
4.59E+08 0.2894 6395.67
4.73E+08 0.2898 6378.29
4.88E+08 0.2881 6359.83
5.03E+08 0.2799 6342.72
5.16E+08 0.2771 6326.87
5.28E+08 0.2738 6312.73
5.40E+08 0.2756 6299.57
5.52E+08 0.2664 6285.7
5.64E+08 0.2674 6272.56
5.75E+08 0.2632 6259.7
5.86E+08 0.2675 6247.57
5.98E+08 0.2596 6235.07
6.09E+08 0.2587 6223.19
6.19E+08 0.2540 6211.78
6.29E+08 0.2584 6200.92
6.40E+08 0.2534 6189.64
6.51E+08 0.2531 6178.24
6.61E+08 0.2526 6167.12
6.71E+08 0.2561 6156.63
6.82E+08 0.2592 6145.36
6.92E+08 0.2617 6134.09
7.02E+08 0.2637 6123.05
7.12E+08 0.2774 6111.98
7.20E+08 0.2937 6101.87
7.23E+08 0.3388 6097.49
7.26E+08 0.4554 6093.15
7.30E+08 0.4908 6084.4
7.40E+08 0.4395 6065.86
7.66E+08 0.3803 6021.37
8.00E+08 0.3693 5968.27
8.25E+08 0.3578 5929.96
8.49E+08 0.3501 5894.17
8.76E+08 0.3491 5854.9
9.05E+08 0.3472 5812.24
9.23E+08 0.3467 5786.39
9.65E+08 0.2901 5733.18
1.00E+09 0.2862 5687.86
1.05E+09 0.3147 5633.18
1.11E+09 0.2936 5551.34
1.18E+09 0.2650 5470.62
1.26E+09 0.2833 5385.12
1.32E+09 0.2622 5311.49
1.39E+09 0.2313 5240.68
1.45E+09 0.2266 5180.4
1.51E+09 0.1825 5132.64
1.55E+09 0.1756 5100.17
1.58E+09 0.1491 5078.45
1.61E+09 0.1693 5061.65
1.63E+09 0.1548 5045.98
1.66E+09 0.1493 5030.09
1.68E+09 0.1385 5015.82
1.71E+09 0.1462 5001.67
1.72E+09 0.1345 4990.07
1.75E+09 0.1326 4972.62
1.78E+09 0.1412 4956.21
1.81E+09 0.1313 4940.3
1.84E+09 0.1301 4925.31
1.86E+09 0.1322 4911.56
1.89E+09 0.1217 4899.48
1.91E+09 0.1200 4884.7
1.94E+09 0.1133 4871.58
1.97E+09 0.1200 4859.32
1.99E+09 0.1101 4848.92
2.02E+09 0.1057 4835.86
2.04E+09 0.1124 4826.37
2.06E+09 0.1051 4814.74
2.09E+09 0.1003 4802.82
2.12E+09 0.0993 4792.13
2.15E+09 0.1000 4781.25
2.17E+09 0.0875 4770.9
2.20E+09 0.0806 4759.06
2.23E+09 0.0808 4750.68
2.25E+09 0.0887 4741.68
2.29E+09 0.0781 4729.99
2.31E+09 0.0807 4721.1
2.34E+09 0.0760 4712.34
2.38E+09 0.0729 4700.06
2.40E+09 0.0761 4691.29
2.43E+09 0.0695 4681.97
2.47E+09 0.0744 4671.91
2.49E+09 0.0692 4663.8
2.53E+09 0.0650 4654.27
2.56E+09 0.0630 4644.85
2.60E+09 0.0623 4636.17
2.63E+09 0.0537 4628.01
2.66E+09 0.0539 4619.96
2.69E+09 0.0543 4612.89
2.73E+09 0.0554 4604.17
2.76E+09 0.0537 4597.85
2.79E+09 0.0537 4589.78
2.83E+09 0.0498 4582.24
2.87E+09 0.0464 4574.16
2.90E+09 0.0528 4566.7
2.94E+09 0.0454 4558.88
2.98E+09 0.0427 4551.14
3.03E+09 0.0434 4543.59
3.06E+09 0.0385 4537.02
3.11E+09 0.0434 4530.2
3.15E+09 0.0326 4523.56
3.19E+09 0.0395 4516.79
3.23E+09 0.0337 4510.31
3.28E+09 0.0333 4503.74
3.33E+09 0.0342 4497.16
3.38E+09 0.0281 4490.63
3.41E+09 0.0351 4485.95
3.46E+09 0.0272 4479.56
3.51E+09 0.0315 4473.81
3.56E+09 0.0272 4468.13
3.61E+09 0.0264 4462.51
3.65E+09 0.0264 4457.16
3.70E+09 0.0256 4452.07
3.76E+09 0.0197 4446.92
3.81E+09 0.0250 4442.25
3.86E+09 0.0196 4437.38
3.90E+09 0.0185 4433.61
3.96E+09 0.0183 4429.12
4.01E+09 0.0213 4425.7
4.06E+09 0.0180 4421.46
4.11E+09 0.0199 4417.34
4.17E+09 0.0168 4412.8
4.22E+09 0.0169 4409.01
4.28E+09 0.0159 4404.87
4.34E+09 0.0159 4401.08
4.39E+09 0.0134 4397.88
4.44E+09 0.0184 4394.67
4.50E+09 0.0154 4390.48
4.55E+09 0.0165 4387.07
4.62E+09 0.0148 4382.57
4.67E+09 0.0142 4379.16
4.75E+09 0.0112 4375.44
4.81E+09 0.0150 4372.01
4.88E+09 0.0119 4368.13
4.94E+09 0.0112 4364.94
