0.00E+00 -0.7229 5944.37
2.07E+08 0.2011 5742.76
2.77E+08 0.1875 5671.59
3.30E+08 0.1811 5620.09
3.74E+08 0.1793 5578.2
4.18E+08 0.1743 5538.3
4.61E+08 0.1676 5501.13
4.98E+08 0.1624 5469.36
5.33E+08 0.1604 5440.72
5.70E+08 0.1531 5410.37
6.01E+08 0.1509 5385.96
6.30E+08 0.1510 5363.87
6.42E+08 0.1664 5354.16
6.52E+08 0.1860 5345.35
6.66E+08 0.1973 5330.86
6.92E+08 0.2147 5302.11
7.38E+08 0.2184 5251
7.88E+08 0.2285 5193.58
8.19E+08 0.2305 5154.89
9.06E+08 0.1842 5065.02
1.02E+09 0.1602 4967.97
1.14E+09 0.1384 4872.36
1.27E+09 0.1509 4783.24
1.36E+09 0.1398 4709.64
1.47E+09 0.1180 4636.24
1.55E+09 0.1458 4585.88
1.61E+09 0.1320 4542.54
1.66E+09 0.1177 4510.69
1.70E+09 0.1135 4486.05
1.73E+09 0.1196 4468.87
1.76E+09 0.1248 4450.38
1.78E+09 0.1144 4436.2
1.81E+09 0.1108 4419
1.84E+09 0.1079 4404.15
1.86E+09 0.1017 4388.63
1.89E+09 0.0995 4374.05
1.92E+09 0.0827 4361.43
1.95E+09 0.0857 4349.43
1.98E+09 0.0979 4335.39
2.01E+09 0.0966 4320.6
2.04E+09 0.0912 4306.94
2.07E+09 0.0863 4291.04
2.11E+09 0.0815 4275.86
2.14E+09 0.0768 4263.66
2.16E+09 0.0676 4254.01
2.19E+09 0.0683 4243.61
2.23E+09 0.0645 4232.14
2.26E+09 0.0741 4219.46
2.30E+09 0.0756 4204.85
2.34E+09 0.0720 4190.03
2.38E+09 0.0686 4174.91
2.42E+09 0.0642 4162.07
2.46E+09 0.0611 4147.78
2.50E+09 0.0608 4136.74
2.53E+09 0.0500 4127.35
2.58E+09 0.0605 4114.35
2.62E+09 0.0550 4100.5
2.66E+09 0.0484 4091.6
2.70E+09 0.0512 4079.96
2.75E+09 0.0523 4068.41
2.80E+09 0.0503 4056
2.83E+09 0.0413 4047.43
2.88E+09 0.0383 4037.2
2.93E+09 0.0387 4028.51
2.97E+09 0.0422 4018.62
3.02E+09 0.0469 4007.08
3.08E+09 0.0450 3994.48
3.13E+09 0.0425 3982.87
3.18E+09 0.0405 3971.53
3.24E+09 0.0390 3960.13
3.29E+09 0.0381 3949.72
3.34E+09 0.0371 3940.01
3.39E+09 0.0352 3930.36
3.45E+09 0.0339 3921.01
3.51E+09 0.0325 3910.43
3.57E+09 0.0313 3900.88
3.63E+09 0.0298 3891.2
3.69E+09 0.0290 3881.65
3.75E+09 0.0270 3872.36
3.82E+09 0.0248 3863.12
3.88E+09 0.0239 3855.69
3.93E+09 0.0208 3850.43
4.00E+09 0.0190 3843.56
4.06E+09 0.0190 3837.67
4.12E+09 0.0166 3831.94
4.19E+09 0.0178 3826.24
4.25E+09 0.0174 3820.45
4.32E+09 0.0161 3814.67
4.39E+09 0.0154 3809.05
4.46E+09 0.0146 3803.71
4.52E+09 0.0162 3798.31
4.59E+09 0.0145 3792.77
4.67E+09 0.0134 3787.4
4.74E+09 0.0136 3782.27
4.82E+09 0.0122 3777.18
4.89E+09 0.0126 3772.7
4.95E+09 0.0134 3768.55
