0.00E+00 -0.5309 4984.64
1.61E+08 0.1376 4926.41
1.68E+08 0.1731 4922.71
1.75E+08 0.1923 4918.51
1.88E+08 0.1986 4910.52
2.05E+08 0.2129 4898.52
2.43E+08 0.2227 4873.04
2.78E+08 0.2433 4846.38
3.73E+08 0.2182 4776.22
4.60E+08 0.2123 4716.99
5.06E+08 0.2068 4685.28
5.49E+08 0.1961 4657.59
5.78E+08 0.1900 4639.34
5.99E+08 0.1865 4626.42
6.18E+08 0.1976 4615.07
6.34E+08 0.2091 4604.02
6.53E+08 0.2070 4591.67
6.70E+08 0.1992 4580.66
6.84E+08 0.1939 4571.38
6.96E+08 0.1885 4564.02
7.08E+08 0.1858 4556.95
7.19E+08 0.1908 4550.42
7.32E+08 0.1804 4542.51
7.48E+08 0.1806 4533.14
7.69E+08 0.1858 4520.84
7.88E+08 0.1772 4509.43
8.00E+08 0.1725 4502.45
8.19E+08 0.1753 4492.4
8.43E+08 0.1683 4478.56
8.60E+08 0.1562 4469.62
8.73E+08 0.1422 4463.53
8.86E+08 0.1550 4457.44
9.01E+08 0.1527 4450.31
9.16E+08 0.1406 4443.23
9.28E+08 0.1461 4437.46
9.44E+08 0.1378 4429.7
9.58E+08 0.1304 4423.9
9.72E+08 0.1434 4417.4
9.87E+08 0.1403 4410.75
1.00E+09 0.1452 4404.79
1.01E+09 0.1421 4399.27
1.03E+09 0.1403 4392.39
1.04E+09 0.1324 4386.43
1.05E+09 0.1244 4380.99
1.06E+09 0.1277 4376.88
1.08E+09 0.1279 4371.99
1.09E+09 0.1367 4367.14
1.10E+09 0.1259 4360.6
1.12E+09 0.1338 4353.59
1.13E+09 0.1345 4347.29
1.15E+09 0.1281 4342.19
1.16E+09 0.1239 4336.96
1.17E+09 0.1216 4332.12
1.18E+09 0.1277 4328.1
1.20E+09 0.1242 4322.01
1.21E+09 0.1258 4316.67
1.22E+09 0.1205 4311.1
1.24E+09 0.1223 4305
1.25E+09 0.1258 4299.8
1.27E+09 0.1198 4293.24
1.28E+09 0.1188 4288.73
1.29E+09 0.1162 4283.02
1.31E+09 0.1104 4278.41
1.32E+09 0.1216 4273.8
1.33E+09 0.1138 4268.12
1.35E+09 0.1101 4262.41
1.36E+09 0.1162 4257.67
1.38E+09 0.1087 4252.25
1.39E+09 0.1112 4247.41
1.41E+09 0.1169 4241.42
1.43E+09 0.1127 4234.91
1.44E+09 0.1063 4229.28
1.46E+09 0.1030 4224.7
1.47E+09 0.1037 4220.19
1.48E+09 0.1049 4215.62
1.50E+09 0.1018 4210.6
1.51E+09 0.1034 4205.38
1.53E+09 0.1035 4198.79
1.55E+09 0.1000 4193.53
1.57E+09 0.0996 4188.13
1.58E+09 0.1032 4183.06
1.60E+09 0.0961 4178.45
1.61E+09 0.0882 4174.42
1.62E+09 0.0910 4170.75
1.64E+09 0.0998 4166.51
1.65E+09 0.0994 4160.46
1.67E+09 0.0919 4154.48
1.69E+09 0.0859 4149.39
1.71E+09 0.0849 4145.13
1.72E+09 0.0942 4140.05
1.74E+09 0.0890 4135.37
1.75E+09 0.0831 4132.1
1.76E+09 0.0839 4128.71
1.78E+09 0.0815 4124.77
1.79E+09 0.0817 4121.97
1.81E+09 0.0871 4116.18
1.83E+09 0.0909 4110.17
1.85E+09 0.0876 4103.45
1.88E+09 0.0825 4097.25
1.89E+09 0.0759 4092.87
1.91E+09 0.0830 4088.34
1.93E+09 0.0791 4083.79
1.94E+09 0.0803 4079.81
1.97E+09 0.0804 4074.29
1.99E+09 0.0759 4068.91
2.01E+09 0.0757 4064.24
2.02E+09 0.0732 4060.05
2.04E+09 0.0755 4056.15
2.05E+09 0.0698 4053.15
2.07E+09 0.0750 4048.51
2.09E+09 0.0715 4044.38
2.10E+09 0.0671 4041.18
2.13E+09 0.0802 4035.84
2.15E+09 0.0734 4029.03
2.18E+09 0.0712 4023.71
2.20E+09 0.0721 4019.24
2.21E+09 0.0663 4015.61
2.23E+09 0.0630 4012.29
2.24E+09 0.0632 4009.47
2.26E+09 0.0609 4006.87
2.27E+09 0.0574 4004.37
2.28E+09 0.0624 4001.31
2.30E+09 0.0598 3998.89
2.31E+09 0.0600 3995.75
2.33E+09 0.0613 3993.25
2.34E+09 0.0608 3990.03
2.36E+09 0.0641 3986.7
2.38E+09 0.0606 3982.79
2.39E+09 0.0566 3979.55
2.42E+09 0.0562 3975.81
2.43E+09 0.0562 3973.17
2.45E+09 0.0605 3969.23
2.47E+09 0.0599 3965.19
2.49E+09 0.0635 3961
2.52E+09 0.0577 3956
2.54E+09 0.0560 3951.34
2.57E+09 0.0586 3946.97
2.59E+09 0.0549 3941.87
2.62E+09 0.0511 3937.72
2.64E+09 0.0512 3933.83
2.67E+09 0.0551 3929.54
2.69E+09 0.0523 3925.63
2.71E+09 0.0496 3922.06
2.73E+09 0.0483 3919.1
2.75E+09 0.0489 3916.68
2.76E+09 0.0512 3913.97
2.78E+09 0.0478 3911.33
2.80E+09 0.0479 3908.3
2.82E+09 0.0427 3905.4
2.84E+09 0.0502 3902.19
2.86E+09 0.0460 3899.26
2.88E+09 0.0472 3895.95
2.91E+09 0.0476 3892.28
2.93E+09 0.0448 3888.54
2.95E+09 0.0407 3885.33
2.98E+09 0.0514 3881.96
3.00E+09 0.0461 3878.09
3.03E+09 0.0432 3874.64
3.05E+09 0.0423 3871.05
3.07E+09 0.0418 3868.19
3.10E+09 0.0475 3864.56
3.12E+09 0.0440 3860.88
3.14E+09 0.0404 3858.63
3.16E+09 0.0373 3856.37
3.18E+09 0.0427 3853.92
3.20E+09 0.0380 3850.87
3.22E+09 0.0389 3848.28
3.24E+09 0.0362 3845.66
3.27E+09 0.0378 3842.99
3.29E+09 0.0437 3839.69
3.32E+09 0.0416 3836.14
3.34E+09 0.0367 3832.94
3.37E+09 0.0384 3829.35
3.40E+09 0.0394 3826.41
3.42E+09 0.0360 3823.11
3.45E+09 0.0316 3820.12
3.47E+09 0.0364 3817.66
3.50E+09 0.0383 3814.6
3.53E+09 0.0328 3811.34
3.55E+09 0.0305 3808.66
3.58E+09 0.0352 3805.69
3.61E+09 0.0362 3802.4
3.64E+09 0.0364 3798.49
3.68E+09 0.0381 3794.49
3.70E+09 0.0371 3791.02
3.73E+09 0.0353 3788.09
3.75E+09 0.0306 3785.45
3.78E+09 0.0275 3782.95
3.81E+09 0.0297 3780.78
3.83E+09 0.0304 3777.98
3.86E+09 0.0324 3775.37
3.89E+09 0.0303 3772.65
3.92E+09 0.0296 3769.76
3.94E+09 0.0290 3767.16
3.97E+09 0.0269 3764.45
4.01E+09 0.0317 3761.52
4.03E+09 0.0313 3758.63
4.07E+09 0.0277 3755.01
4.11E+09 0.0248 3752.13
4.14E+09 0.0290 3749.32
4.17E+09 0.0266 3746.12
4.21E+09 0.0270 3742.82
4.24E+09 0.0257 3740.46
4.27E+09 0.0271 3737.71
4.31E+09 0.0278 3734.15
4.35E+09 0.0258 3730.53
4.40E+09 0.0270 3726.95
4.44E+09 0.0247 3723.33
4.48E+09 0.0257 3719.86
4.52E+09 0.0254 3716.78
4.56E+09 0.0262 3713.74
4.60E+09 0.0235 3710.4
4.63E+09 0.0248 3707.66
4.67E+09 0.0214 3705.06
4.70E+09 0.0211 3702.76
4.74E+09 0.0234 3700.26
4.78E+09 0.0221 3697.18
4.82E+09 0.0221 3694.08
4.86E+09 0.0203 3691.26
4.90E+09 0.0218 3688.38
4.94E+09 0.0207 3685.63
4.98E+09 0.0210 3682.83
