0.00E+00 -1.0439 6495.62
1.06E+08 0.3510 6396.07
1.41E+08 0.3405 6357.35
1.65E+08 0.3421 6330.42
1.88E+08 0.3451 6306.92
2.11E+08 0.3197 6282.33
2.28E+08 0.3281 6265.11
2.47E+08 0.3127 6246.48
2.63E+08 0.3162 6230.71
2.78E+08 0.3100 6216.04
2.96E+08 0.2988 6199.18
3.09E+08 0.3037 6186.73
3.24E+08 0.2938 6172.62
3.38E+08 0.2903 6160.67
3.50E+08 0.2884 6149.94
3.62E+08 0.2808 6138.69
3.74E+08 0.2735 6128.4
3.84E+08 0.2734 6119.72
3.95E+08 0.2742 6110.59
4.07E+08 0.2685 6100.45
4.20E+08 0.2688 6089.9
4.30E+08 0.2675 6081.42
4.41E+08 0.2659 6072.46
4.51E+08 0.2653 6063.98
4.60E+08 0.2639 6056.3
4.70E+08 0.2704 6048.65
4.78E+08 0.2719 6041.7
4.85E+08 0.2685 6035.44
4.92E+08 0.2767 6029.69
4.98E+08 0.2819 6024.32
5.03E+08 0.2887 6019.87
5.08E+08 0.3185 6015.67
5.09E+08 0.4118 6013.91
5.12E+08 0.4900 6010.63
5.16E+08 0.5199 6003.8
5.24E+08 0.4660 5991.78
5.33E+08 0.4492 5978.54
5.51E+08 0.4344 5953.98
5.74E+08 0.4270 5923.67
5.91E+08 0.4252 5900.86
6.06E+08 0.4225 5881.06
6.21E+08 0.4212 5861.76
6.34E+08 0.4472 5843.69
6.50E+08 0.4091 5823.02
6.77E+08 0.3666 5790.62
7.13E+08 0.3320 5751.74
7.39E+08 0.3666 5723.45
7.60E+08 0.3995 5698.76
7.78E+08 0.4109 5675.64
7.98E+08 0.3920 5651.01
8.34E+08 0.4164 5604.88
8.72E+08 0.3903 5557.34
8.99E+08 0.3657 5526.58
9.19E+08 0.3524 5503.73
9.31E+08 0.3481 5490.72
9.39E+08 0.3326 5481.72
9.51E+08 0.3220 5470.09
9.64E+08 0.3207 5456.45
9.78E+08 0.3182 5443.45
9.87E+08 0.3067 5433.88
9.99E+08 0.3062 5422.91
1.01E+09 0.3121 5407.76
1.03E+09 0.3009 5396.69
1.04E+09 0.2985 5387.97
1.05E+09 0.2966 5377.77
1.05E+09 0.2931 5370.08
1.06E+09 0.2915 5361.02
1.07E+09 0.2854 5352.2
1.08E+09 0.2799 5343.89
1.09E+09 0.2836 5337.63
1.10E+09 0.2816 5329.34
1.11E+09 0.2752 5322.14
1.12E+09 0.2730 5312.43
1.13E+09 0.2766 5303.68
1.14E+09 0.2690 5294.98
1.15E+09 0.2688 5287.24
1.16E+09 0.2690 5279.72
1.17E+09 0.2672 5273.94
1.17E+09 0.2580 5267.18
1.18E+09 0.2545 5261.06
1.19E+09 0.2584 5254.8
1.20E+09 0.2547 5247.09
1.21E+09 0.2624 5240.11
1.22E+09 0.2548 5232.47
1.23E+09 0.2455 5226.26
1.23E+09 0.2513 5220.22
1.24E+09 0.2499 5212.8
1.25E+09 0.2475 5204.46
1.27E+09 0.2430 5195.94
1.27E+09 0.2375 5188.62
1.28E+09 0.2474 5181.35
1.29E+09 0.2431 5174.94
1.30E+09 0.2363 5167.69
1.31E+09 0.2318 5160.29
1.32E+09 0.2388 5154.12
1.33E+09 0.2357 5144.91
1.35E+09 0.2281 5134.86
1.36E+09 0.2311 5127.43
1.37E+09 0.2261 5120.71
1.38E+09 0.2266 5112.4
1.39E+09 0.2203 5103.74
1.40E+09 0.2159 5097.19
1.41E+09 0.2143 5089.63
1.43E+09 0.2178 5081.62
1.44E+09 0.2100 5073.55
1.45E+09 0.2139 5067.5
1.46E+09 0.2118 5060.36
1.47E+09 0.2099 5053.78
1.48E+09 0.2063 5045.01
1.49E+09 0.2008 5037.9
1.50E+09 0.2062 5030.86
1.52E+09 0.1977 5022.47
1.53E+09 0.1972 5015.32
1.54E+09 0.1994 5008.34
1.55E+09 0.1918 4999.94
1.57E+09 0.1959 4992.19
1.58E+09 0.1926 4985
1.59E+09 0.1939 4978.22
1.60E+09 0.1836 4970.61
1.62E+09 0.1837 4962.4
1.63E+09 0.1833 4955.75
1.64E+09 0.1777 4949.66
1.65E+09 0.1820 4942.17
1.67E+09 0.1833 4933.19
1.68E+09 0.1739 4925.22
1.70E+09 0.1745 4917.46
1.71E+09 0.1722 4910.08
1.72E+09 0.1656 4903.55
1.74E+09 0.1664 4895.25
1.75E+09 0.1686 4889.08
1.77E+09 0.1629 4880.35
1.78E+09 0.1611 4872.64
1.80E+09 0.1588 4866.65
1.81E+09 0.1623 4858.51
1.83E+09 0.1554 4850.68
1.84E+09 0.1596 4843.84
1.86E+09 0.1536 4836.18
1.87E+09 0.1542 4828.69
1.89E+09 0.1497 4820.8
1.91E+09 0.1489 4813.45
1.92E+09 0.1473 4806.83
1.93E+09 0.1456 4800.62
1.95E+09 0.1438 4793.57
1.97E+09 0.1417 4785.96
1.98E+09 0.1391 4780.33
2.00E+09 0.1409 4773.48
2.01E+09 0.1382 4767.75
2.03E+09 0.1393 4760.73
2.04E+09 0.1293 4754.13
2.06E+09 0.1303 4748.25
2.07E+09 0.1341 4740.79
2.09E+09 0.1276 4733.38
2.11E+09 0.1270 4726.05
2.13E+09 0.1189 4718.79
2.15E+09 0.1224 4713.28
2.17E+09 0.1194 4705.66
2.18E+09 0.1187 4700.32
2.20E+09 0.1168 4693.65
2.22E+09 0.1161 4686.93
2.23E+09 0.1156 4680.89
2.25E+09 0.1111 4674.43
2.27E+09 0.1110 4667.63
2.29E+09 0.1108 4660.48
2.31E+09 0.1056 4653.49
2.33E+09 0.1080 4646.75
2.35E+09 0.1057 4640.73
2.37E+09 0.1035 4635
2.39E+09 0.1047 4627.99
2.41E+09 0.1006 4623.05
2.43E+09 0.1018 4615.64
2.45E+09 0.0967 4608.42
2.47E+09 0.0907 4602.68
2.49E+09 0.0948 4597.27
2.51E+09 0.0924 4590.93
2.53E+09 0.0911 4585.25
2.55E+09 0.0868 4579.7
2.57E+09 0.0892 4573.78
2.59E+09 0.0901 4568.74
2.62E+09 0.0855 4561.91
2.64E+09 0.0841 4556.33
2.66E+09 0.0853 4550.57
2.68E+09 0.0814 4544.75
2.71E+09 0.0813 4539.04
2.73E+09 0.0804 4533.16
2.75E+09 0.0792 4527.15
2.78E+09 0.0759 4521.83
2.80E+09 0.0760 4516.63
2.82E+09 0.0742 4511.39
2.85E+09 0.0709 4505.7
2.87E+09 0.0734 4500.07
2.89E+09 0.0675 4494.98
2.92E+09 0.0712 4489.85
2.95E+09 0.0689 4483.48
2.97E+09 0.0671 4478.6
3.00E+09 0.0687 4473.44
3.02E+09 0.0654 4468.1
3.05E+09 0.0625 4462.5
3.08E+09 0.0642 4457.38
3.10E+09 0.0627 4451.75
3.13E+09 0.0594 4447.29
3.16E+09 0.0615 4441.58
3.19E+09 0.0592 4436.33
3.21E+09 0.0560 4431.61
3.24E+09 0.0543 4426.62
3.27E+09 0.0533 4422.14
3.30E+09 0.0550 4417.21
3.33E+09 0.0528 4411.91
3.36E+09 0.0499 4407.21
3.39E+09 0.0526 4402.82
3.42E+09 0.0514 4398.08
3.45E+09 0.0472 4393.45
3.48E+09 0.0479 4388.66
3.51E+09 0.0448 4384.15
3.54E+09 0.0478 4379.65
3.57E+09 0.0427 4375.26
3.60E+09 0.0452 4370.89
3.64E+09 0.0437 4366.48
3.67E+09 0.0416 4362.05
3.70E+09 0.0423 4357.51
3.74E+09 0.0388 4353.27
3.77E+09 0.0411 4349.11
3.81E+09 0.0368 4344.77
3.84E+09 0.0381 4340.77
3.87E+09 0.0371 4336.88
3.91E+09 0.0365 4332.81
3.94E+09 0.0366 4328.85
3.98E+09 0.0368 4324.77
4.02E+09 0.0354 4320.41
4.06E+09 0.0332 4316.33
4.09E+09 0.0335 4312.77
4.13E+09 0.0317 4308.99
4.17E+09 0.0304 4305.4
4.20E+09 0.0327 4301.86
4.24E+09 0.0297 4298.22
4.28E+09 0.0296 4294.77
4.32E+09 0.0283 4291.26
4.35E+09 0.0291 4287.95
4.39E+09 0.0286 4284.37
4.43E+09 0.0287 4280.9
4.47E+09 0.0262 4277.48
4.51E+09 0.0259 4274.32
4.55E+09 0.0262 4270.97
4.59E+09 0.0246 4267.8
4.64E+09 0.0249 4264.52
4.68E+09 0.0247 4261.45
4.72E+09 0.0235 4258.26
4.76E+09 0.0226 4255.03
4.80E+09 0.0229 4252.12
4.85E+09 0.0230 4249.08
4.89E+09 0.0213 4245.99
4.93E+09 0.0215 4243.16
4.98E+09 0.0207 4240.29
