0.00E+00 -0.2827 3948.78
3.58E+07 0.1738 3942.64
4.49E+07 0.2112 3937.84
5.80E+07 0.2010 3930.51
6.97E+07 0.2006 3924.26
1.01E+08 0.1814 3908.09
1.31E+08 0.2008 3893.01
1.66E+08 0.1968 3874.78
1.95E+08 0.1873 3859.79
2.13E+08 0.1808 3851.12
2.26E+08 0.1760 3844.64
2.38E+08 0.1703 3839.04
2.50E+08 0.1700 3833.63
2.62E+08 0.1687 3828.13
2.76E+08 0.1632 3822.02
2.89E+08 0.1592 3816.42
2.99E+08 0.1553 3812.31
3.08E+08 0.1532 3808.25
3.18E+08 0.1515 3804.52
3.29E+08 0.1499 3800.03
3.38E+08 0.1463 3796.19
3.47E+08 0.1428 3792.86
3.56E+08 0.1435 3789.47
3.66E+08 0.1416 3785.77
3.75E+08 0.1389 3782.08
3.83E+08 0.1368 3779.12
3.94E+08 0.1343 3775.25
4.04E+08 0.1334 3771.75
4.16E+08 0.1297 3767.28
4.26E+08 0.1273 3763.94
4.35E+08 0.1255 3760.92
4.45E+08 0.1232 3757.53
4.55E+08 0.1206 3754.24
4.66E+08 0.1176 3750.9
4.77E+08 0.1162 3747.43
4.89E+08 0.1132 3743.78
5.00E+08 0.1111 3740.44
5.10E+08 0.1088 3737.32
5.23E+08 0.1067 3733.68
5.34E+08 0.1047 3730.45
5.44E+08 0.1028 3727.76
5.56E+08 0.1006 3724.62
5.67E+08 0.0991 3721.48
5.79E+08 0.0979 3718.38
5.90E+08 0.0958 3715.6
5.99E+08 0.0945 3713.19
6.09E+08 0.0932 3710.65
6.17E+08 0.0921 3708.76
6.25E+08 0.0908 3706.7
6.34E+08 0.0910 3704.64
6.42E+08 0.0906 3702.57
6.51E+08 0.0901 3700.57
6.59E+08 0.0877 3698.45
6.68E+08 0.0881 3696.36
6.78E+08 0.0875 3694.07
6.87E+08 0.0863 3692.04
6.95E+08 0.0851 3690.21
7.03E+08 0.0856 3688.23
7.12E+08 0.0851 3686.27
7.20E+08 0.0847 3684.33
7.30E+08 0.0837 3682.07
7.38E+08 0.0839 3680.38
7.46E+08 0.0831 3678.48
7.56E+08 0.0823 3676.43
7.64E+08 0.0818 3674.64
7.74E+08 0.0813 3672.44
7.83E+08 0.0813 3670.37
7.93E+08 0.0801 3668.24
8.01E+08 0.0801 3666.44
8.09E+08 0.0803 3664.72
8.18E+08 0.0802 3662.88
8.27E+08 0.0793 3660.95
8.36E+08 0.0783 3659.01
8.46E+08 0.0789 3657.02
8.54E+08 0.0788 3655.15
8.64E+08 0.0785 3653.16
8.73E+08 0.0781 3651.17
8.83E+08 0.0779 3649.18
8.91E+08 0.0778 3647.54
9.00E+08 0.0763 3645.63
9.09E+08 0.0768 3643.66
9.20E+08 0.0768 3641.58
9.30E+08 0.0765 3639.46
9.41E+08 0.0751 3637.2
9.49E+08 0.0760 3635.51
9.59E+08 0.0756 3633.62
9.69E+08 0.0747 3631.46
9.77E+08 0.0747 3629.94
9.87E+08 0.0742 3628.03
9.95E+08 0.0741 3626.35
1.00E+09 0.0737 3624.5
1.01E+09 0.0741 3622.89
1.02E+09 0.0732 3621.18
1.03E+09 0.0729 3619.58
1.04E+09 0.0732 3618.09
1.05E+09 0.0728 3616.2
1.06E+09 0.0726 3614.43
1.07E+09 0.0722 3612.63
1.07E+09 0.0707 3610.77
1.09E+09 0.0710 3608.78
1.09E+09 0.0714 3607.12
1.10E+09 0.0714 3605.36
1.11E+09 0.0713 3603.38
1.12E+09 0.0701 3601.37
1.13E+09 0.0698 3599.78
1.14E+09 0.0697 3598.03
1.15E+09 0.0701 3596.18
1.16E+09 0.0704 3594.35
1.17E+09 0.0700 3592.4
1.18E+09 0.0690 3590.18
1.19E+09 0.0689 3588.12
1.21E+09 0.0693 3586.03
1.22E+09 0.0682 3583.95
1.23E+09 0.0679 3581.82
1.24E+09 0.0676 3579.68
1.25E+09 0.0674 3577.52
1.26E+09 0.0682 3575.45
1.28E+09 0.0672 3573.34
1.29E+09 0.0666 3571.16
1.30E+09 0.0670 3569.15
1.31E+09 0.0673 3567.09
1.32E+09 0.0661 3565.06
1.33E+09 0.0659 3563.12
1.34E+09 0.0657 3561.14
1.36E+09 0.0651 3558.96
1.37E+09 0.0651 3557.16
1.38E+09 0.0645 3554.92
1.39E+09 0.0646 3553.11
1.40E+09 0.0640 3551.23
1.41E+09 0.0634 3549.25
1.42E+09 0.0626 3547.4
1.43E+09 0.0635 3545.89
1.44E+09 0.0626 3543.98
1.45E+09 0.0626 3542.28
1.46E+09 0.0627 3540.43
1.48E+09 0.0621 3538.52
1.49E+09 0.0624 3536.62
1.50E+09 0.0620 3534.61
1.51E+09 0.0617 3532.83
1.52E+09 0.0609 3531.12
1.53E+09 0.0613 3529.1
1.55E+09 0.0610 3527.02
1.56E+09 0.0606 3524.84
1.57E+09 0.0609 3523.21
1.58E+09 0.0601 3521.23
1.59E+09 0.0601 3519.41
1.60E+09 0.0594 3517.89
1.61E+09 0.0594 3516.2
1.62E+09 0.0599 3514.46
1.64E+09 0.0595 3512.59
1.65E+09 0.0589 3510.54
1.66E+09 0.0583 3508.54
1.67E+09 0.0582 3506.59
1.69E+09 0.0588 3504.71
1.70E+09 0.0579 3502.69
1.71E+09 0.0578 3500.49
1.73E+09 0.0571 3498.59
1.74E+09 0.0577 3496.75
1.75E+09 0.0572 3494.69
1.76E+09 0.0573 3492.69
1.78E+09 0.0565 3490.72
1.79E+09 0.0566 3488.86
1.80E+09 0.0569 3486.95
1.81E+09 0.0562 3485
1.83E+09 0.0558 3482.85
1.84E+09 0.0557 3480.82
1.86E+09 0.0553 3478.71
1.87E+09 0.0551 3476.85
1.88E+09 0.0544 3474.73
1.90E+09 0.0546 3472.76
1.91E+09 0.0544 3470.7
1.92E+09 0.0536 3468.72
1.94E+09 0.0538 3466.75
1.95E+09 0.0537 3465.09
1.96E+09 0.0533 3463.25
1.97E+09 0.0531 3461.55
1.99E+09 0.0530 3459.97
2.00E+09 0.0526 3458.03
2.01E+09 0.0522 3455.95
2.03E+09 0.0529 3453.78
2.05E+09 0.0516 3451.52
2.06E+09 0.0511 3449.38
2.07E+09 0.0510 3447.56
2.09E+09 0.0507 3445.67
2.10E+09 0.0508 3443.75
2.12E+09 0.0505 3441.8
2.13E+09 0.0506 3439.9
2.15E+09 0.0500 3437.85
2.16E+09 0.0498 3435.96
2.17E+09 0.0494 3434.05
2.19E+09 0.0491 3432.06
2.20E+09 0.0493 3430.28
2.22E+09 0.0488 3428.4
2.23E+09 0.0486 3426.19
2.25E+09 0.0485 3424.1
2.26E+09 0.0479 3422.19
2.28E+09 0.0475 3420.39
2.29E+09 0.0475 3418.58
2.31E+09 0.0477 3416.68
2.32E+09 0.0471 3414.62
2.34E+09 0.0470 3412.89
2.35E+09 0.0467 3410.95
2.37E+09 0.0466 3408.93
2.38E+09 0.0464 3407
2.40E+09 0.0464 3404.93
2.42E+09 0.0457 3402.74
2.44E+09 0.0458 3400.67
2.45E+09 0.0455 3398.9
2.47E+09 0.0444 3396.91
2.48E+09 0.0446 3395.04
2.50E+09 0.0448 3392.99
2.52E+09 0.0440 3390.96
2.53E+09 0.0439 3388.98
2.55E+09 0.0439 3387.05
2.57E+09 0.0434 3385.19
2.58E+09 0.0428 3383.29
2.60E+09 0.0429 3381.47
2.61E+09 0.0426 3379.73
2.63E+09 0.0423 3377.87
2.65E+09 0.0426 3376.04
2.66E+09 0.0424 3374.11
2.68E+09 0.0417 3372.13
2.70E+09 0.0417 3370.45
2.71E+09 0.0410 3368.51
2.73E+09 0.0409 3366.53
2.75E+09 0.0409 3364.79
2.76E+09 0.0410 3363.01
2.78E+09 0.0411 3361.12
2.80E+09 0.0404 3359.18
2.81E+09 0.0403 3357.37
2.83E+09 0.0396 3355.46
2.85E+09 0.0398 3353.55
2.87E+09 0.0396 3351.83
2.89E+09 0.0394 3349.74
2.90E+09 0.0393 3348.05
2.92E+09 0.0391 3346.29
2.94E+09 0.0389 3344.39
2.95E+09 0.0386 3342.62
2.97E+09 0.0386 3340.81
2.99E+09 0.0380 3338.97
3.01E+09 0.0379 3337.1
3.03E+09 0.0377 3335.14
3.04E+09 0.0379 3333.4
3.06E+09 0.0369 3331.51
3.08E+09 0.0368 3329.85
3.09E+09 0.0374 3328.49
3.11E+09 0.0367 3326.82
3.13E+09 0.0364 3325.1
3.15E+09 0.0363 3323.21
3.16E+09 0.0364 3321.74
3.18E+09 0.0361 3320.09
3.20E+09 0.0363 3318.23
3.22E+09 0.0359 3316.27
3.24E+09 0.0352 3314.42
3.26E+09 0.0352 3312.7
3.27E+09 0.0353 3311.05
3.29E+09 0.0348 3309.44
3.31E+09 0.0349 3307.73
3.33E+09 0.0345 3305.81
3.35E+09 0.0342 3303.84
3.37E+09 0.0345 3301.86
3.40E+09 0.0340 3299.78
3.42E+09 0.0336 3297.92
3.44E+09 0.0334 3296.08
3.46E+09 0.0336 3294.23
3.48E+09 0.0331 3292.28
3.50E+09 0.0332 3290.51
3.52E+09 0.0330 3288.61
3.54E+09 0.0333 3286.75
3.56E+09 0.0325 3285.52
3.58E+09 0.0328 3283.82
3.59E+09 0.0323 3282.21
3.62E+09 0.0319 3280.3
3.64E+09 0.0320 3278.65
3.66E+09 0.0316 3276.85
3.68E+09 0.0314 3275.11
3.70E+09 0.0310 3273.3
3.72E+09 0.0309 3271.72
3.74E+09 0.0303 3269.95
3.76E+09 0.0306 3268.35
3.78E+09 0.0304 3266.74
3.80E+09 0.0305 3264.92
3.82E+09 0.0303 3263.14
3.84E+09 0.0302 3261.36
3.87E+09 0.0296 3259.47
3.89E+09 0.0298 3257.82
3.91E+09 0.0295 3256.12
3.93E+09 0.0291 3254.3
3.96E+09 0.0294 3252.34
3.98E+09 0.0289 3250.43
4.01E+09 0.0285 3248.57
4.03E+09 0.0284 3246.99
4.05E+09 0.0286 3245.26
4.07E+09 0.0282 3243.5
4.10E+09 0.0283 3241.73
4.12E+09 0.0278 3239.99
4.14E+09 0.0280 3238.24
4.17E+09 0.0277 3236.54
4.19E+09 0.0274 3235
4.21E+09 0.0273 3233.22
4.23E+09 0.0274 3231.63
4.26E+09 0.0272 3229.83
4.28E+09 0.0267 3227.94
4.31E+09 0.0267 3226.03
4.34E+09 0.0266 3224.19
4.36E+09 0.0264 3222.36
4.39E+09 0.0260 3220.66
4.41E+09 0.0261 3219.04
4.43E+09 0.0259 3217.33
4.46E+09 0.0258 3215.58
4.48E+09 0.0257 3213.86
4.51E+09 0.0257 3212.01
4.54E+09 0.0254 3210.13
4.57E+09 0.0255 3208.26
4.59E+09 0.0251 3206.5
4.62E+09 0.0248 3204.79
4.64E+09 0.0248 3203.02
4.67E+09 0.0248 3201.13
4.70E+09 0.0245 3199.24
4.73E+09 0.0245 3197.42
4.75E+09 0.0243 3195.79
4.78E+09 0.0241 3194.17
4.81E+09 0.0241 3192.36
4.83E+09 0.0243 3190.63
4.86E+09 0.0240 3188.78
4.88E+09 0.0240 3187.28
4.91E+09 0.0235 3185.63
4.93E+09 0.0235 3184.13
4.96E+09 0.0231 3182.59
4.98E+09 0.0234 3181.05
