0.00E+00 -1.3116 7333.43
1.05E+08 0.4741 7167.56
1.45E+08 0.4463 7095.64
1.73E+08 0.4369 7046.32
1.95E+08 0.4396 7008.85
2.18E+08 0.4272 6971.19
2.39E+08 0.4059 6937.48
2.55E+08 0.4106 6911.21
2.73E+08 0.3903 6883.65
2.90E+08 0.3923 6859.19
3.07E+08 0.3800 6833.51
3.22E+08 0.3804 6811.02
3.37E+08 0.3788 6789.54
3.52E+08 0.3633 6767.88
3.66E+08 0.3694 6748.46
3.81E+08 0.3579 6727.21
3.95E+08 0.3571 6708.26
4.10E+08 0.3519 6688.59
4.23E+08 0.3432 6670.51
4.37E+08 0.3428 6652.6
4.50E+08 0.3410 6634.84
4.63E+08 0.3355 6618.05
4.76E+08 0.3329 6601.41
4.87E+08 0.3343 6587.17
5.00E+08 0.3237 6570.16
5.13E+08 0.3238 6554.73
5.24E+08 0.3221 6540.66
5.36E+08 0.3157 6526.92
5.48E+08 0.3121 6512.13
5.59E+08 0.3153 6499.19
5.70E+08 0.3118 6486.02
5.81E+08 0.3061 6472.49
5.92E+08 0.3032 6459.83
6.03E+08 0.3071 6447.25
6.14E+08 0.2964 6434.32
6.24E+08 0.2962 6422.48
6.34E+08 0.2923 6411.11
6.44E+08 0.2903 6400.16
6.54E+08 0.2910 6389.5
6.62E+08 0.2891 6380.34
6.71E+08 0.2894 6370.75
6.79E+08 0.2929 6361.91
6.87E+08 0.2935 6352.22
6.95E+08 0.2957 6343.41
7.03E+08 0.3031 6333.83
7.11E+08 0.3127 6325.12
7.16E+08 0.3346 6319.28
7.17E+08 0.3797 6316.92
7.19E+08 0.5082 6313.29
7.23E+08 0.5549 6305.8
7.36E+08 0.4878 6280.49
7.58E+08 0.4423 6240.6
7.84E+08 0.4400 6196.64
8.04E+08 0.4264 6163.1
8.25E+08 0.4186 6129.71
8.48E+08 0.4181 6092.68
8.65E+08 0.4114 6065.33
8.92E+08 0.3713 6025.86
9.20E+08 0.3421 5987.69
9.47E+08 0.3240 5951.94
9.80E+08 0.3889 5909.03
1.02E+09 0.3851 5854.26
1.06E+09 0.3686 5795.19
1.11E+09 0.3701 5728.83
1.16E+09 0.3625 5651.49
1.22E+09 0.3183 5574.3
1.27E+09 0.3140 5514.24
1.31E+09 0.3002 5466.65
1.34E+09 0.2612 5436.03
1.36E+09 0.2740 5408.13
1.38E+09 0.2696 5389.02
1.40E+09 0.2484 5375.65
1.42E+09 0.2500 5355.12
1.44E+09 0.2524 5335.24
1.45E+09 0.2482 5321.35
1.47E+09 0.2424 5302.16
1.49E+09 0.2255 5284.63
1.51E+09 0.2292 5270.15
1.53E+09 0.2196 5256.86
1.54E+09 0.2261 5241.35
1.56E+09 0.2150 5228.45
1.58E+09 0.2082 5213.49
1.59E+09 0.2152 5200.83
1.61E+09 0.2165 5187.37
1.63E+09 0.2073 5172.7
1.65E+09 0.1928 5154.73
1.67E+09 0.1986 5138.43
1.69E+09 0.1910 5122.78
1.71E+09 0.1927 5108.04
1.73E+09 0.1888 5094.81
1.75E+09 0.1853 5082.89
1.77E+09 0.1737 5070.19
1.78E+09 0.1833 5059.95
1.80E+09 0.1737 5047.69
1.81E+09 0.1748 5039.54
1.83E+09 0.1665 5027.54
1.85E+09 0.1766 5013.01
1.87E+09 0.1678 5004.06
1.89E+09 0.1651 4989.38
1.91E+09 0.1567 4975.5
1.93E+09 0.1536 4965.43
1.95E+09 0.1532 4952.66
1.97E+09 0.1478 4940.28
1.99E+09 0.1430 4929.74
2.02E+09 0.1357 4915.82
2.04E+09 0.1383 4902.93
2.06E+09 0.1314 4894.36
2.08E+09 0.1331 4881.86
2.10E+09 0.1184 4871.21
2.12E+09 0.1310 4861.17
2.14E+09 0.1269 4852.06
2.17E+09 0.1304 4839.98
2.19E+09 0.1216 4830.7
2.22E+09 0.1207 4817.25
2.24E+09 0.1170 4805.13
2.27E+09 0.1136 4793.96
2.29E+09 0.1142 4784.25
2.32E+09 0.1046 4771.42
2.35E+09 0.1057 4762.18
2.37E+09 0.0991 4754.1
2.40E+09 0.0993 4741.81
2.42E+09 0.0948 4733.31
2.45E+09 0.0974 4723.69
2.48E+09 0.0878 4713.73
2.50E+09 0.0904 4704.93
2.53E+09 0.0897 4695.87
2.56E+09 0.0870 4684.99
2.59E+09 0.0845 4675.87
2.62E+09 0.0819 4666.89
2.65E+09 0.0842 4657.11
2.68E+09 0.0755 4648.72
2.71E+09 0.0731 4640.68
2.74E+09 0.0722 4631.81
2.77E+09 0.0728 4623.78
2.80E+09 0.0715 4615.12
2.83E+09 0.0624 4605.99
2.86E+09 0.0626 4599.06
2.89E+09 0.0689 4591.2
2.92E+09 0.0585 4585.95
2.95E+09 0.0651 4576.73
2.99E+09 0.0614 4568.17
3.03E+09 0.0503 4560.75
3.06E+09 0.0557 4552.81
3.09E+09 0.0558 4546.85
3.13E+09 0.0526 4539.57
3.17E+09 0.0469 4532
3.21E+09 0.0475 4523.6
3.25E+09 0.0470 4516.6
3.29E+09 0.0470 4509.58
3.33E+09 0.0451 4502.99
3.37E+09 0.0455 4495.95
3.41E+09 0.0383 4489.45
3.46E+09 0.0437 4482.2
3.49E+09 0.0437 4476.46
3.53E+09 0.0374 4470.18
3.58E+09 0.0389 4462.97
3.63E+09 0.0350 4456.73
3.67E+09 0.0339 4451.01
3.72E+09 0.0341 4444.49
3.77E+09 0.0317 4438.32
3.82E+09 0.0317 4432.51
3.86E+09 0.0292 4427
3.91E+09 0.0278 4421.85
3.95E+09 0.0268 4417.62
4.00E+09 0.0283 4412.16
4.05E+09 0.0295 4406.74
4.11E+09 0.0252 4401.3
4.16E+09 0.0259 4396.25
4.21E+09 0.0236 4391.26
4.26E+09 0.0247 4386.34
4.32E+09 0.0207 4381.46
4.38E+09 0.0205 4376.95
4.43E+09 0.0220 4372.65
4.49E+09 0.0207 4367.85
4.54E+09 0.0200 4363.36
4.60E+09 0.0184 4359.44
4.66E+09 0.0164 4355.68
4.71E+09 0.0177 4351.81
4.77E+09 0.0169 4348.07
4.83E+09 0.0172 4343.96
4.89E+09 0.0171 4339.93
4.96E+09 0.0169 4335.71
