0.00E+00 -0.2825 3837.9
5.00E+07 0.1437 3828.1
5.86E+07 0.1751 3824.18
7.33E+07 0.1937 3816.14
9.80E+07 0.1827 3802.93
1.37E+08 0.1583 3783.78
1.71E+08 0.1753 3767.55
2.05E+08 0.1798 3750.66
2.35E+08 0.1716 3735.51
2.53E+08 0.1643 3726.61
2.74E+08 0.1577 3717.22
2.91E+08 0.1503 3709.62
3.09E+08 0.1500 3702.07
3.24E+08 0.1437 3695.44
3.37E+08 0.1387 3690.4
3.52E+08 0.1334 3684.42
3.64E+08 0.1313 3679.88
3.77E+08 0.1300 3674.88
3.92E+08 0.1235 3669.73
4.02E+08 0.1231 3665.87
4.15E+08 0.1204 3661.42
4.26E+08 0.1177 3657.59
4.36E+08 0.1151 3654.36
4.48E+08 0.1116 3650.59
4.61E+08 0.1097 3646.52
4.72E+08 0.1065 3642.89
4.84E+08 0.1046 3639.37
4.95E+08 0.1023 3636.06
5.07E+08 0.0999 3632.64
5.18E+08 0.0962 3629.55
5.29E+08 0.0952 3626.55
5.40E+08 0.0936 3623.55
5.54E+08 0.0901 3620.01
5.65E+08 0.0881 3617.09
5.80E+08 0.0851 3613.48
5.92E+08 0.0826 3610.6
6.03E+08 0.0812 3607.88
6.14E+08 0.0792 3605.29
6.28E+08 0.0764 3602.16
6.42E+08 0.0741 3599.34
6.50E+08 0.0738 3597.55
6.63E+08 0.0714 3594.78
6.79E+08 0.0687 3591.59
6.94E+08 0.0672 3588.73
7.09E+08 0.0646 3585.94
7.24E+08 0.0629 3583.12
7.39E+08 0.0607 3580.52
7.56E+08 0.0585 3577.68
7.71E+08 0.0572 3575.06
7.86E+08 0.0553 3572.7
7.98E+08 0.0543 3570.81
8.10E+08 0.0531 3569.06
8.20E+08 0.0530 3567.42
8.30E+08 0.0528 3565.92
8.43E+08 0.0521 3563.98
8.58E+08 0.0518 3561.73
8.71E+08 0.0510 3559.95
8.84E+08 0.0505 3558.08
8.95E+08 0.0497 3556.4
9.07E+08 0.0486 3554.69
9.19E+08 0.0487 3553.01
9.31E+08 0.0475 3551.34
9.44E+08 0.0480 3549.56
9.59E+08 0.0473 3547.57
9.74E+08 0.0467 3545.52
9.88E+08 0.0457 3543.65
1.00E+09 0.0458 3541.85
1.02E+09 0.0447 3539.93
1.03E+09 0.0444 3538.17
1.05E+09 0.0440 3536.3
1.06E+09 0.0440 3534.67
1.07E+09 0.0430 3533.16
1.09E+09 0.0426 3531.28
1.10E+09 0.0428 3529.54
1.12E+09 0.0425 3527.61
1.13E+09 0.0424 3525.6
1.15E+09 0.0417 3523.7
1.16E+09 0.0413 3521.73
1.18E+09 0.0413 3519.74
1.20E+09 0.0413 3517.82
1.21E+09 0.0410 3515.96
1.23E+09 0.0405 3514.41
1.24E+09 0.0405 3512.62
1.26E+09 0.0406 3510.74
1.28E+09 0.0400 3508.75
1.29E+09 0.0398 3506.94
1.31E+09 0.0398 3505.16
1.32E+09 0.0393 3503.16
1.34E+09 0.0393 3501.34
1.36E+09 0.0391 3499.56
1.37E+09 0.0389 3497.67
1.39E+09 0.0383 3495.73
1.41E+09 0.0379 3493.93
1.43E+09 0.0381 3491.93
1.44E+09 0.0381 3489.92
1.46E+09 0.0379 3488.15
1.48E+09 0.0372 3485.97
1.50E+09 0.0370 3484.01
1.52E+09 0.0368 3482.15
1.54E+09 0.0365 3480.09
1.56E+09 0.0360 3478.14
1.57E+09 0.0361 3476.24
1.59E+09 0.0358 3474.3
1.61E+09 0.0357 3472.37
1.63E+09 0.0356 3470.3
1.65E+09 0.0350 3468.39
1.67E+09 0.0351 3466.59
1.69E+09 0.0349 3464.63
1.70E+09 0.0343 3462.97
1.72E+09 0.0343 3461.14
1.74E+09 0.0342 3459.19
1.76E+09 0.0337 3457.2
1.78E+09 0.0337 3455.26
1.80E+09 0.0335 3453.24
1.83E+09 0.0334 3451.16
1.85E+09 0.0332 3449.25
1.87E+09 0.0328 3447.33
1.89E+09 0.0326 3445.45
1.91E+09 0.0326 3443.59
1.93E+09 0.0320 3441.67
1.95E+09 0.0318 3439.87
1.97E+09 0.0319 3438.07
1.99E+09 0.0317 3436.31
2.01E+09 0.0310 3434.47
2.03E+09 0.0310 3432.82
2.05E+09 0.0302 3430.96
2.07E+09 0.0307 3428.88
2.09E+09 0.0306 3426.96
2.12E+09 0.0300 3424.97
2.14E+09 0.0298 3423.2
2.16E+09 0.0298 3421.3
2.18E+09 0.0298 3419.47
2.20E+09 0.0297 3417.45
2.23E+09 0.0294 3415.49
2.25E+09 0.0291 3413.48
2.27E+09 0.0289 3411.54
2.30E+09 0.0288 3409.72
2.32E+09 0.0284 3407.86
2.34E+09 0.0283 3406.06
2.36E+09 0.0280 3404.18
2.39E+09 0.0279 3402.43
2.41E+09 0.0274 3400.52
2.43E+09 0.0278 3398.55
2.46E+09 0.0278 3396.75
2.48E+09 0.0273 3394.79
2.51E+09 0.0273 3392.86
2.53E+09 0.0271 3391.1
2.55E+09 0.0266 3389.25
2.58E+09 0.0267 3387.61
2.60E+09 0.0261 3385.77
2.62E+09 0.0256 3384.09
2.65E+09 0.0259 3382.26
2.67E+09 0.0258 3380.78
2.69E+09 0.0256 3379.14
2.72E+09 0.0255 3377.21
2.74E+09 0.0256 3375.45
2.76E+09 0.0249 3373.81
2.79E+09 0.0249 3372.14
2.81E+09 0.0251 3370.42
2.83E+09 0.0248 3368.68
2.86E+09 0.0251 3366.99
2.88E+09 0.0248 3365.2
2.91E+09 0.0247 3363.33
2.94E+09 0.0244 3361.46
2.96E+09 0.0237 3359.71
2.99E+09 0.0236 3358.15
3.01E+09 0.0231 3356.55
3.03E+09 0.0232 3355.13
3.05E+09 0.0235 3353.49
3.08E+09 0.0235 3351.66
3.11E+09 0.0229 3349.91
3.14E+09 0.0233 3348.14
3.16E+09 0.0227 3346.41
3.19E+09 0.0223 3344.66
3.21E+09 0.0226 3343.04
3.24E+09 0.0223 3341.27
3.27E+09 0.0223 3339.5
3.30E+09 0.0218 3337.64
3.33E+09 0.0220 3335.91
3.35E+09 0.0218 3334.1
3.38E+09 0.0218 3332.39
3.41E+09 0.0213 3330.64
3.44E+09 0.0212 3328.88
3.47E+09 0.0211 3327.25
3.49E+09 0.0209 3325.67
3.52E+09 0.0209 3324.09
3.55E+09 0.0202 3322.58
3.57E+09 0.0205 3321.15
3.60E+09 0.0200 3319.45
3.62E+09 0.0202 3318.06
3.65E+09 0.0196 3316.38
3.68E+09 0.0195 3314.88
3.71E+09 0.0196 3313.11
3.74E+09 0.0197 3311.6
3.77E+09 0.0190 3309.85
3.80E+09 0.0195 3308.33
3.83E+09 0.0193 3306.76
3.85E+09 0.0190 3305.25
3.88E+09 0.0194 3303.59
3.91E+09 0.0189 3302.06
3.94E+09 0.0190 3300.57
3.97E+09 0.0188 3298.95
4.00E+09 0.0187 3297.4
4.02E+09 0.0187 3295.95
4.05E+09 0.0188 3294.46
4.08E+09 0.0182 3292.98
4.10E+09 0.0184 3291.67
4.13E+09 0.0185 3290.19
4.16E+09 0.0180 3288.64
4.19E+09 0.0184 3287.31
4.22E+09 0.0183 3285.76
4.25E+09 0.0180 3284.25
4.28E+09 0.0182 3282.69
4.31E+09 0.0178 3281.11
4.33E+09 0.0182 3279.74
4.37E+09 0.0181 3278.1
4.40E+09 0.0174 3276.53
4.43E+09 0.0177 3274.93
4.46E+09 0.0177 3273.39
4.49E+09 0.0175 3271.81
4.52E+09 0.0176 3270.26
4.55E+09 0.0177 3268.72
4.58E+09 0.0175 3267.37
4.61E+09 0.0175 3266.02
4.64E+09 0.0172 3264.28
4.67E+09 0.0173 3262.6
4.71E+09 0.0171 3260.99
4.74E+09 0.0172 3259.47
4.77E+09 0.0173 3257.87
4.81E+09 0.0173 3256.19
4.84E+09 0.0174 3254.62
4.87E+09 0.0170 3253.21
4.90E+09 0.0169 3251.74
4.93E+09 0.0172 3250.07
4.97E+09 0.0173 3248.29
