0.00E+00 -0.8583 5967.57
2.06E+08 0.1983 5741.76
2.74E+08 0.2001 5667.65
3.32E+08 0.1898 5606.85
3.84E+08 0.1776 5554.97
4.33E+08 0.1686 5509.72
4.79E+08 0.1593 5468.63
5.27E+08 0.1525 5427.45
5.79E+08 0.1462 5384.25
6.34E+08 0.1415 5340.6
6.91E+08 0.1355 5297.59
7.45E+08 0.1282 5258.73
7.87E+08 0.1221 5229.49
8.16E+08 0.1208 5210.42
8.43E+08 0.1177 5193.04
8.65E+08 0.1286 5178.64
8.75E+08 0.1886 5170.92
8.79E+08 0.2377 5165.85
8.88E+08 0.2282 5154.93
9.29E+08 0.1740 5111.53
1.00E+09 0.1508 5049.29
1.09E+09 0.1488 4977.82
1.16E+09 0.1230 4919.96
1.27E+09 0.1065 4850.57
1.41E+09 0.1201 4763.77
1.57E+09 0.0938 4670.31
1.71E+09 0.0954 4602.88
1.82E+09 0.0847 4543.89
1.92E+09 0.0695 4501.93
2.01E+09 0.0607 4471.38
2.09E+09 0.0461 4448.21
2.14E+09 0.0443 4435.77
2.19E+09 0.0347 4425.38
2.23E+09 0.0397 4416.44
2.27E+09 0.0400 4408.72
2.31E+09 0.0343 4400.65
2.35E+09 0.0341 4393.63
2.39E+09 0.0320 4386.87
2.42E+09 0.0348 4379.92
2.47E+09 0.0279 4372.27
2.51E+09 0.0279 4365.82
2.55E+09 0.0295 4359.33
2.59E+09 0.0288 4352.95
2.63E+09 0.0216 4346.9
2.67E+09 0.0267 4342.05
2.72E+09 0.0231 4334.85
2.77E+09 0.0219 4328.51
2.83E+09 0.0254 4321.85
2.87E+09 0.0219 4316
2.92E+09 0.0216 4310.49
2.97E+09 0.0188 4305.17
3.02E+09 0.0160 4300.43
3.08E+09 0.0173 4295.11
3.11E+09 0.0253 4291.69
3.16E+09 0.0187 4285.1
3.21E+09 0.0194 4280.24
3.26E+09 0.0197 4274.23
3.32E+09 0.0173 4268.78
3.38E+09 0.0129 4263.41
3.44E+09 0.0148 4258.78
3.50E+09 0.0143 4254.54
3.55E+09 0.0159 4250.42
3.61E+09 0.0119 4245.88
3.67E+09 0.0107 4242.28
3.72E+09 0.0164 4238.42
3.78E+09 0.0140 4233.65
3.84E+09 0.0144 4228.8
3.90E+09 0.0108 4224.49
3.97E+09 0.0088 4221.16
4.03E+09 0.0085 4218.33
4.08E+09 0.0106 4215.8
4.14E+09 0.0125 4211.46
4.21E+09 0.0108 4207.34
4.27E+09 0.0100 4203.74
4.34E+09 0.0096 4200.23
4.41E+09 0.0093 4196.59
4.47E+09 0.0080 4193.49
4.54E+09 0.0115 4189.97
4.61E+09 0.0102 4185.68
4.69E+09 0.0076 4181.92
4.77E+09 0.0076 4178.69
4.84E+09 0.0075 4175.6
4.92E+09 0.0090 4172.27
5.00E+09 0.0067 4168.95
