0.00E+00 -0.5316 4950.73
3.78E+07 0.2793 4934.24
4.58E+07 0.3122 4929.01
5.39E+07 0.3447 4923
6.31E+07 0.3588 4915.76
7.23E+07 0.3429 4908.55
9.54E+07 0.3008 4891.85
1.29E+08 0.2955 4870.25
1.57E+08 0.3019 4851.55
1.81E+08 0.2960 4835.53
1.98E+08 0.2877 4824.53
2.13E+08 0.2798 4815.19
2.25E+08 0.2728 4807.52
2.36E+08 0.2727 4801.35
2.44E+08 0.2732 4796.45
2.53E+08 0.2754 4790.61
2.64E+08 0.2724 4783.95
2.74E+08 0.2698 4778.05
2.81E+08 0.2681 4773.53
2.88E+08 0.2632 4769.62
2.93E+08 0.2624 4766.36
2.99E+08 0.2562 4762.95
3.05E+08 0.2523 4759.78
3.10E+08 0.2490 4756.85
3.15E+08 0.2463 4754.16
3.20E+08 0.2486 4751.68
3.24E+08 0.2486 4749.33
3.28E+08 0.2464 4747.1
3.33E+08 0.2421 4744.52
3.37E+08 0.2409 4742.11
3.42E+08 0.2379 4739.44
3.47E+08 0.2370 4736.97
3.51E+08 0.2373 4734.78
3.56E+08 0.2375 4732.27
3.61E+08 0.2380 4729.21
3.67E+08 0.2359 4726.49
3.71E+08 0.2328 4724.06
3.76E+08 0.2362 4721.79
3.80E+08 0.2361 4719.66
3.84E+08 0.2311 4717.18
3.89E+08 0.2321 4714.68
3.93E+08 0.2320 4712.58
3.99E+08 0.2246 4709.47
4.05E+08 0.2287 4706.58
4.11E+08 0.2298 4703.86
4.16E+08 0.2264 4700.88
4.21E+08 0.2239 4698.64
4.26E+08 0.2168 4696.09
4.30E+08 0.2195 4694.03
4.36E+08 0.2218 4691.13
4.42E+08 0.2198 4688.42
4.47E+08 0.2159 4686.01
4.51E+08 0.2155 4683.8
4.57E+08 0.2127 4681.22
4.61E+08 0.2130 4679.03
4.66E+08 0.2066 4676.79
4.71E+08 0.2080 4674.7
4.75E+08 0.2124 4672.39
4.81E+08 0.2074 4669.84
4.85E+08 0.2029 4667.78
4.91E+08 0.2076 4665.45
4.96E+08 0.2068 4663.1
5.00E+08 0.2019 4661.09
5.05E+08 0.1993 4659.12
5.10E+08 0.1980 4656.76
5.15E+08 0.1990 4654.61
5.20E+08 0.1965 4652.44
5.25E+08 0.1984 4650.19
5.30E+08 0.1930 4647.85
5.35E+08 0.1956 4645.56
5.41E+08 0.1964 4643.05
5.47E+08 0.1955 4640.58
5.52E+08 0.1933 4638.3
5.57E+08 0.1930 4636.11
5.63E+08 0.1897 4633.7
5.68E+08 0.1891 4631.55
5.73E+08 0.1893 4629.52
5.78E+08 0.1889 4627.39
5.83E+08 0.1874 4625.08
5.88E+08 0.1900 4622.89
5.94E+08 0.1828 4620.58
5.99E+08 0.1838 4618.64
6.04E+08 0.1810 4616.48
6.08E+08 0.1838 4614.83
6.12E+08 0.1801 4613.19
6.15E+08 0.1816 4611.82
6.19E+08 0.1845 4610.31
6.24E+08 0.1811 4608.49
6.28E+08 0.1773 4606.74
6.32E+08 0.1807 4605.15
6.36E+08 0.1785 4603.4
6.41E+08 0.1753 4601.58
6.45E+08 0.1742 4599.96
6.49E+08 0.1746 4598.29
6.54E+08 0.1750 4596.66
6.59E+08 0.1753 4594.44
6.64E+08 0.1757 4592.59
6.69E+08 0.1754 4590.8
6.73E+08 0.1750 4589.1
6.77E+08 0.1705 4587.43
6.82E+08 0.1733 4585.67
6.87E+08 0.1728 4583.7
6.92E+08 0.1699 4581.84
6.96E+08 0.1712 4580.22
7.00E+08 0.1724 4578.68
7.04E+08 0.1711 4577.31
7.07E+08 0.1696 4575.92
7.11E+08 0.1697 4574.6
7.14E+08 0.1706 4573.25
7.19E+08 0.1692 4571.66
7.23E+08 0.1691 4569.99
7.26E+08 0.1704 4568.83
7.30E+08 0.1692 4567.48
7.34E+08 0.1698 4566.01
7.38E+08 0.1681 4564.33
7.42E+08 0.1687 4562.99
7.45E+08 0.1686 4561.86
7.48E+08 0.1684 4560.78
7.51E+08 0.1679 4559.43
7.55E+08 0.1685 4558.14
7.59E+08 0.1681 4556.58
7.62E+08 0.1678 4555.16
7.66E+08 0.1658 4553.71
7.69E+08 0.1691 4552.63
7.73E+08 0.1710 4551.27
7.77E+08 0.1668 4549.58
7.81E+08 0.1694 4548.15
7.85E+08 0.1686 4546.54
7.90E+08 0.1677 4544.95
7.94E+08 0.1685 4543.35
7.97E+08 0.1701 4542.07
8.01E+08 0.1696 4540.65
8.05E+08 0.1685 4539.02
8.09E+08 0.1661 4537.76
8.12E+08 0.1692 4536.39
8.16E+08 0.1693 4534.99
8.20E+08 0.1689 4533.55
8.24E+08 0.1677 4532.08
8.28E+08 0.1679 4530.53
8.33E+08 0.1698 4528.85
8.37E+08 0.1686 4527.07
8.41E+08 0.1677 4525.57
8.45E+08 0.1702 4524.06
8.50E+08 0.1682 4522.17
8.55E+08 0.1705 4520.28
8.60E+08 0.1705 4518.42
8.64E+08 0.1676 4516.79
8.69E+08 0.1703 4515.24
8.72E+08 0.1703 4513.87
8.76E+08 0.1720 4512.51
8.81E+08 0.1701 4510.68
8.85E+08 0.1687 4509.05
8.90E+08 0.1688 4507.07
8.94E+08 0.1691 4505.43
8.99E+08 0.1673 4503.57
9.05E+08 0.1678 4501.61
9.10E+08 0.1685 4499.75
9.14E+08 0.1683 4498.04
9.19E+08 0.1701 4496.24
9.24E+08 0.1667 4494.21
9.29E+08 0.1676 4492.45
9.34E+08 0.1644 4490.61
9.39E+08 0.1653 4488.85
9.44E+08 0.1663 4487
9.48E+08 0.1678 4485.32
9.54E+08 0.1698 4483.18
9.59E+08 0.1646 4481.21
9.65E+08 0.1663 4479.15
9.70E+08 0.1670 4477.11
9.77E+08 0.1647 4474.54
9.82E+08 0.1671 4472.74
9.88E+08 0.1656 4470.51
9.96E+08 0.1661 4467.84
1.00E+09 0.1679 4465.72
1.01E+09 0.1659 4463.58
1.01E+09 0.1631 4461.56
1.02E+09 0.1645 4459.43
1.02E+09 0.1673 4457.04
1.03E+09 0.1615 4454.83
1.04E+09 0.1620 4452.56
1.04E+09 0.1632 4450.4
1.05E+09 0.1631 4447.94
1.06E+09 0.1638 4445.68
1.06E+09 0.1624 4443.59
1.07E+09 0.1630 4441.5
1.07E+09 0.1604 4438.92
1.08E+09 0.1629 4436.6
1.09E+09 0.1591 4434.2
1.09E+09 0.1631 4431.7
1.10E+09 0.1612 4429.07
1.11E+09 0.1613 4426.6
1.12E+09 0.1604 4424.36
1.12E+09 0.1566 4421.99
1.13E+09 0.1592 4419.67
1.14E+09 0.1581 4417.14
1.14E+09 0.1561 4414.79
1.15E+09 0.1598 4412.65
1.16E+09 0.1596 4410.09
1.16E+09 0.1565 4407.45
1.17E+09 0.1584 4404.79
1.18E+09 0.1554 4402.13
1.19E+09 0.1551 4399.67
1.19E+09 0.1532 4397.17
1.20E+09 0.1527 4394.99
1.21E+09 0.1560 4392.47
1.21E+09 0.1524 4390.07
1.22E+09 0.1559 4387.68
1.23E+09 0.1511 4385.63
1.23E+09 0.1549 4383.61
1.24E+09 0.1516 4381.28
1.24E+09 0.1517 4379.22
1.25E+09 0.1521 4377.33
1.26E+09 0.1502 4375.11
1.26E+09 0.1523 4373.09
1.27E+09 0.1506 4371.05
1.27E+09 0.1520 4369.45
1.28E+09 0.1511 4367.81
1.28E+09 0.1498 4366.06
1.29E+09 0.1463 4364.48
1.29E+09 0.1499 4362.96
1.30E+09 0.1486 4361.19
1.30E+09 0.1485 4359.23
1.31E+09 0.1499 4357.33
1.32E+09 0.1500 4355.42
1.32E+09 0.1483 4353.38
1.33E+09 0.1480 4351.5
1.34E+09 0.1487 4349.17
1.34E+09 0.1462 4346.78
1.35E+09 0.1470 4344.42
1.36E+09 0.1467 4342.32
1.36E+09 0.1459 4340.33
1.37E+09 0.1450 4337.96
1.38E+09 0.1438 4335.09
1.39E+09 0.1478 4332.83
1.39E+09 0.1434 4330.34
1.40E+09 0.1433 4328.15
1.41E+09 0.1434 4325.99
1.41E+09 0.1428 4323.39
1.42E+09 0.1421 4320.87
1.43E+09 0.1419 4318.66
1.44E+09 0.1400 4316.45
1.44E+09 0.1411 4314.13
1.45E+09 0.1412 4312.06
1.46E+09 0.1376 4310.09
1.46E+09 0.1410 4308.18
1.47E+09 0.1376 4305.97
1.48E+09 0.1378 4303.66
1.49E+09 0.1405 4301.15
1.49E+09 0.1390 4298.39
1.50E+09 0.1376 4295.73
1.51E+09 0.1368 4293.11
1.52E+09 0.1377 4290.8
1.53E+09 0.1384 4288.08
1.54E+09 0.1378 4285.73
1.54E+09 0.1382 4283.78
1.55E+09 0.1343 4281.44
1.56E+09 0.1323 4279.17
1.56E+09 0.1367 4277.15
1.57E+09 0.1354 4274.47
1.58E+09 0.1357 4272.04
1.59E+09 0.1347 4269.76
1.60E+09 0.1300 4267.66
1.60E+09 0.1317 4265.92
1.61E+09 0.1315 4264.16
1.61E+09 0.1334 4262.42
1.62E+09 0.1298 4260.4
1.63E+09 0.1298 4258.37
1.63E+09 0.1294 4256.64
1.64E+09 0.1273 4254.87
1.65E+09 0.1312 4253.02
1.65E+09 0.1311 4251.18
1.66E+09 0.1273 4249.15
1.67E+09 0.1287 4247.25
1.67E+09 0.1274 4245.57
1.68E+09 0.1269 4243.67
1.68E+09 0.1285 4241.97
1.69E+09 0.1279 4240.36
1.70E+09 0.1246 4238.64
1.70E+09 0.1279 4236.87
1.71E+09 0.1261 4234.91
1.71E+09 0.1262 4233.46
1.72E+09 0.1243 4231.78
1.73E+09 0.1267 4230.42
1.73E+09 0.1249 4228.96
1.74E+09 0.1247 4227.26
1.74E+09 0.1241 4225.84
1.75E+09 0.1250 4224.32
1.75E+09 0.1245 4222.91
1.76E+09 0.1236 4221.2
1.77E+09 0.1228 4219.47
1.77E+09 0.1230 4217.77
1.78E+09 0.1247 4216.47
1.78E+09 0.1214 4214.81
1.79E+09 0.1198 4213.27
1.79E+09 0.1216 4211.78
1.80E+09 0.1204 4210.14
1.81E+09 0.1204 4208.47
1.81E+09 0.1234 4206.67
1.82E+09 0.1196 4204.63
1.83E+09 0.1189 4202.98
1.83E+09 0.1192 4201.37
1.84E+09 0.1181 4199.67
1.85E+09 0.1154 4198
1.85E+09 0.1186 4196.62
1.86E+09 0.1209 4195.13
1.86E+09 0.1192 4193.32
1.87E+09 0.1172 4191.66
1.87E+09 0.1160 4190.2
1.88E+09 0.1193 4188.82
1.89E+09 0.1171 4187.24
1.89E+09 0.1165 4185.85
1.90E+09 0.1166 4184.46
1.90E+09 0.1160 4183
1.91E+09 0.1163 4181.66
1.91E+09 0.1152 4180.1
1.92E+09 0.1166 4178.81
1.92E+09 0.1159 4177.4
1.93E+09 0.1133 4175.77
1.94E+09 0.1149 4174.43
1.94E+09 0.1145 4172.97
1.95E+09 0.1162 4171.68
1.95E+09 0.1150 4170.17
1.96E+09 0.1170 4168.64
1.96E+09 0.1127 4167.12
1.97E+09 0.1147 4165.57
1.98E+09 0.1143 4164.08
1.98E+09 0.1133 4162.65
1.99E+09 0.1141 4161.34
1.99E+09 0.1133 4159.86
2.00E+09 0.1150 4158.5
2.00E+09 0.1125 4156.78
2.01E+09 0.1144 4155.35
2.02E+09 0.1125 4153.74
2.02E+09 0.1100 4152.04
2.03E+09 0.1098 4150.72
2.03E+09 0.1133 4149.3
2.04E+09 0.1118 4147.8
2.05E+09 0.1124 4146.37
2.05E+09 0.1099 4144.6
2.06E+09 0.1097 4143.11
2.07E+09 0.1084 4141.73
2.07E+09 0.1071 4140.31
2.08E+09 0.1093 4138.95
2.08E+09 0.1096 4137.6
2.09E+09 0.1096 4136.06
2.09E+09 0.1087 4134.56
2.10E+09 0.1080 4133.05
2.11E+09 0.1080 4131.74
2.11E+09 0.1074 4130.44
2.12E+09 0.1077 4129.08
2.12E+09 0.1094 4127.86
2.13E+09 0.1056 4126.4
2.13E+09 0.1058 4125.16
2.14E+09 0.1081 4123.82
2.15E+09 0.1059 4122.4
2.15E+09 0.1047 4121.07
2.16E+09 0.1065 4119.95
2.16E+09 0.1047 4118.56
2.17E+09 0.1052 4117.35
2.17E+09 0.1049 4115.91
2.18E+09 0.1054 4114.64
2.19E+09 0.1062 4113.13
2.19E+09 0.1059 4111.57
2.20E+09 0.1067 4110.19
2.20E+09 0.1048 4108.79
2.21E+09 0.1043 4107.35
2.22E+09 0.1064 4105.83
2.22E+09 0.1058 4104.47
2.23E+09 0.1031 4102.83
2.23E+09 0.1037 4101.61
2.24E+09 0.1000 4099.95
2.25E+09 0.1027 4098.63
2.25E+09 0.1016 4097.19
2.26E+09 0.1012 4096.04
2.26E+09 0.1029 4094.86
2.27E+09 0.1018 4093.5
2.28E+09 0.1018 4092.24
2.28E+09 0.1027 4090.72
2.29E+09 0.1017 4089.24
2.30E+09 0.1013 4087.48
2.30E+09 0.1023 4086
2.31E+09 0.0969 4084.13
2.32E+09 0.0998 4082.76
2.32E+09 0.1046 4081.65
2.33E+09 0.0998 4080.14
2.34E+09 0.0994 4078.51
2.34E+09 0.1016 4077.27
2.35E+09 0.0992 4075.71
2.36E+09 0.0992 4074.3
2.36E+09 0.1003 4073.05
2.37E+09 0.0994 4071.64
2.38E+09 0.0975 4069.81
2.38E+09 0.0984 4068.3
2.39E+09 0.0986 4066.72
2.40E+09 0.0985 4064.93
2.41E+09 0.0980 4063.24
2.41E+09 0.0978 4061.4
2.42E+09 0.0965 4059.6
2.43E+09 0.0962 4057.77
2.44E+09 0.0979 4056.23
2.45E+09 0.0981 4054.62
2.45E+09 0.0949 4052.86
2.46E+09 0.0947 4051.32
2.47E+09 0.0956 4050.07
2.47E+09 0.0966 4048.74
2.48E+09 0.0928 4047.27
2.49E+09 0.0939 4045.97
2.49E+09 0.0927 4044.76
2.50E+09 0.0923 4043.56
2.50E+09 0.0927 4042.47
2.51E+09 0.0950 4041.29
2.51E+09 0.0929 4039.96
2.52E+09 0.0902 4038.59
2.53E+09 0.0889 4037.24
2.53E+09 0.0907 4036.02
2.54E+09 0.0918 4034.51
2.55E+09 0.0924 4033.2
2.55E+09 0.0926 4031.83
2.56E+09 0.0923 4030.57
2.57E+09 0.0907 4029.04
2.58E+09 0.0910 4027.45
2.58E+09 0.0903 4025.88
2.59E+09 0.0892 4024.52
2.60E+09 0.0889 4023.35
2.60E+09 0.0894 4022.06
2.61E+09 0.0891 4020.82
2.61E+09 0.0904 4019.87
2.62E+09 0.0883 4018.61
2.63E+09 0.0857 4017.32
2.63E+09 0.0896 4016.29
2.64E+09 0.0873 4014.93
2.65E+09 0.0902 4013.81
2.65E+09 0.0876 4012.55
2.66E+09 0.0853 4011.29
2.66E+09 0.0847 4010.09
2.67E+09 0.0859 4009.14
2.67E+09 0.0870 4008.12
2.68E+09 0.0882 4007.1
2.69E+09 0.0863 4005.98
2.69E+09 0.0860 4004.73
2.70E+09 0.0858 4003.55
2.70E+09 0.0840 4002.45
2.71E+09 0.0873 4001.4
2.72E+09 0.0859 4000.23
2.72E+09 0.0860 3999.14
2.73E+09 0.0841 3997.9
2.73E+09 0.0838 3996.76
2.74E+09 0.0850 3995.78
2.75E+09 0.0852 3994.63
2.75E+09 0.0842 3993.48
2.76E+09 0.0835 3992.42
2.76E+09 0.0844 3991.23
2.77E+09 0.0815 3989.93
2.78E+09 0.0850 3988.89
2.78E+09 0.0847 3987.74
2.79E+09 0.0838 3986.58
2.80E+09 0.0816 3985.28
2.80E+09 0.0826 3984.19
2.81E+09 0.0842 3983.13
2.81E+09 0.0840 3981.78
2.82E+09 0.0858 3980.49
2.83E+09 0.0835 3979.2
2.83E+09 0.0843 3978.03
2.84E+09 0.0820 3976.73
2.85E+09 0.0819 3975.55
2.85E+09 0.0839 3974.46
2.86E+09 0.0820 3973.24
2.87E+09 0.0803 3972.04
2.87E+09 0.0830 3971.02
2.88E+09 0.0812 3969.85
2.89E+09 0.0827 3968.72
2.89E+09 0.0800 3967.4
2.90E+09 0.0818 3966.39
2.90E+09 0.0795 3965.12
2.91E+09 0.0809 3964.03
2.92E+09 0.0799 3962.81
2.92E+09 0.0799 3961.64
2.93E+09 0.0779 3960.39
2.94E+09 0.0789 3959.28
2.94E+09 0.0807 3958.18
2.95E+09 0.0785 3956.94
2.96E+09 0.0777 3955.84
2.96E+09 0.0776 3954.73
2.97E+09 0.0780 3953.67
2.98E+09 0.0777 3952.47
2.98E+09 0.0775 3951.4
2.99E+09 0.0773 3950.42
3.00E+09 0.0738 3949.16
3.00E+09 0.0767 3948.17
3.01E+09 0.0770 3946.82
3.02E+09 0.0756 3945.62
3.02E+09 0.0750 3944.37
3.03E+09 0.0784 3943.38
3.04E+09 0.0783 3942.16
3.04E+09 0.0770 3940.86
3.05E+09 0.0772 3939.64
3.06E+09 0.0784 3938.54
3.07E+09 0.0767 3937.34
3.07E+09 0.0770 3936.16
3.08E+09 0.0759 3934.88
3.09E+09 0.0758 3933.85
3.09E+09 0.0752 3932.62
3.10E+09 0.0752 3931.4
3.11E+09 0.0728 3930.18
3.11E+09 0.0774 3929.23
3.12E+09 0.0781 3928.11
3.13E+09 0.0768 3926.88
3.13E+09 0.0768 3925.54
3.14E+09 0.0763 3924.16
3.15E+09 0.0757 3922.48
3.16E+09 0.0768 3921.06
3.17E+09 0.0751 3919.55
3.18E+09 0.0752 3918.1
3.19E+09 0.0739 3916.57
3.20E+09 0.0747 3915.2
3.21E+09 0.0721 3913.58
3.21E+09 0.0743 3912.16
3.22E+09 0.0739 3910.68
3.23E+09 0.0734 3909.34
3.24E+09 0.0742 3908.1
3.25E+09 0.0717 3906.55
3.26E+09 0.0724 3905.16
3.27E+09 0.0723 3903.83
3.27E+09 0.0728 3902.49
3.28E+09 0.0716 3901.14
3.29E+09 0.0710 3899.65
3.30E+09 0.0699 3897.96
3.31E+09 0.0701 3896.43
3.32E+09 0.0706 3894.9
3.33E+09 0.0724 3893.62
3.34E+09 0.0707 3892.02
3.35E+09 0.0708 3890.55
3.36E+09 0.0695 3889.02
3.37E+09 0.0696 3887.22
3.38E+09 0.0715 3885.63
3.39E+09 0.0687 3884.03
3.40E+09 0.0680 3882.43
3.41E+09 0.0685 3880.93
3.42E+09 0.0677 3879.08
3.43E+09 0.0690 3877.56
3.45E+09 0.0658 3875.77
3.46E+09 0.0673 3874.32
3.47E+09 0.0665 3872.9
3.48E+09 0.0665 3871.39
3.49E+09 0.0661 3869.97
3.49E+09 0.0656 3868.6
3.50E+09 0.0675 3867.17
3.51E+09 0.0652 3865.58
3.53E+09 0.0673 3863.97
3.54E+09 0.0676 3862.41
3.55E+09 0.0664 3860.96
3.56E+09 0.0648 3859.28
3.57E+09 0.0645 3857.85
3.58E+09 0.0635 3856.22
3.59E+09 0.0632 3854.76
3.60E+09 0.0631 3853.09
3.61E+09 0.0638 3851.58
3.62E+09 0.0625 3850.19
3.63E+09 0.0635 3848.84
3.64E+09 0.0646 3847.35
3.65E+09 0.0604 3845.79
3.66E+09 0.0630 3844.59
3.67E+09 0.0622 3843.37
3.68E+09 0.0621 3842.2
3.69E+09 0.0624 3841
3.70E+09 0.0613 3839.54
3.71E+09 0.0613 3838.16
3.72E+09 0.0611 3836.7
3.73E+09 0.0588 3835.24
3.74E+09 0.0606 3834.2
3.75E+09 0.0594 3832.98
3.76E+09 0.0604 3831.78
3.77E+09 0.0599 3830.51
3.77E+09 0.0593 3829.43
3.78E+09 0.0596 3828.32
3.79E+09 0.0598 3827.16
3.80E+09 0.0596 3825.96
3.81E+09 0.0598 3824.73
3.82E+09 0.0612 3823.69
3.83E+09 0.0567 3822.33
3.84E+09 0.0578 3821.28
3.84E+09 0.0569 3820.14
3.85E+09 0.0586 3819.04
3.86E+09 0.0571 3817.65
3.87E+09 0.0581 3816.41
3.88E+09 0.0584 3815.03
3.89E+09 0.0562 3813.67
3.90E+09 0.0570 3812.61
3.91E+09 0.0560 3811.36
3.92E+09 0.0557 3810.2
3.93E+09 0.0543 3808.94
3.94E+09 0.0563 3807.86
3.95E+09 0.0576 3806.77
3.96E+09 0.0571 3805.56
3.97E+09 0.0570 3804.45
3.98E+09 0.0560 3803.21
3.99E+09 0.0568 3802.02
4.00E+09 0.0571 3800.89
4.01E+09 0.0567 3799.6
4.02E+09 0.0563 3798.18
4.03E+09 0.0525 3796.76
4.04E+09 0.0537 3795.23
4.05E+09 0.0575 3793.74
4.07E+09 0.0573 3792.32
4.08E+09 0.0565 3790.82
4.09E+09 0.0561 3789.56
4.10E+09 0.0540 3788.27
4.11E+09 0.0559 3787.23
4.12E+09 0.0528 3785.96
4.13E+09 0.0511 3784.57
4.14E+09 0.0533 3783.26
4.15E+09 0.0536 3781.92
4.16E+09 0.0544 3780.69
4.17E+09 0.0519 3779.22
4.19E+09 0.0524 3777.98
4.19E+09 0.0532 3776.83
4.21E+09 0.0518 3775.52
4.22E+09 0.0530 3774.37
4.23E+09 0.0520 3773.06
4.24E+09 0.0510 3771.7
4.25E+09 0.0511 3770.51
4.26E+09 0.0506 3769.44
4.27E+09 0.0508 3768.39
4.28E+09 0.0509 3767.26
4.29E+09 0.0502 3765.61
4.31E+09 0.0520 3764.13
4.32E+09 0.0519 3762.65
4.33E+09 0.0501 3761.27
4.34E+09 0.0507 3760.02
4.35E+09 0.0529 3758.81
4.36E+09 0.0499 3757.4
4.38E+09 0.0497 3756.11
4.39E+09 0.0498 3754.87
4.40E+09 0.0489 3753.4
4.41E+09 0.0491 3752.07
4.43E+09 0.0497 3750.73
4.44E+09 0.0494 3749.46
4.45E+09 0.0476 3748.01
4.46E+09 0.0497 3746.9
4.47E+09 0.0482 3745.54
4.48E+09 0.0485 3744.25
4.50E+09 0.0486 3742.88
4.51E+09 0.0474 3741.62
4.52E+09 0.0480 3740.2
4.54E+09 0.0481 3738.76
4.55E+09 0.0481 3737.26
4.56E+09 0.0477 3735.88
4.58E+09 0.0468 3734.48
4.59E+09 0.0479 3733.03
4.60E+09 0.0463 3731.51
4.62E+09 0.0470 3730.3
4.63E+09 0.0465 3728.86
4.64E+09 0.0454 3727.47
4.66E+09 0.0457 3726.29
4.67E+09 0.0470 3725.23
4.68E+09 0.0465 3724.12
4.69E+09 0.0450 3722.88
4.70E+09 0.0441 3721.75
4.71E+09 0.0440 3720.41
4.73E+09 0.0446 3719.18
4.74E+09 0.0459 3717.98
4.75E+09 0.0441 3716.64
4.76E+09 0.0444 3715.51
4.77E+09 0.0424 3714.35
4.79E+09 0.0422 3713.17
4.80E+09 0.0434 3711.99
4.81E+09 0.0439 3710.79
4.82E+09 0.0444 3709.76
4.83E+09 0.0427 3708.6
4.85E+09 0.0428 3707.43
4.86E+09 0.0426 3706.22
4.87E+09 0.0424 3704.98
4.88E+09 0.0428 3703.8
4.90E+09 0.0433 3702.66
4.91E+09 0.0420 3701.19
4.92E+09 0.0437 3700.05
4.94E+09 0.0417 3698.55
4.95E+09 0.0418 3697.41
4.97E+09 0.0417 3696.14
4.98E+09 0.0425 3695
4.99E+09 0.0421 3693.76
