0.00E+00 -0.5929 5323.02
1.87E+08 0.1600 5228.72
2.25E+08 0.1791 5206.76
2.29E+08 0.1816 5204.66
2.31E+08 0.2005 5203.19
2.37E+08 0.2160 5198.66
2.51E+08 0.2109 5188.65
2.56E+08 0.2389 5184.47
2.63E+08 0.2351 5178.98
2.98E+08 0.2270 5151.67
3.15E+08 0.2850 5137.16
3.69E+08 0.2179 5091.94
4.22E+08 0.2405 5050.78
4.79E+08 0.2534 5002.16
5.46E+08 0.2523 4941.01
6.15E+08 0.2317 4882.56
6.61E+08 0.2196 4846.7
7.02E+08 0.2155 4815.72
7.36E+08 0.2178 4790.47
7.63E+08 0.2155 4769.97
7.88E+08 0.2101 4751.25
8.11E+08 0.2161 4734.52
8.35E+08 0.2067 4716.88
8.58E+08 0.2069 4700.37
8.74E+08 0.1968 4688.82
8.97E+08 0.1957 4673.76
9.25E+08 0.1870 4654.84
9.50E+08 0.1835 4638.55
9.68E+08 0.1822 4627.06
9.90E+08 0.1822 4613.35
1.01E+09 0.1796 4599.34
1.03E+09 0.1703 4588.5
1.04E+09 0.1698 4579.95
1.06E+09 0.1683 4572.37
1.07E+09 0.1669 4564.76
1.09E+09 0.1623 4554.82
1.10E+09 0.1606 4546.79
1.11E+09 0.1642 4539.81
1.13E+09 0.1567 4532.23
1.14E+09 0.1562 4524.86
1.15E+09 0.1539 4517.94
1.17E+09 0.1615 4510.3
1.18E+09 0.1517 4501.84
1.20E+09 0.1501 4495.09
1.21E+09 0.1505 4488.04
1.22E+09 0.1503 4480.72
1.24E+09 0.1463 4473.11
1.26E+09 0.1469 4464.74
1.27E+09 0.1395 4457.14
1.28E+09 0.1357 4450.39
1.30E+09 0.1319 4444.15
1.32E+09 0.1400 4435.22
1.33E+09 0.1390 4428.73
1.35E+09 0.1423 4421.32
1.36E+09 0.1391 4413.3
1.37E+09 0.1332 4407.14
1.39E+09 0.1336 4401.15
1.40E+09 0.1298 4395.22
1.42E+09 0.1306 4387.76
1.43E+09 0.1275 4381.88
1.45E+09 0.1235 4375.21
1.46E+09 0.1331 4368.12
1.48E+09 0.1228 4360.32
1.49E+09 0.1197 4353.94
1.51E+09 0.1201 4347.79
1.53E+09 0.1162 4340.69
1.54E+09 0.1161 4334.91
1.56E+09 0.1236 4328.14
1.57E+09 0.1175 4320.7
1.59E+09 0.1087 4315.03
1.60E+09 0.1200 4309.38
1.62E+09 0.1176 4301.17
1.64E+09 0.1094 4294.46
1.66E+09 0.1096 4287.88
1.67E+09 0.1095 4282.16
1.69E+09 0.1036 4276.95
1.70E+09 0.0995 4272.33
1.72E+09 0.1146 4266.44
1.73E+09 0.1115 4260.33
1.74E+09 0.1034 4255.44
1.76E+09 0.0934 4250.02
1.77E+09 0.0987 4244.96
1.79E+09 0.1013 4239.65
1.81E+09 0.1031 4233.51
1.83E+09 0.0942 4227.55
1.84E+09 0.0918 4222.86
1.86E+09 0.1067 4216.01
1.88E+09 0.1020 4207.94
1.90E+09 0.0977 4201.88
1.92E+09 0.0999 4194.37
1.94E+09 0.0950 4187.1
1.96E+09 0.0933 4180.16
1.98E+09 0.0900 4174.04
2.00E+09 0.0892 4168.88
2.01E+09 0.0836 4164.38
2.03E+09 0.0854 4159.8
2.05E+09 0.0895 4153.68
2.07E+09 0.0903 4146.93
2.09E+09 0.0822 4140.26
2.12E+09 0.0853 4134.19
2.14E+09 0.0838 4127.83
2.16E+09 0.0867 4121.67
2.18E+09 0.0870 4113.94
2.21E+09 0.0849 4107.19
2.23E+09 0.0757 4099.81
2.25E+09 0.0818 4094.39
2.28E+09 0.0763 4088.06
2.30E+09 0.0730 4082.49
2.32E+09 0.0808 4075.89
2.35E+09 0.0793 4069.12
2.37E+09 0.0705 4063.32
2.39E+09 0.0663 4058.49
2.41E+09 0.0686 4053.62
2.43E+09 0.0747 4048.52
2.46E+09 0.0735 4041.67
2.49E+09 0.0683 4034.97
2.51E+09 0.0676 4028.72
2.54E+09 0.0649 4023.28
2.56E+09 0.0691 4017.35
2.58E+09 0.0625 4012.65
2.60E+09 0.0563 4008.38
2.63E+09 0.0629 4003.91
2.65E+09 0.0638 3998.26
2.68E+09 0.0587 3992.89
2.70E+09 0.0544 3988.21
2.73E+09 0.0627 3982.74
2.75E+09 0.0580 3976.91
2.78E+09 0.0577 3971.28
2.80E+09 0.0539 3967.16
2.83E+09 0.0591 3961.62
2.86E+09 0.0576 3955.52
2.89E+09 0.0536 3949.76
2.92E+09 0.0552 3944.13
2.95E+09 0.0552 3938.66
2.98E+09 0.0507 3933.06
3.01E+09 0.0471 3928.2
3.04E+09 0.0475 3923.64
3.07E+09 0.0516 3918.16
3.10E+09 0.0471 3913.07
3.13E+09 0.0435 3908.46
3.16E+09 0.0475 3903.8
3.19E+09 0.0508 3898.57
3.22E+09 0.0443 3893.5
3.24E+09 0.0409 3890.07
3.27E+09 0.0388 3886.47
3.30E+09 0.0444 3882.39
3.32E+09 0.0422 3878.04
3.35E+09 0.0370 3873.99
3.38E+09 0.0372 3870.39
3.41E+09 0.0425 3866.67
3.44E+09 0.0382 3862.68
3.46E+09 0.0385 3859.2
3.49E+09 0.0351 3855.62
3.52E+09 0.0391 3851.82
3.55E+09 0.0384 3847.74
3.58E+09 0.0365 3844.05
3.61E+09 0.0370 3840.39
3.63E+09 0.0372 3836.69
3.66E+09 0.0333 3833.1
3.69E+09 0.0318 3829.61
3.72E+09 0.0328 3826.46
3.75E+09 0.0331 3823.21
3.78E+09 0.0315 3819.81
3.81E+09 0.0287 3816.49
3.84E+09 0.0328 3812.94
3.88E+09 0.0381 3808.88
3.91E+09 0.0325 3804.21
3.94E+09 0.0302 3801.61
3.97E+09 0.0300 3798.37
4.00E+09 0.0303 3794.81
4.04E+09 0.0281 3791.4
4.07E+09 0.0300 3787.9
4.11E+09 0.0304 3784.16
4.14E+09 0.0315 3780.37
4.18E+09 0.0288 3776.79
4.21E+09 0.0254 3773.2
4.25E+09 0.0261 3770.01
4.29E+09 0.0289 3766.31
4.33E+09 0.0259 3762.33
4.36E+09 0.0241 3759.42
4.40E+09 0.0243 3756.46
4.43E+09 0.0258 3753.54
4.47E+09 0.0238 3750.45
4.50E+09 0.0223 3747.44
4.54E+09 0.0244 3744.64
4.58E+09 0.0256 3741.31
4.62E+09 0.0216 3738.22
4.66E+09 0.0212 3735.15
4.70E+09 0.0213 3732.18
4.74E+09 0.0220 3729.3
4.77E+09 0.0228 3726.49
4.81E+09 0.0224 3723.19
4.85E+09 0.0206 3720.07
4.89E+09 0.0196 3717.34
4.93E+09 0.0214 3714.64
4.97E+09 0.0200 3711.59
