0.00E+00 -0.2415 3764.24
3.00E+07 0.1499 3760.29
4.17E+07 0.1938 3754.49
6.84E+07 0.1754 3741.33
1.13E+08 0.1637 3721.14
1.54E+08 0.1695 3701.97
1.92E+08 0.1596 3684.89
2.12E+08 0.1554 3676.06
2.31E+08 0.1492 3668.36
2.48E+08 0.1452 3661.3
2.65E+08 0.1425 3654.69
2.80E+08 0.1397 3649.07
2.95E+08 0.1348 3643.47
3.06E+08 0.1325 3639.23
3.18E+08 0.1295 3634.96
3.30E+08 0.1277 3630.66
3.43E+08 0.1260 3626.16
3.56E+08 0.1234 3621.86
3.70E+08 0.1199 3617.07
3.80E+08 0.1184 3613.72
3.92E+08 0.1159 3610.02
4.05E+08 0.1137 3606
4.16E+08 0.1112 3602.49
4.27E+08 0.1090 3599.16
4.39E+08 0.1067 3595.69
4.50E+08 0.1048 3592.58
4.60E+08 0.1026 3589.67
4.72E+08 0.1006 3586.38
4.86E+08 0.0984 3582.65
4.97E+08 0.0958 3579.77
5.09E+08 0.0946 3576.56
5.21E+08 0.0923 3573.47
5.33E+08 0.0909 3570.49
5.47E+08 0.0888 3567.12
5.60E+08 0.0872 3563.91
5.72E+08 0.0857 3561.08
5.84E+08 0.0839 3558.38
5.97E+08 0.0823 3555.27
6.08E+08 0.0815 3552.86
6.21E+08 0.0793 3550.07
6.34E+08 0.0780 3547.26
6.46E+08 0.0770 3544.67
6.57E+08 0.0765 3542.37
6.67E+08 0.0752 3540.23
6.77E+08 0.0747 3538.17
6.86E+08 0.0735 3536.32
6.94E+08 0.0740 3534.77
7.04E+08 0.0736 3532.87
7.14E+08 0.0728 3530.85
7.22E+08 0.0721 3529.28
7.30E+08 0.0720 3527.65
7.39E+08 0.0720 3525.86
7.49E+08 0.0710 3523.92
7.61E+08 0.0712 3521.6
7.71E+08 0.0709 3519.59
7.82E+08 0.0704 3517.61
7.94E+08 0.0698 3515.18
8.05E+08 0.0696 3513.06
8.16E+08 0.0692 3510.98
8.28E+08 0.0685 3508.86
8.39E+08 0.0683 3506.69
8.52E+08 0.0679 3504.29
8.64E+08 0.0680 3502.07
8.75E+08 0.0677 3500.11
8.85E+08 0.0670 3498.13
8.96E+08 0.0665 3496.25
9.07E+08 0.0664 3494.18
9.18E+08 0.0664 3492.19
9.29E+08 0.0661 3490.2
9.41E+08 0.0659 3487.98
9.53E+08 0.0656 3485.82
9.67E+08 0.0655 3483.44
9.78E+08 0.0648 3481.38
9.90E+08 0.0648 3479.23
1.00E+09 0.0641 3477.27
1.01E+09 0.0636 3475.23
1.02E+09 0.0630 3473.27
1.03E+09 0.0639 3471.46
1.05E+09 0.0628 3469.38
1.06E+09 0.0631 3467.46
1.07E+09 0.0628 3465.34
1.08E+09 0.0622 3463.13
1.10E+09 0.0625 3461.03
1.11E+09 0.0624 3458.89
1.12E+09 0.0620 3457.17
1.13E+09 0.0613 3455.14
1.14E+09 0.0615 3453.13
1.16E+09 0.0613 3450.88
1.17E+09 0.0609 3449
1.18E+09 0.0607 3447.32
1.19E+09 0.0606 3445.3
1.20E+09 0.0614 3443.04
1.22E+09 0.0608 3440.77
1.23E+09 0.0595 3438.6
1.24E+09 0.0602 3436.65
1.25E+09 0.0594 3434.5
1.27E+09 0.0594 3432.46
1.28E+09 0.0588 3430.5
1.29E+09 0.0589 3428.6
1.30E+09 0.0592 3426.66
1.32E+09 0.0585 3424.47
1.33E+09 0.0579 3422.23
1.34E+09 0.0577 3420.08
1.36E+09 0.0575 3418.13
1.37E+09 0.0574 3415.96
1.38E+09 0.0575 3413.99
1.40E+09 0.0576 3411.63
1.41E+09 0.0575 3409.48
1.42E+09 0.0568 3407.44
1.44E+09 0.0570 3405.35
1.45E+09 0.0566 3403.28
1.46E+09 0.0564 3401.31
1.48E+09 0.0563 3399.53
1.49E+09 0.0560 3397.5
1.50E+09 0.0560 3395.58
1.51E+09 0.0556 3393.67
1.53E+09 0.0547 3391.47
1.54E+09 0.0551 3389.45
1.56E+09 0.0552 3387.37
1.57E+09 0.0551 3385.25
1.58E+09 0.0544 3383.1
1.60E+09 0.0543 3381.01
1.61E+09 0.0539 3379.06
1.62E+09 0.0538 3377.09
1.64E+09 0.0538 3374.94
1.65E+09 0.0536 3372.79
1.67E+09 0.0529 3370.76
1.68E+09 0.0527 3368.74
1.70E+09 0.0525 3366.61
1.71E+09 0.0521 3364.82
1.72E+09 0.0517 3362.75
1.74E+09 0.0520 3360.9
1.75E+09 0.0519 3358.84
1.77E+09 0.0513 3356.87
1.78E+09 0.0515 3354.81
1.79E+09 0.0511 3352.85
1.81E+09 0.0508 3350.72
1.82E+09 0.0508 3348.87
1.84E+09 0.0504 3346.74
1.85E+09 0.0497 3344.5
1.87E+09 0.0499 3342.6
1.88E+09 0.0494 3340.65
1.90E+09 0.0494 3338.83
1.91E+09 0.0494 3336.86
1.93E+09 0.0494 3334.75
1.94E+09 0.0489 3332.57
1.96E+09 0.0487 3330.61
1.97E+09 0.0492 3328.68
1.99E+09 0.0485 3326.64
2.00E+09 0.0478 3324.77
2.02E+09 0.0476 3322.92
2.03E+09 0.0472 3321.12
2.04E+09 0.0472 3319.19
2.06E+09 0.0475 3317.37
2.07E+09 0.0473 3315.35
2.09E+09 0.0473 3313.1
2.11E+09 0.0468 3311.13
2.12E+09 0.0465 3309.18
2.14E+09 0.0461 3307.31
2.15E+09 0.0463 3305.67
2.16E+09 0.0459 3303.76
2.18E+09 0.0451 3301.95
2.19E+09 0.0457 3300.43
2.21E+09 0.0455 3298.52
2.22E+09 0.0452 3296.61
2.24E+09 0.0455 3294.78
2.25E+09 0.0450 3292.94
2.27E+09 0.0451 3291
2.28E+09 0.0446 3288.99
2.30E+09 0.0447 3287.16
2.32E+09 0.0439 3285.26
2.33E+09 0.0439 3283.29
2.35E+09 0.0437 3281.44
2.36E+09 0.0438 3279.48
2.38E+09 0.0435 3277.38
2.40E+09 0.0430 3275.46
2.41E+09 0.0432 3273.6
2.43E+09 0.0428 3271.59
2.45E+09 0.0426 3269.61
2.46E+09 0.0421 3267.71
2.48E+09 0.0420 3265.92
2.49E+09 0.0420 3264.13
2.51E+09 0.0420 3262.24
2.53E+09 0.0421 3260.39
2.54E+09 0.0424 3258.52
2.56E+09 0.0418 3256.73
2.57E+09 0.0420 3254.84
2.59E+09 0.0417 3253.03
2.61E+09 0.0416 3251.28
2.62E+09 0.0414 3249.62
2.64E+09 0.0408 3247.71
2.65E+09 0.0410 3245.89
2.67E+09 0.0411 3243.78
2.69E+09 0.0407 3241.81
2.71E+09 0.0405 3240.12
2.72E+09 0.0403 3238.39
2.74E+09 0.0400 3236.59
2.75E+09 0.0400 3234.76
2.77E+09 0.0396 3232.7
2.79E+09 0.0396 3230.73
2.81E+09 0.0395 3228.84
2.83E+09 0.0390 3227.04
2.84E+09 0.0386 3225.17
2.86E+09 0.0382 3223.31
2.88E+09 0.0377 3221.69
2.89E+09 0.0382 3219.99
2.91E+09 0.0382 3218.16
2.93E+09 0.0376 3216.34
2.95E+09 0.0372 3214.48
2.96E+09 0.0373 3212.76
2.98E+09 0.0373 3210.93
3.00E+09 0.0371 3209.17
3.02E+09 0.0373 3207.28
3.03E+09 0.0371 3205.39
3.05E+09 0.0371 3203.53
3.07E+09 0.0370 3201.7
3.09E+09 0.0366 3199.94
3.11E+09 0.0362 3198.11
3.12E+09 0.0359 3196.37
3.14E+09 0.0359 3194.71
3.16E+09 0.0358 3192.99
3.18E+09 0.0356 3191.23
3.20E+09 0.0355 3189.37
3.21E+09 0.0354 3187.59
3.23E+09 0.0354 3185.79
3.25E+09 0.0353 3184
3.27E+09 0.0349 3182.18
3.29E+09 0.0348 3180.54
3.31E+09 0.0350 3178.79
3.33E+09 0.0346 3176.93
3.34E+09 0.0344 3175.19
3.36E+09 0.0341 3173.39
3.38E+09 0.0341 3171.56
3.40E+09 0.0335 3169.72
3.42E+09 0.0336 3167.91
3.44E+09 0.0333 3165.98
3.46E+09 0.0329 3164.31
3.48E+09 0.0328 3162.59
3.50E+09 0.0326 3160.9
3.52E+09 0.0326 3159.15
3.54E+09 0.0327 3157.4
3.56E+09 0.0322 3155.59
3.58E+09 0.0318 3153.87
3.60E+09 0.0318 3152.23
3.62E+09 0.0314 3150.64
3.63E+09 0.0315 3149.15
3.65E+09 0.0310 3147.51
3.67E+09 0.0311 3145.89
3.69E+09 0.0309 3144.37
3.71E+09 0.0309 3142.74
3.73E+09 0.0306 3141.21
3.75E+09 0.0308 3139.73
3.76E+09 0.0310 3138.18
3.78E+09 0.0312 3136.69
3.80E+09 0.0304 3135.09
3.82E+09 0.0305 3133.7
3.84E+09 0.0303 3132.11
3.86E+09 0.0298 3130.46
3.88E+09 0.0296 3128.88
3.89E+09 0.0295 3127.35
3.91E+09 0.0293 3125.78
3.93E+09 0.0294 3124.26
3.95E+09 0.0293 3122.66
3.97E+09 0.0292 3121.24
3.99E+09 0.0293 3119.85
4.01E+09 0.0285 3118.4
4.03E+09 0.0288 3116.9
4.05E+09 0.0284 3115.33
4.07E+09 0.0279 3113.84
4.08E+09 0.0282 3112.44
4.10E+09 0.0279 3110.97
4.13E+09 0.0275 3109.32
4.15E+09 0.0277 3107.8
4.17E+09 0.0272 3106.31
4.19E+09 0.0271 3104.84
4.20E+09 0.0274 3103.52
4.22E+09 0.0272 3102.16
4.24E+09 0.0264 3100.63
4.27E+09 0.0264 3098.96
4.29E+09 0.0263 3097.32
4.31E+09 0.0262 3095.71
4.33E+09 0.0262 3094.19
4.35E+09 0.0263 3092.71
4.37E+09 0.0262 3091.4
4.39E+09 0.0264 3090.03
4.41E+09 0.0258 3088.75
4.42E+09 0.0262 3087.49
4.44E+09 0.0259 3086.19
4.46E+09 0.0261 3084.73
4.48E+09 0.0262 3083.29
4.50E+09 0.0258 3081.86
4.52E+09 0.0260 3080.54
4.54E+09 0.0256 3079.13
4.56E+09 0.0254 3077.81
4.58E+09 0.0256 3076.49
4.60E+09 0.0254 3075.04
4.62E+09 0.0250 3073.43
4.65E+09 0.0246 3071.72
4.67E+09 0.0250 3070.2
4.69E+09 0.0247 3068.82
4.71E+09 0.0246 3067.47
4.74E+09 0.0243 3065.9
4.76E+09 0.0242 3064.45
4.78E+09 0.0245 3063.09
4.80E+09 0.0242 3061.64
4.82E+09 0.0247 3060.29
4.84E+09 0.0244 3058.79
4.87E+09 0.0236 3057.17
4.89E+09 0.0238 3055.83
4.91E+09 0.0237 3054.59
4.93E+09 0.0239 3053.09
4.96E+09 0.0234 3051.46
4.97E+09 0.0239 3050.28
4.99E+09 0.0239 3049.05
