0.00E+00 -0.4188 4535.9
3.48E+07 0.2497 4522.22
4.33E+07 0.2863 4515.42
5.40E+07 0.3034 4506.03
6.72E+07 0.2986 4494.26
8.46E+07 0.2941 4478.7
1.11E+08 0.2749 4456.95
1.37E+08 0.2851 4436.4
1.63E+08 0.2900 4413.1
1.91E+08 0.2850 4389.6
2.11E+08 0.2797 4372.6
2.25E+08 0.2739 4360.97
2.40E+08 0.2681 4348.98
2.57E+08 0.2623 4335.8
2.72E+08 0.2550 4324.61
2.85E+08 0.2490 4314.8
2.93E+08 0.2439 4308.59
3.03E+08 0.2380 4301.71
3.12E+08 0.2393 4295.08
3.23E+08 0.2339 4287.69
3.32E+08 0.2314 4281.73
3.41E+08 0.2265 4275.25
3.49E+08 0.2241 4270.15
3.56E+08 0.2210 4265.45
3.65E+08 0.2188 4259.89
3.72E+08 0.2170 4255.05
3.81E+08 0.2141 4249.25
3.90E+08 0.2109 4244.03
3.99E+08 0.2077 4237.89
4.08E+08 0.2054 4232.61
4.18E+08 0.2016 4226.88
4.25E+08 0.1975 4222.81
4.33E+08 0.1981 4218.01
4.44E+08 0.1928 4211.76
4.53E+08 0.1902 4206.6
4.62E+08 0.1862 4201.59
4.71E+08 0.1849 4196.82
4.80E+08 0.1811 4191.53
4.90E+08 0.1785 4186.36
4.98E+08 0.1747 4182.14
5.07E+08 0.1724 4177.56
5.17E+08 0.1690 4172.66
5.26E+08 0.1676 4167.89
5.36E+08 0.1621 4163.18
5.47E+08 0.1619 4158.16
5.56E+08 0.1596 4153.73
5.66E+08 0.1567 4148.86
5.78E+08 0.1538 4143.77
5.88E+08 0.1497 4138.99
6.00E+08 0.1470 4133.97
6.11E+08 0.1437 4129.2
6.22E+08 0.1406 4124.64
6.32E+08 0.1382 4120.26
6.43E+08 0.1360 4115.91
6.52E+08 0.1339 4112.18
6.64E+08 0.1326 4107.63
6.72E+08 0.1297 4104.41
6.79E+08 0.1291 4101.86
6.86E+08 0.1273 4099.09
6.94E+08 0.1245 4096.14
7.00E+08 0.1247 4093.92
7.07E+08 0.1239 4091.28
7.15E+08 0.1242 4088.59
7.23E+08 0.1234 4085.51
7.32E+08 0.1224 4082.22
7.38E+08 0.1227 4080.1
7.46E+08 0.1214 4077.44
7.53E+08 0.1199 4074.74
7.61E+08 0.1194 4071.82
7.71E+08 0.1180 4068.62
7.79E+08 0.1185 4065.66
7.88E+08 0.1171 4062.57
7.95E+08 0.1175 4060.18
8.02E+08 0.1182 4057.79
8.10E+08 0.1172 4055.06
8.18E+08 0.1154 4052.3
8.25E+08 0.1158 4049.92
8.34E+08 0.1158 4046.74
8.42E+08 0.1145 4044.03
8.48E+08 0.1148 4041.8
8.57E+08 0.1137 4039.07
8.63E+08 0.1133 4037.02
8.69E+08 0.1136 4034.86
8.77E+08 0.1131 4032.35
8.85E+08 0.1130 4029.51
8.93E+08 0.1111 4027
9.01E+08 0.1107 4024.26
9.09E+08 0.1106 4021.54
9.17E+08 0.1107 4019.11
9.24E+08 0.1102 4016.77
9.32E+08 0.1091 4014.02
9.41E+08 0.1084 4011.12
9.51E+08 0.1084 4008.2
9.60E+08 0.1077 4005.11
9.69E+08 0.1071 4002.31
9.78E+08 0.1060 3999.38
9.87E+08 0.1061 3996.72
9.96E+08 0.1066 3993.78
1.01E+09 0.1049 3990.15
1.02E+09 0.1044 3987.61
1.02E+09 0.1030 3985
1.03E+09 0.1041 3982.06
1.04E+09 0.1017 3979.17
1.05E+09 0.1029 3976.44
1.06E+09 0.1027 3973.74
1.07E+09 0.1016 3970.88
1.08E+09 0.1006 3967.9
1.09E+09 0.1000 3964.92
1.10E+09 0.0994 3962.41
1.11E+09 0.0998 3959.7
1.12E+09 0.0994 3956.54
1.13E+09 0.0998 3953.8
1.14E+09 0.0976 3950.83
1.15E+09 0.0977 3947.93
1.16E+09 0.0981 3945.19
1.17E+09 0.0960 3942.66
1.18E+09 0.0976 3940.07
1.19E+09 0.0952 3937.1
1.20E+09 0.0948 3934.36
1.21E+09 0.0945 3931.55
1.22E+09 0.0937 3928.53
1.23E+09 0.0936 3925.38
1.24E+09 0.0940 3922.64
1.25E+09 0.0927 3919.55
1.26E+09 0.0915 3916.27
1.27E+09 0.0912 3913.45
1.28E+09 0.0911 3910.82
1.29E+09 0.0901 3907.93
1.30E+09 0.0903 3904.85
1.32E+09 0.0888 3901.73
1.33E+09 0.0890 3898.53
1.34E+09 0.0884 3895.26
1.35E+09 0.0878 3892.36
1.36E+09 0.0880 3889.68
1.37E+09 0.0882 3886.77
1.39E+09 0.0865 3883.85
1.40E+09 0.0861 3881.18
1.41E+09 0.0850 3878.76
1.42E+09 0.0850 3876.04
1.43E+09 0.0848 3873.58
1.44E+09 0.0841 3871.29
1.45E+09 0.0835 3868.85
1.46E+09 0.0823 3866.28
1.47E+09 0.0817 3863.28
1.48E+09 0.0817 3860.23
1.49E+09 0.0817 3856.95
1.51E+09 0.0803 3854.26
1.52E+09 0.0802 3852
1.53E+09 0.0807 3849.46
1.54E+09 0.0787 3846.59
1.55E+09 0.0790 3843.47
1.56E+09 0.0792 3840.35
1.58E+09 0.0783 3837.07
1.59E+09 0.0775 3833.85
1.61E+09 0.0768 3830.9
1.62E+09 0.0767 3828.06
1.63E+09 0.0765 3824.95
1.64E+09 0.0752 3822.13
1.66E+09 0.0746 3819.74
1.67E+09 0.0754 3816.85
1.68E+09 0.0742 3813.86
1.70E+09 0.0742 3811.06
1.71E+09 0.0733 3807.98
1.72E+09 0.0736 3804.93
1.74E+09 0.0720 3801.82
1.75E+09 0.0713 3798.62
1.77E+09 0.0712 3795.82
1.78E+09 0.0707 3792.86
1.79E+09 0.0704 3790.05
1.81E+09 0.0703 3787.23
1.82E+09 0.0698 3783.93
1.84E+09 0.0692 3780.61
1.85E+09 0.0687 3777.74
1.87E+09 0.0679 3775.04
1.88E+09 0.0679 3772.07
1.90E+09 0.0664 3769.05
1.91E+09 0.0672 3766.1
1.93E+09 0.0659 3762.98
1.94E+09 0.0661 3760.16
1.96E+09 0.0659 3757.2
1.97E+09 0.0649 3754.33
1.99E+09 0.0644 3751.37
2.00E+09 0.0638 3748.24
2.02E+09 0.0641 3745.33
2.04E+09 0.0631 3742.4
2.05E+09 0.0626 3739.28
2.07E+09 0.0618 3736.14
2.08E+09 0.0611 3733.46
2.10E+09 0.0617 3730.82
2.11E+09 0.0605 3728.01
2.13E+09 0.0598 3725.39
2.14E+09 0.0600 3722.7
2.16E+09 0.0594 3719.88
2.18E+09 0.0595 3717.03
2.19E+09 0.0591 3713.89
2.21E+09 0.0584 3710.91
2.23E+09 0.0581 3707.94
2.25E+09 0.0577 3704.99
2.26E+09 0.0569 3702.23
2.28E+09 0.0564 3699.38
2.30E+09 0.0560 3696.46
2.31E+09 0.0557 3693.68
2.33E+09 0.0559 3690.75
2.35E+09 0.0551 3687.82
2.37E+09 0.0546 3684.78
2.38E+09 0.0540 3682.1
2.40E+09 0.0533 3679.6
2.42E+09 0.0537 3676.95
2.44E+09 0.0530 3673.99
2.46E+09 0.0527 3670.94
2.48E+09 0.0528 3667.92
2.49E+09 0.0523 3665.1
2.51E+09 0.0517 3662.27
2.53E+09 0.0504 3659.28
2.55E+09 0.0503 3656.68
2.57E+09 0.0502 3654.17
2.58E+09 0.0502 3651.87
2.60E+09 0.0490 3649.12
2.62E+09 0.0493 3646.18
2.64E+09 0.0489 3643.49
2.66E+09 0.0478 3640.49
2.68E+09 0.0484 3637.69
2.70E+09 0.0479 3635.16
2.71E+09 0.0474 3632.86
2.73E+09 0.0474 3630.27
2.75E+09 0.0466 3627.58
2.77E+09 0.0458 3624.84
2.79E+09 0.0457 3622.24
2.81E+09 0.0456 3619.87
2.83E+09 0.0451 3617.47
2.85E+09 0.0447 3614.93
2.86E+09 0.0442 3612.56
2.88E+09 0.0441 3610.24
2.90E+09 0.0439 3607.34
2.93E+09 0.0432 3604.38
2.95E+09 0.0435 3601.53
2.97E+09 0.0428 3599.09
2.99E+09 0.0418 3596.55
3.01E+09 0.0417 3593.94
3.03E+09 0.0418 3591.24
3.06E+09 0.0413 3588.34
3.08E+09 0.0409 3585.53
3.10E+09 0.0408 3582.78
3.12E+09 0.0404 3580.35
3.14E+09 0.0393 3577.89
3.16E+09 0.0394 3575.47
3.19E+09 0.0393 3572.75
3.21E+09 0.0388 3570.08
3.23E+09 0.0384 3567.65
3.25E+09 0.0379 3565.04
3.28E+09 0.0380 3562.36
3.30E+09 0.0374 3559.52
3.33E+09 0.0375 3556.94
3.35E+09 0.0365 3554.29
3.38E+09 0.0367 3551.64
3.40E+09 0.0356 3548.92
3.42E+09 0.0363 3546.58
3.45E+09 0.0353 3544.24
3.47E+09 0.0352 3541.91
3.49E+09 0.0348 3539.29
3.52E+09 0.0348 3536.68
3.54E+09 0.0346 3534.05
3.57E+09 0.0343 3531.77
3.59E+09 0.0340 3529.36
3.61E+09 0.0336 3526.94
3.64E+09 0.0340 3524.52
3.67E+09 0.0334 3521.79
3.69E+09 0.0328 3519.21
3.72E+09 0.0319 3516.73
3.75E+09 0.0320 3514.18
3.77E+09 0.0315 3511.62
3.80E+09 0.0313 3509.03
3.83E+09 0.0311 3506.8
3.85E+09 0.0306 3504.35
3.88E+09 0.0302 3501.89
3.91E+09 0.0299 3499.37
3.94E+09 0.0296 3496.94
3.97E+09 0.0294 3494.31
3.99E+09 0.0292 3491.88
4.02E+09 0.0288 3489.4
4.05E+09 0.0285 3487.04
4.08E+09 0.0285 3484.72
4.11E+09 0.0279 3482.45
4.13E+09 0.0283 3480.14
4.16E+09 0.0279 3477.73
4.19E+09 0.0274 3475.52
4.22E+09 0.0273 3473
4.25E+09 0.0267 3470.81
4.28E+09 0.0267 3468.41
4.31E+09 0.0264 3466
4.34E+09 0.0259 3463.66
4.37E+09 0.0260 3461.24
4.40E+09 0.0254 3458.95
4.43E+09 0.0249 3456.55
4.46E+09 0.0251 3454.42
4.50E+09 0.0250 3451.96
4.53E+09 0.0245 3449.56
4.56E+09 0.0245 3447.43
4.59E+09 0.0239 3445.01
4.62E+09 0.0231 3442.77
4.66E+09 0.0236 3440.53
4.69E+09 0.0232 3438.14
4.72E+09 0.0233 3436.05
4.75E+09 0.0231 3433.81
4.79E+09 0.0228 3431.35
4.82E+09 0.0226 3429.17
4.85E+09 0.0221 3427.05
4.89E+09 0.0218 3424.95
4.92E+09 0.0217 3422.71
4.96E+09 0.0218 3420.41
4.99E+09 0.0213 3418.22
