0.00E+00 -0.4185 4434.23
4.58E+07 0.1929 4419.3
5.81E+07 0.2347 4412.76
7.20E+07 0.2565 4404.04
8.96E+07 0.2372 4393.12
1.38E+08 0.1958 4366.99
1.83E+08 0.1996 4344.45
2.20E+08 0.2079 4326.28
2.50E+08 0.1950 4311.36
2.73E+08 0.1923 4300.09
2.90E+08 0.1851 4291.92
3.04E+08 0.1786 4285.48
3.17E+08 0.1749 4280.04
3.26E+08 0.1749 4275.82
3.37E+08 0.1665 4271.27
3.46E+08 0.1640 4267.44
3.55E+08 0.1620 4263.95
3.63E+08 0.1600 4260.72
3.70E+08 0.1581 4257.78
3.77E+08 0.1562 4255.1
3.83E+08 0.1530 4252.58
3.90E+08 0.1496 4249.88
3.97E+08 0.1476 4247.32
4.04E+08 0.1459 4244.8
4.11E+08 0.1503 4242.32
4.17E+08 0.1529 4239.76
4.23E+08 0.1541 4237.36
4.30E+08 0.1541 4234.95
4.37E+08 0.1572 4232.13
4.45E+08 0.1521 4229.03
4.52E+08 0.1488 4226.43
4.57E+08 0.1485 4224.46
4.64E+08 0.1424 4222.08
4.70E+08 0.1382 4219.8
4.76E+08 0.1395 4217.81
4.82E+08 0.1438 4215.68
4.88E+08 0.1427 4213.44
4.93E+08 0.1415 4211.43
4.99E+08 0.1378 4209.43
5.06E+08 0.1329 4207.21
5.11E+08 0.1328 4205.37
5.18E+08 0.1364 4203.13
5.24E+08 0.1373 4200.92
5.29E+08 0.1392 4199.14
5.36E+08 0.1308 4196.8
5.43E+08 0.1271 4194.57
5.49E+08 0.1324 4192.6
5.56E+08 0.1333 4190.4
5.63E+08 0.1307 4188.14
5.69E+08 0.1283 4186.1
5.74E+08 0.1276 4184.48
5.82E+08 0.1205 4182.07
5.88E+08 0.1250 4180.13
5.93E+08 0.1268 4178.4
6.01E+08 0.1183 4176.09
6.08E+08 0.1239 4173.85
6.16E+08 0.1232 4171.4
6.23E+08 0.1208 4169.22
6.30E+08 0.1199 4167.18
6.38E+08 0.1147 4164.71
6.45E+08 0.1200 4162.68
6.53E+08 0.1146 4160.38
6.60E+08 0.1144 4158.35
6.68E+08 0.1131 4156.12
6.75E+08 0.1138 4154.13
6.83E+08 0.1070 4151.76
6.91E+08 0.1098 4149.54
6.99E+08 0.1103 4147.41
7.07E+08 0.1073 4145.34
7.14E+08 0.1029 4143.41
7.21E+08 0.1057 4141.46
7.29E+08 0.1061 4139.43
7.37E+08 0.1037 4137.32
7.45E+08 0.1042 4135.36
7.52E+08 0.1043 4133.32
7.60E+08 0.1054 4131.16
7.68E+08 0.1045 4129.17
7.77E+08 0.1003 4126.91
7.85E+08 0.0972 4124.82
7.92E+08 0.0994 4123.12
8.00E+08 0.1004 4121.2
8.06E+08 0.1008 4119.54
8.14E+08 0.0981 4117.63
8.22E+08 0.0973 4115.79
8.29E+08 0.0962 4113.95
8.36E+08 0.0962 4112.35
8.44E+08 0.0949 4110.47
8.51E+08 0.0947 4108.79
8.59E+08 0.0909 4106.93
8.65E+08 0.0934 4105.34
8.73E+08 0.0915 4103.47
8.82E+08 0.0892 4101.59
8.89E+08 0.0922 4099.96
8.97E+08 0.0910 4098.18
9.04E+08 0.0919 4096.57
9.12E+08 0.0889 4094.58
9.21E+08 0.0907 4092.64
9.32E+08 0.0883 4090.21
9.40E+08 0.0869 4088.48
9.46E+08 0.0870 4086.96
9.53E+08 0.0875 4085.45
9.59E+08 0.0888 4084.3
9.65E+08 0.0881 4082.83
9.71E+08 0.0865 4081.48
9.77E+08 0.0866 4080.21
9.82E+08 0.0879 4079.12
9.88E+08 0.0869 4077.85
9.95E+08 0.0863 4076.38
1.00E+09 0.0859 4074.9
1.01E+09 0.0868 4073.44
1.01E+09 0.0865 4071.99
1.02E+09 0.0878 4070.62
1.03E+09 0.0854 4069.3
1.03E+09 0.0854 4067.97
1.04E+09 0.0870 4066.64
1.05E+09 0.0848 4065.22
1.05E+09 0.0849 4063.76
1.06E+09 0.0853 4062.34
1.07E+09 0.0851 4060.91
1.07E+09 0.0867 4059.59
1.08E+09 0.0858 4058.37
1.08E+09 0.0871 4057.13
1.09E+09 0.0876 4055.7
1.10E+09 0.0869 4054.24
1.10E+09 0.0868 4052.83
1.11E+09 0.0868 4051.46
1.12E+09 0.0873 4049.94
1.12E+09 0.0855 4048.48
1.13E+09 0.0868 4047.22
1.14E+09 0.0871 4045.81
1.14E+09 0.0862 4044.45
1.15E+09 0.0857 4043.09
1.15E+09 0.0855 4041.61
1.16E+09 0.0855 4040.38
1.17E+09 0.0863 4039.04
1.17E+09 0.0863 4037.42
1.18E+09 0.0859 4035.81
1.19E+09 0.0860 4034.35
1.20E+09 0.0842 4032.75
1.20E+09 0.0860 4031.26
1.21E+09 0.0867 4029.57
1.22E+09 0.0885 4027.97
1.23E+09 0.0869 4026.3
1.23E+09 0.0875 4024.77
1.24E+09 0.0870 4023.19
1.25E+09 0.0853 4021.55
1.25E+09 0.0856 4020.04
1.26E+09 0.0856 4018.45
1.27E+09 0.0854 4016.86
1.28E+09 0.0868 4015.26
1.28E+09 0.0847 4013.5
1.29E+09 0.0833 4011.71
1.30E+09 0.0848 4009.86
1.31E+09 0.0849 4008.43
1.32E+09 0.0849 4006.83
1.32E+09 0.0845 4005.26
1.33E+09 0.0840 4003.49
1.34E+09 0.0833 4001.45
1.35E+09 0.0843 3999.67
1.36E+09 0.0834 3997.92
1.37E+09 0.0829 3995.76
1.38E+09 0.0849 3993.73
1.39E+09 0.0834 3991.66
1.40E+09 0.0828 3989.48
1.41E+09 0.0830 3987.45
1.42E+09 0.0830 3985.62
1.43E+09 0.0844 3983.61
1.44E+09 0.0825 3981.29
1.45E+09 0.0838 3979.19
1.46E+09 0.0823 3976.95
1.47E+09 0.0807 3975.08
1.48E+09 0.0807 3973.18
1.49E+09 0.0806 3970.55
1.50E+09 0.0844 3968.51
1.51E+09 0.0818 3966.41
1.52E+09 0.0809 3964.24
1.53E+09 0.0817 3962.09
1.54E+09 0.0796 3960.19
1.55E+09 0.0792 3958.4
1.56E+09 0.0787 3956.34
1.57E+09 0.0802 3954.28
1.58E+09 0.0792 3952.05
1.59E+09 0.0783 3949.59
1.60E+09 0.0793 3947.82
1.61E+09 0.0781 3945.85
1.62E+09 0.0766 3944.29
1.63E+09 0.0751 3942.72
1.64E+09 0.0775 3941.12
1.65E+09 0.0763 3939.54
1.65E+09 0.0729 3938.05
1.66E+09 0.0765 3936.47
1.67E+09 0.0764 3934.45
1.68E+09 0.0771 3932.7
1.69E+09 0.0754 3930.85
1.70E+09 0.0749 3928.98
1.71E+09 0.0760 3927.31
1.72E+09 0.0755 3925.29
1.73E+09 0.0726 3923.33
1.74E+09 0.0745 3921.58
1.75E+09 0.0738 3919.81
1.76E+09 0.0745 3918.36
1.76E+09 0.0781 3917.31
1.77E+09 0.0772 3915.99
1.78E+09 0.0723 3914.51
1.78E+09 0.0703 3913.22
1.79E+09 0.0708 3912.03
1.80E+09 0.0702 3910.73
1.81E+09 0.0680 3909.45
1.81E+09 0.0679 3908.36
1.82E+09 0.0704 3907.23
1.83E+09 0.0717 3905.14
1.84E+09 0.0705 3902.94
1.85E+09 0.0690 3901.09
1.86E+09 0.0710 3899.39
1.87E+09 0.0692 3897.34
1.88E+09 0.0707 3895.96
1.89E+09 0.0699 3894.44
1.90E+09 0.0691 3892.58
1.91E+09 0.0699 3890.9
1.92E+09 0.0697 3889.18
1.93E+09 0.0701 3887.68
1.94E+09 0.0679 3886.1
1.95E+09 0.0661 3884.42
1.96E+09 0.0662 3882.82
1.97E+09 0.0669 3881.31
1.98E+09 0.0686 3879.81
1.99E+09 0.0670 3878.16
2.00E+09 0.0646 3876.24
2.01E+09 0.0672 3874.48
2.02E+09 0.0651 3872.66
2.03E+09 0.0638 3870.89
2.04E+09 0.0662 3869.38
2.05E+09 0.0661 3867.69
2.06E+09 0.0650 3866.05
2.07E+09 0.0663 3864.66
2.08E+09 0.0629 3863.02
2.09E+09 0.0632 3861.35
2.10E+09 0.0618 3859.52
2.11E+09 0.0619 3857.88
2.12E+09 0.0626 3855.9
2.14E+09 0.0637 3853.95
2.15E+09 0.0627 3851.78
2.16E+09 0.0626 3850.04
2.17E+09 0.0619 3848.13
2.18E+09 0.0615 3846.19
2.20E+09 0.0624 3844.23
2.21E+09 0.0626 3842.29
2.22E+09 0.0609 3840.4
2.23E+09 0.0608 3838.44
2.25E+09 0.0619 3836.54
2.26E+09 0.0604 3834.44
2.28E+09 0.0605 3832.23
2.29E+09 0.0619 3830.24
2.30E+09 0.0605 3827.85
2.32E+09 0.0617 3825.6
2.33E+09 0.0603 3823.38
2.35E+09 0.0596 3821.37
2.36E+09 0.0594 3819.27
2.37E+09 0.0606 3817.13
2.39E+09 0.0598 3815.03
2.40E+09 0.0577 3813.09
2.41E+09 0.0555 3811.38
2.43E+09 0.0580 3809.68
2.44E+09 0.0569 3807.77
2.45E+09 0.0609 3806.04
2.46E+09 0.0592 3803.88
2.48E+09 0.0580 3801.95
2.49E+09 0.0571 3800.03
2.50E+09 0.0558 3798.25
2.52E+09 0.0548 3796.57
2.53E+09 0.0552 3795.05
2.54E+09 0.0537 3793.31
2.55E+09 0.0533 3791.72
2.56E+09 0.0551 3790.36
2.57E+09 0.0541 3789.01
2.58E+09 0.0515 3787.69
2.59E+09 0.0524 3786.4
2.60E+09 0.0523 3784.77
2.61E+09 0.0554 3783.38
2.62E+09 0.0554 3782.01
2.64E+09 0.0508 3780.25
2.65E+09 0.0515 3778.68
2.66E+09 0.0533 3777.26
2.67E+09 0.0517 3775.62
2.68E+09 0.0510 3774.1
2.70E+09 0.0515 3772.56
2.71E+09 0.0520 3770.97
2.72E+09 0.0502 3769.44
2.73E+09 0.0494 3768.04
2.74E+09 0.0495 3766.64
2.75E+09 0.0501 3765.15
2.77E+09 0.0507 3763.67
2.78E+09 0.0501 3762.09
2.79E+09 0.0509 3760.83
2.80E+09 0.0474 3759.49
2.81E+09 0.0474 3758.14
2.82E+09 0.0495 3756.75
2.84E+09 0.0489 3755.06
2.85E+09 0.0491 3753.36
2.86E+09 0.0488 3752.04
2.87E+09 0.0479 3750.68
2.88E+09 0.0458 3749.17
2.89E+09 0.0478 3747.93
2.91E+09 0.0470 3746.62
2.92E+09 0.0477 3745.01
2.93E+09 0.0478 3743.58
2.94E+09 0.0473 3742.09
2.96E+09 0.0473 3740.42
2.97E+09 0.0458 3739.02
2.98E+09 0.0458 3737.58
3.00E+09 0.0448 3736
3.01E+09 0.0456 3734.6
3.02E+09 0.0451 3733.05
3.04E+09 0.0454 3731.41
3.05E+09 0.0467 3730.23
3.06E+09 0.0447 3728.99
3.07E+09 0.0448 3727.6
3.08E+09 0.0439 3726.19
3.09E+09 0.0458 3724.88
3.10E+09 0.0454 3723.65
3.12E+09 0.0422 3722.16
3.13E+09 0.0439 3720.99
3.14E+09 0.0423 3719.73
3.15E+09 0.0421 3718.35
3.16E+09 0.0436 3717.12
3.18E+09 0.0445 3715.88
3.19E+09 0.0450 3714.49
3.20E+09 0.0423 3712.96
3.22E+09 0.0427 3711.33
3.23E+09 0.0415 3709.84
3.24E+09 0.0432 3708.56
3.26E+09 0.0426 3707.3
3.27E+09 0.0427 3705.68
3.28E+09 0.0429 3704.13
3.30E+09 0.0412 3702.39
3.31E+09 0.0418 3700.99
3.33E+09 0.0429 3699.1
3.35E+09 0.0418 3697.16
3.37E+09 0.0415 3695.57
3.38E+09 0.0421 3693.97
3.40E+09 0.0412 3692.35
3.41E+09 0.0401 3691
3.42E+09 0.0402 3689.47
3.44E+09 0.0420 3687.96
3.45E+09 0.0408 3686.47
3.47E+09 0.0408 3685.03
3.48E+09 0.0391 3683.39
3.50E+09 0.0392 3681.82
3.52E+09 0.0389 3680.34
3.53E+09 0.0385 3678.73
3.55E+09 0.0395 3677.15
3.56E+09 0.0388 3675.73
3.58E+09 0.0381 3674.2
3.59E+09 0.0398 3672.8
3.61E+09 0.0382 3671.29
3.62E+09 0.0363 3669.76
3.64E+09 0.0371 3668.4
3.65E+09 0.0368 3667.18
3.67E+09 0.0359 3665.73
3.68E+09 0.0374 3664.41
3.70E+09 0.0380 3663.06
3.71E+09 0.0365 3661.7
3.73E+09 0.0353 3660.18
3.74E+09 0.0362 3658.71
3.76E+09 0.0349 3657.16
3.78E+09 0.0354 3655.8
3.79E+09 0.0357 3654.62
3.81E+09 0.0357 3653.16
3.82E+09 0.0372 3651.87
3.84E+09 0.0348 3650.34
3.85E+09 0.0350 3648.91
3.87E+09 0.0354 3647.39
3.89E+09 0.0345 3645.98
3.90E+09 0.0350 3644.6
3.92E+09 0.0335 3643.05
3.94E+09 0.0350 3641.53
3.95E+09 0.0346 3640.13
3.97E+09 0.0342 3638.86
3.98E+09 0.0328 3637.6
4.00E+09 0.0335 3636.16
4.02E+09 0.0333 3634.67
4.04E+09 0.0333 3633.24
4.05E+09 0.0333 3631.85
4.07E+09 0.0326 3630.41
4.09E+09 0.0328 3628.96
4.10E+09 0.0320 3627.55
4.12E+09 0.0324 3626.11
4.14E+09 0.0312 3624.91
4.16E+09 0.0316 3623.5
4.17E+09 0.0314 3622.18
4.19E+09 0.0317 3620.94
4.21E+09 0.0315 3619.52
4.22E+09 0.0319 3618.32
4.24E+09 0.0313 3616.82
4.26E+09 0.0318 3615.37
4.28E+09 0.0314 3613.84
4.29E+09 0.0308 3612.62
4.31E+09 0.0309 3611.16
4.33E+09 0.0308 3609.75
4.35E+09 0.0303 3608.2
4.37E+09 0.0310 3606.89
4.38E+09 0.0296 3605.58
4.40E+09 0.0292 3604.34
4.42E+09 0.0293 3603.01
4.44E+09 0.0293 3601.54
4.46E+09 0.0296 3600.29
4.48E+09 0.0284 3598.79
4.50E+09 0.0284 3597.41
4.52E+09 0.0292 3595.99
4.53E+09 0.0283 3594.71
4.55E+09 0.0273 3593.58
4.57E+09 0.0273 3592.07
4.59E+09 0.0276 3590.78
4.61E+09 0.0279 3589.52
4.63E+09 0.0280 3588.06
4.65E+09 0.0289 3586.53
4.67E+09 0.0290 3585.16
4.69E+09 0.0286 3583.73
4.71E+09 0.0280 3582.48
4.73E+09 0.0275 3581.02
4.75E+09 0.0270 3579.6
4.77E+09 0.0275 3578.29
4.79E+09 0.0279 3576.83
4.81E+09 0.0272 3575.3
4.83E+09 0.0272 3573.91
4.85E+09 0.0271 3572.63
4.87E+09 0.0274 3571.31
4.89E+09 0.0270 3569.99
4.90E+09 0.0265 3568.81
4.92E+09 0.0251 3567.61
4.95E+09 0.0255 3566.09
4.97E+09 0.0261 3564.59
4.99E+09 0.0268 3563.45
