0.00E+00 -0.5824 5235.3
2.82E+08 0.1264 5041.75
3.82E+08 0.1109 4974.71
4.56E+08 0.1070 4927.58
5.20E+08 0.1000 4889.68
5.79E+08 0.0965 4856.94
6.31E+08 0.0918 4829.64
6.80E+08 0.0868 4804.95
7.23E+08 0.0877 4783.95
7.51E+08 0.1001 4769.71
7.56E+08 0.1354 4766.63
7.67E+08 0.1617 4757.1
8.21E+08 0.1324 4714.75
9.11E+08 0.1360 4647.37
9.94E+08 0.1106 4589.68
1.15E+09 0.0902 4504.05
1.30E+09 0.0946 4429.35
1.41E+09 0.0891 4366.46
1.54E+09 0.0722 4311.2
1.64E+09 0.0864 4264.5
1.74E+09 0.0748 4220.03
1.82E+09 0.0614 4189.57
1.87E+09 0.0614 4172.19
1.90E+09 0.0601 4160.23
1.94E+09 0.0588 4149.37
1.97E+09 0.0566 4138.44
2.01E+09 0.0556 4127.14
2.04E+09 0.0531 4116.2
2.08E+09 0.0523 4106.5
2.11E+09 0.0472 4098.22
2.14E+09 0.0417 4090.31
2.17E+09 0.0411 4082.48
2.21E+09 0.0463 4072.75
2.24E+09 0.0460 4066.51
2.27E+09 0.0447 4057.68
2.31E+09 0.0432 4048.82
2.35E+09 0.0398 4039.79
2.38E+09 0.0380 4033.14
2.42E+09 0.0332 4025.25
2.45E+09 0.0325 4019.41
2.48E+09 0.0390 4012.58
2.52E+09 0.0385 4004.84
2.56E+09 0.0327 3997.19
2.59E+09 0.0313 3990.92
2.63E+09 0.0293 3985.03
2.66E+09 0.0284 3979.71
2.70E+09 0.0262 3973.3
2.74E+09 0.0295 3967.82
2.77E+09 0.0281 3961.77
2.81E+09 0.0267 3956.49
2.85E+09 0.0272 3949.48
2.89E+09 0.0274 3944.1
2.94E+09 0.0240 3937.5
2.98E+09 0.0264 3930.89
3.03E+09 0.0224 3925.11
3.07E+09 0.0228 3919.67
3.11E+09 0.0216 3914.33
3.16E+09 0.0235 3908.28
3.21E+09 0.0207 3901.9
3.27E+09 0.0215 3895.47
3.33E+09 0.0204 3888.51
3.36E+09 0.0172 3884.69
3.42E+09 0.0197 3878.86
3.47E+09 0.0184 3873.3
3.53E+09 0.0167 3867.8
3.58E+09 0.0154 3862.99
3.64E+09 0.0166 3858.26
3.69E+09 0.0145 3853.63
3.75E+09 0.0139 3848.73
3.82E+09 0.0162 3843.29
3.87E+09 0.0147 3838.44
3.92E+09 0.0119 3835.01
3.98E+09 0.0116 3831.3
4.04E+09 0.0142 3826.76
4.10E+09 0.0116 3822.33
4.16E+09 0.0107 3818.51
4.22E+09 0.0133 3814.66
4.29E+09 0.0113 3809.43
4.37E+09 0.0113 3805.01
4.43E+09 0.0098 3801.4
4.50E+09 0.0097 3797.25
4.58E+09 0.0085 3793.35
4.66E+09 0.0092 3789.57
4.73E+09 0.0099 3785.61
4.81E+09 0.0082 3781.63
4.88E+09 0.0077 3778.53
4.94E+09 0.0077 3775.94
