0.00E+00 -0.6369 5159.38
1.75E+08 0.1720 5091.36
2.26E+08 0.1693 5069.17
2.68E+08 0.1426 5050.86
2.98E+08 0.1532 5038.37
3.36E+08 0.1391 5023.29
3.57E+08 0.1471 5014.97
3.73E+08 0.1513 5008.32
3.76E+08 0.1645 5006.9
3.78E+08 0.1958 5006.29
3.81E+08 0.2313 5004.42
3.89E+08 0.2344 4998.76
4.02E+08 0.2388 4990.81
4.05E+08 0.2596 4988.24
4.17E+08 0.2481 4980.37
4.43E+08 0.2273 4963.15
4.55E+08 0.2392 4955.68
4.86E+08 0.2418 4934.88
5.12E+08 0.2469 4917
5.29E+08 0.2647 4905.45
5.56E+08 0.2517 4885.66
5.91E+08 0.2338 4862.43
6.27E+08 0.2162 4839.93
6.69E+08 0.1996 4815.67
7.13E+08 0.1887 4792.18
7.53E+08 0.1747 4771.96
7.87E+08 0.1811 4756.07
8.11E+08 0.2030 4742.99
8.30E+08 0.1918 4732.41
8.49E+08 0.1926 4722.14
8.72E+08 0.1854 4710.44
8.91E+08 0.1763 4700.65
9.09E+08 0.1699 4692.19
9.24E+08 0.1616 4685.24
9.42E+08 0.1671 4676.9
9.61E+08 0.1647 4668.38
9.78E+08 0.1561 4660.54
9.97E+08 0.1513 4652.41
1.01E+09 0.1489 4645.17
1.03E+09 0.1421 4637.94
1.04E+09 0.1427 4634.11
1.05E+09 0.1338 4630.21
1.06E+09 0.1376 4625.84
1.08E+09 0.1353 4620.58
1.09E+09 0.1309 4616.64
1.10E+09 0.1313 4613.06
1.11E+09 0.1293 4607.82
1.13E+09 0.1279 4603.28
1.14E+09 0.1252 4599.11
1.15E+09 0.1246 4595.34
1.16E+09 0.1231 4592.92
1.17E+09 0.1223 4589.69
1.18E+09 0.1223 4586.01
1.18E+09 0.1217 4583.3
1.19E+09 0.1235 4580.38
1.20E+09 0.1235 4577.8
1.21E+09 0.1175 4574.9
1.22E+09 0.1195 4572.21
1.22E+09 0.1174 4570.04
1.23E+09 0.1188 4567.53
1.24E+09 0.1209 4565.26
1.25E+09 0.1190 4562.49
1.26E+09 0.1185 4559.54
1.26E+09 0.1197 4556.96
1.27E+09 0.1181 4554.37
1.28E+09 0.1148 4552.06
1.29E+09 0.1168 4549.73
1.29E+09 0.1207 4547.4
1.30E+09 0.1205 4544.94
1.31E+09 0.1185 4541.97
1.32E+09 0.1222 4539.37
1.33E+09 0.1197 4536.11
1.34E+09 0.1216 4533.11
1.34E+09 0.1195 4530.59
1.35E+09 0.1193 4527.74
1.36E+09 0.1189 4525.37
1.36E+09 0.1207 4523.5
1.37E+09 0.1233 4521.27
1.38E+09 0.1218 4518.38
1.39E+09 0.1172 4515.28
1.40E+09 0.1210 4512.18
1.41E+09 0.1182 4509.06
1.42E+09 0.1177 4505.99
1.42E+09 0.1170 4503.5
1.43E+09 0.1193 4500.96
1.44E+09 0.1181 4497.93
1.45E+09 0.1138 4495.24
1.46E+09 0.1245 4492.44
1.47E+09 0.1183 4488.97
1.48E+09 0.1213 4485.95
1.49E+09 0.1185 4482.63
1.50E+09 0.1191 4479.35
1.51E+09 0.1157 4476.46
1.52E+09 0.1163 4473.5
1.53E+09 0.1155 4469.99
1.54E+09 0.1175 4466.55
1.55E+09 0.1156 4463.24
1.56E+09 0.1183 4460.35
1.57E+09 0.1139 4457.08
1.58E+09 0.1108 4453.94
1.59E+09 0.1159 4451.13
1.60E+09 0.1122 4448.25
1.61E+09 0.1122 4445.17
1.61E+09 0.1135 4442.92
1.62E+09 0.1086 4439.7
1.63E+09 0.1119 4437.18
1.64E+09 0.1079 4433.94
1.65E+09 0.1129 4430.24
1.67E+09 0.1108 4426.27
1.68E+09 0.1094 4422.78
1.69E+09 0.1047 4419.73
1.70E+09 0.1061 4416.91
1.71E+09 0.1054 4413.85
1.72E+09 0.1072 4409.8
1.74E+09 0.1017 4406.25
1.75E+09 0.1071 4402.07
1.76E+09 0.1041 4397.76
1.78E+09 0.1073 4393.59
1.79E+09 0.1029 4389.76
1.80E+09 0.1035 4386.5
1.82E+09 0.1003 4382.63
1.83E+09 0.1011 4379.13
1.84E+09 0.0982 4375.76
1.85E+09 0.0942 4372.75
1.86E+09 0.0984 4369.66
1.88E+09 0.0994 4366.75
1.89E+09 0.0964 4363.9
1.90E+09 0.0939 4361.3
1.91E+09 0.0971 4358.82
1.92E+09 0.1018 4356.09
1.93E+09 0.0962 4352.89
1.94E+09 0.0946 4349.9
1.95E+09 0.0897 4347.35
1.96E+09 0.0935 4344.41
1.97E+09 0.0916 4342.04
1.98E+09 0.0927 4338.97
1.99E+09 0.0873 4336.08
2.01E+09 0.0887 4333
2.02E+09 0.0959 4330.33
2.03E+09 0.0902 4327.54
2.04E+09 0.0898 4324.07
2.05E+09 0.0862 4321.48
2.06E+09 0.0857 4318.9
2.07E+09 0.0854 4316.19
2.09E+09 0.0857 4313.3
2.10E+09 0.0874 4310.7
2.11E+09 0.0889 4307.9
2.12E+09 0.0826 4304.42
2.14E+09 0.0879 4301.27
2.15E+09 0.0892 4298.52
2.16E+09 0.0871 4295.23
2.17E+09 0.0854 4292.07
2.19E+09 0.0823 4289.3
2.20E+09 0.0792 4286.58
2.21E+09 0.0787 4284.07
2.22E+09 0.0846 4281.08
2.24E+09 0.0843 4278.2
2.25E+09 0.0805 4274.82
2.26E+09 0.0797 4271.79
2.28E+09 0.0750 4268.61
2.29E+09 0.0766 4266.04
2.31E+09 0.0799 4263.07
2.32E+09 0.0817 4260.33
2.33E+09 0.0753 4257.56
2.34E+09 0.0745 4254.86
2.36E+09 0.0739 4252.22
2.37E+09 0.0714 4249.81
2.38E+09 0.0697 4247.52
2.39E+09 0.0696 4245.26
2.40E+09 0.0668 4243.23
2.42E+09 0.0787 4240.59
2.43E+09 0.0747 4238.07
2.44E+09 0.0711 4234.93
2.46E+09 0.0730 4232.4
2.47E+09 0.0693 4230.14
2.48E+09 0.0681 4227.77
2.49E+09 0.0668 4225.38
2.51E+09 0.0620 4222.92
2.52E+09 0.0644 4220.57
2.53E+09 0.0678 4218.28
2.55E+09 0.0674 4215.59
2.56E+09 0.0683 4213
2.58E+09 0.0658 4210.22
2.59E+09 0.0628 4207.3
2.60E+09 0.0661 4205.02
2.62E+09 0.0694 4202.78
2.63E+09 0.0659 4200.77
2.64E+09 0.0596 4198.47
2.66E+09 0.0586 4196.07
2.67E+09 0.0539 4193.64
2.69E+09 0.0632 4191.44
2.70E+09 0.0659 4189.41
2.71E+09 0.0639 4186.24
2.73E+09 0.0604 4183.58
2.74E+09 0.0591 4181.13
2.76E+09 0.0628 4178.97
2.77E+09 0.0630 4177.01
2.78E+09 0.0568 4174.65
2.80E+09 0.0573 4172.13
2.81E+09 0.0583 4169.84
2.83E+09 0.0535 4167.5
2.84E+09 0.0515 4165.52
2.86E+09 0.0568 4163.31
2.87E+09 0.0619 4161.18
2.88E+09 0.0601 4158.62
2.90E+09 0.0544 4155.9
2.92E+09 0.0548 4153.52
2.93E+09 0.0520 4151.42
2.95E+09 0.0512 4149.37
2.96E+09 0.0496 4147.38
2.98E+09 0.0526 4145.22
2.99E+09 0.0562 4142.81
3.01E+09 0.0516 4140.44
3.03E+09 0.0504 4137.95
3.04E+09 0.0478 4135.72
3.06E+09 0.0515 4133.57
3.07E+09 0.0484 4131.72
3.09E+09 0.0562 4129.5
3.10E+09 0.0512 4126.89
3.12E+09 0.0504 4124.53
3.14E+09 0.0489 4121.98
3.15E+09 0.0487 4120.06
3.17E+09 0.0445 4117.99
3.19E+09 0.0463 4115.77
3.20E+09 0.0480 4113.68
3.22E+09 0.0431 4111.48
3.24E+09 0.0449 4109.07
3.26E+09 0.0419 4106.83
3.28E+09 0.0456 4104.63
3.29E+09 0.0430 4102.68
3.31E+09 0.0483 4100.3
3.33E+09 0.0456 4097.65
3.35E+09 0.0449 4095.12
3.37E+09 0.0451 4092.84
3.39E+09 0.0416 4090.89
3.41E+09 0.0425 4088.47
3.43E+09 0.0464 4086.34
3.45E+09 0.0423 4083.93
3.47E+09 0.0420 4081.21
3.49E+09 0.0404 4079.13
3.51E+09 0.0412 4076.64
3.53E+09 0.0435 4074.08
3.55E+09 0.0415 4071.43
3.58E+09 0.0415 4068.39
3.60E+09 0.0381 4066.28
3.62E+09 0.0413 4063.66
3.65E+09 0.0399 4060.38
3.68E+09 0.0364 4057.71
3.70E+09 0.0376 4055.35
3.72E+09 0.0402 4052.97
3.75E+09 0.0357 4050.66
3.77E+09 0.0354 4048.59
3.79E+09 0.0318 4046.67
3.81E+09 0.0349 4044.6
3.83E+09 0.0383 4042.35
3.85E+09 0.0371 4040.28
3.88E+09 0.0337 4038.03
3.90E+09 0.0335 4035.92
3.92E+09 0.0320 4033.88
3.94E+09 0.0353 4031.99
3.96E+09 0.0342 4030.22
3.98E+09 0.0322 4028.35
4.00E+09 0.0342 4026.35
4.03E+09 0.0336 4023.9
4.05E+09 0.0326 4021.88
4.07E+09 0.0303 4019.83
4.10E+09 0.0333 4017.85
4.12E+09 0.0324 4016.16
4.14E+09 0.0335 4014.27
4.16E+09 0.0336 4012.24
4.18E+09 0.0337 4009.91
4.21E+09 0.0297 4007.6
4.24E+09 0.0277 4005.51
4.26E+09 0.0287 4003.76
4.28E+09 0.0281 4002.12
4.30E+09 0.0301 4000.13
4.33E+09 0.0320 3997.69
4.36E+09 0.0295 3995.36
4.39E+09 0.0287 3993.25
4.41E+09 0.0279 3991.37
4.43E+09 0.0278 3989.76
4.46E+09 0.0290 3987.65
4.49E+09 0.0288 3985.28
4.52E+09 0.0300 3982.94
4.54E+09 0.0286 3981.05
4.56E+09 0.0260 3979.22
4.59E+09 0.0266 3977.4
4.61E+09 0.0253 3975.62
4.64E+09 0.0240 3973.98
4.67E+09 0.0270 3971.91
4.70E+09 0.0262 3969.63
4.73E+09 0.0254 3967.47
4.76E+09 0.0243 3965.58
4.78E+09 0.0264 3963.93
4.80E+09 0.0244 3962.24
4.84E+09 0.0250 3960.11
4.87E+09 0.0258 3957.77
4.90E+09 0.0256 3955.75
4.93E+09 0.0223 3953.82
4.96E+09 0.0231 3951.9
4.99E+09 0.0247 3949.81
