0.00E+00 -0.8218 5998.13
1.49E+08 0.2721 5869.84
1.99E+08 0.2522 5821.12
2.42E+08 0.2428 5781.09
2.77E+08 0.2273 5749.27
3.04E+08 0.2240 5725.52
3.32E+08 0.2187 5701.5
3.57E+08 0.2104 5680.82
3.81E+08 0.2058 5661.19
4.02E+08 0.2021 5644.61
4.26E+08 0.1930 5626.62
4.46E+08 0.1963 5611.34
4.68E+08 0.1868 5594.64
4.86E+08 0.1861 5581.52
5.02E+08 0.1843 5570.03
5.19E+08 0.1810 5557.74
5.35E+08 0.1799 5546.58
5.52E+08 0.1799 5534.66
5.66E+08 0.1830 5524.77
5.77E+08 0.1913 5516.81
5.80E+08 0.2137 5515.02
5.83E+08 0.2396 5512.4
5.86E+08 0.2958 5508.76
5.93E+08 0.3028 5499.96
6.16E+08 0.2941 5473.79
6.45E+08 0.2957 5440.55
6.69E+08 0.2973 5413.48
6.87E+08 0.3136 5392.09
7.20E+08 0.2643 5356.08
7.60E+08 0.2405 5316.58
8.05E+08 0.2246 5276.29
8.54E+08 0.2092 5235.28
9.11E+08 0.2033 5190.28
9.60E+08 0.2331 5149.09
1.00E+09 0.2432 5108.3
1.04E+09 0.2244 5074.08
1.10E+09 0.2358 5017.95
1.16E+09 0.2223 4960.96
1.23E+09 0.2170 4905.22
1.26E+09 0.1930 4881.2
1.27E+09 0.1771 4869.32
1.29E+09 0.1823 4857.84
1.31E+09 0.1735 4842.94
1.33E+09 0.1730 4830.99
1.35E+09 0.1610 4818.02
1.37E+09 0.1752 4806.97
1.39E+09 0.1559 4794.2
1.40E+09 0.1538 4783.55
1.42E+09 0.1479 4775.79
1.43E+09 0.1578 4765.32
1.45E+09 0.1589 4756.21
1.47E+09 0.1513 4744.8
1.49E+09 0.1460 4733.51
1.51E+09 0.1535 4722.51
1.53E+09 0.1456 4711.65
1.54E+09 0.1546 4702.57
1.56E+09 0.1445 4692.29
1.58E+09 0.1466 4682.4
1.59E+09 0.1400 4673.02
1.61E+09 0.1437 4661.84
1.63E+09 0.1313 4651.5
1.65E+09 0.1392 4641.72
1.67E+09 0.1318 4631.48
1.69E+09 0.1264 4622.2
1.71E+09 0.1280 4612.78
1.73E+09 0.1328 4601.57
1.76E+09 0.1262 4588.94
1.78E+09 0.1172 4579.17
1.80E+09 0.1196 4569.33
1.82E+09 0.1172 4560.64
1.83E+09 0.1198 4552.71
1.85E+09 0.1101 4543.61
1.88E+09 0.1157 4534.88
1.89E+09 0.1106 4526
1.92E+09 0.1079 4516.59
1.94E+09 0.1054 4506.62
1.96E+09 0.1089 4499.52
1.98E+09 0.1036 4490.91
2.00E+09 0.1044 4482.51
2.02E+09 0.0967 4474.48
2.04E+09 0.0981 4466.94
2.07E+09 0.0963 4457.35
2.09E+09 0.0930 4447.7
2.11E+09 0.0991 4440.63
2.13E+09 0.0879 4433.13
2.16E+09 0.0942 4424.39
2.18E+09 0.0862 4415.87
2.21E+09 0.0881 4407.74
2.23E+09 0.0871 4398.19
2.26E+09 0.0790 4389.93
2.28E+09 0.0839 4383.24
2.31E+09 0.0757 4374.93
2.33E+09 0.0825 4368.4
2.36E+09 0.0724 4360.64
2.38E+09 0.0717 4353.14
2.41E+09 0.0794 4345.34
2.43E+09 0.0697 4338.27
2.46E+09 0.0696 4331.4
2.49E+09 0.0719 4323.45
2.52E+09 0.0626 4315.65
2.55E+09 0.0659 4308.93
2.57E+09 0.0671 4302.98
2.60E+09 0.0615 4295.6
2.63E+09 0.0622 4288.04
2.66E+09 0.0607 4280.26
2.69E+09 0.0594 4274.5
2.71E+09 0.0625 4268.52
2.74E+09 0.0572 4261.99
2.78E+09 0.0539 4254.11
2.81E+09 0.0534 4247.08
2.84E+09 0.0530 4241.14
2.87E+09 0.0551 4235.66
2.90E+09 0.0500 4229.59
2.94E+09 0.0493 4221.76
2.97E+09 0.0465 4214.85
3.01E+09 0.0464 4208.59
3.04E+09 0.0435 4202.5
3.07E+09 0.0423 4197.19
3.11E+09 0.0446 4191.49
3.14E+09 0.0410 4185.49
3.18E+09 0.0386 4179.1
3.22E+09 0.0397 4173.06
3.26E+09 0.0385 4167.3
3.30E+09 0.0363 4161.76
3.34E+09 0.0389 4156.37
3.37E+09 0.0346 4151.65
3.41E+09 0.0328 4146
3.45E+09 0.0327 4140.83
3.49E+09 0.0332 4135.94
3.53E+09 0.0334 4131
3.57E+09 0.0294 4126.07
3.61E+09 0.0314 4121.1
3.65E+09 0.0273 4116.22
3.69E+09 0.0291 4112.3
3.73E+09 0.0284 4107.71
3.78E+09 0.0235 4103.3
3.81E+09 0.0288 4099.49
3.86E+09 0.0266 4095.28
3.90E+09 0.0256 4090.85
3.94E+09 0.0238 4086.7
3.98E+09 0.0250 4082.87
4.02E+09 0.0233 4079.19
4.06E+09 0.0230 4075.8
4.10E+09 0.0217 4072.22
4.14E+09 0.0210 4068.58
4.19E+09 0.0208 4065.21
4.22E+09 0.0224 4062.3
4.26E+09 0.0210 4059.36
4.30E+09 0.0208 4056.09
4.34E+09 0.0200 4052.76
4.38E+09 0.0181 4049.72
4.42E+09 0.0185 4046.67
4.47E+09 0.0187 4043.43
4.52E+09 0.0191 4039.86
4.56E+09 0.0177 4036.47
4.61E+09 0.0162 4033.46
4.65E+09 0.0175 4030.45
4.70E+09 0.0156 4027.81
4.74E+09 0.0154 4025.19
4.78E+09 0.0169 4022.83
4.81E+09 0.0176 4020.4
4.86E+09 0.0144 4017.48
4.90E+09 0.0143 4015.05
4.95E+09 0.0137 4012.58
5.00E+09 0.0144 4009.89
