0.00E+00 -0.5484 5097.68
2.56E+07 0.3023 5088.87
3.21E+07 0.3553 5084.33
3.59E+07 0.3944 5081.29
3.99E+07 0.4238 5077.82
4.61E+07 0.4412 5072.06
5.21E+07 0.4250 5066.45
6.07E+07 0.4126 5058.81
7.31E+07 0.3891 5048.07
8.86E+07 0.3632 5035.74
1.02E+08 0.3543 5025.3
1.15E+08 0.3482 5015.93
1.27E+08 0.3644 5007.08
1.36E+08 0.3926 4999.75
1.46E+08 0.4054 4990.58
1.59E+08 0.4012 4979.79
1.69E+08 0.3937 4970.82
1.77E+08 0.3862 4964.21
1.86E+08 0.3810 4957.4
1.92E+08 0.3759 4952.38
1.97E+08 0.3714 4948.16
2.02E+08 0.3701 4944.43
2.07E+08 0.3636 4940.2
2.14E+08 0.3651 4935.31
2.21E+08 0.3602 4929.81
2.28E+08 0.3547 4924.56
2.33E+08 0.3515 4920.26
2.38E+08 0.3477 4916.93
2.42E+08 0.3449 4913.72
2.47E+08 0.3422 4910.01
2.52E+08 0.3401 4906.61
2.57E+08 0.3382 4903.07
2.61E+08 0.3346 4899.79
2.66E+08 0.3324 4896.19
2.71E+08 0.3291 4892.7
2.76E+08 0.3267 4889.75
2.80E+08 0.3241 4886.69
2.85E+08 0.3204 4883.52
2.89E+08 0.3184 4880.39
2.94E+08 0.3134 4877.45
2.97E+08 0.3127 4874.79
3.02E+08 0.3104 4872.03
3.07E+08 0.3091 4868.8
3.10E+08 0.3040 4866.2
3.14E+08 0.3052 4863.78
3.18E+08 0.3016 4861.22
3.23E+08 0.2997 4858.26
3.27E+08 0.2972 4855.41
3.31E+08 0.2953 4852.74
3.36E+08 0.2942 4849.93
3.40E+08 0.2922 4847.26
3.45E+08 0.2910 4844.4
3.50E+08 0.2852 4841.43
3.53E+08 0.2855 4839.22
3.57E+08 0.2837 4836.83
3.61E+08 0.2821 4834.29
3.66E+08 0.2794 4831.35
3.71E+08 0.2770 4828.81
3.75E+08 0.2770 4825.97
3.80E+08 0.2746 4823.52
3.84E+08 0.2715 4821.1
3.88E+08 0.2715 4818.67
3.93E+08 0.2673 4815.79
3.99E+08 0.2657 4812.57
4.03E+08 0.2632 4809.92
4.09E+08 0.2615 4806.64
4.15E+08 0.2576 4803.61
4.20E+08 0.2552 4800.57
4.25E+08 0.2540 4797.92
4.29E+08 0.2525 4795.91
4.33E+08 0.2518 4793.35
4.37E+08 0.2483 4791.24
4.41E+08 0.2500 4789.61
4.44E+08 0.2482 4787.91
4.47E+08 0.2460 4786.01
4.51E+08 0.2469 4784.2
4.54E+08 0.2443 4782.25
4.58E+08 0.2436 4780.62
4.61E+08 0.2419 4778.98
4.64E+08 0.2388 4777.23
4.67E+08 0.2394 4775.7
4.70E+08 0.2407 4774.1
4.73E+08 0.2401 4772.57
4.76E+08 0.2365 4771.01
4.80E+08 0.2373 4769.39
4.83E+08 0.2360 4767.83
4.86E+08 0.2347 4766.36
4.89E+08 0.2360 4764.86
4.91E+08 0.2343 4763.43
4.94E+08 0.2327 4761.99
4.97E+08 0.2345 4760.69
5.00E+08 0.2328 4759.16
5.03E+08 0.2340 4757.59
5.07E+08 0.2316 4755.88
5.10E+08 0.2319 4754.3
5.13E+08 0.2309 4752.69
5.16E+08 0.2308 4751.17
5.20E+08 0.2307 4749.49
5.23E+08 0.2308 4747.79
5.27E+08 0.2286 4745.88
5.30E+08 0.2291 4744.29
5.34E+08 0.2289 4742.37
5.38E+08 0.2292 4740.52
5.42E+08 0.2286 4738.65
5.45E+08 0.2268 4736.83
5.49E+08 0.2282 4735.06
5.53E+08 0.2284 4733.1
5.57E+08 0.2270 4731.14
5.61E+08 0.2265 4729.48
5.64E+08 0.2276 4727.74
5.68E+08 0.2266 4726.06
5.71E+08 0.2274 4724.54
5.74E+08 0.2261 4722.95
5.77E+08 0.2263 4721.4
5.81E+08 0.2251 4719.67
5.84E+08 0.2254 4718.28
5.86E+08 0.2243 4717.04
5.89E+08 0.2245 4715.73
5.92E+08 0.2253 4714.3
5.95E+08 0.2246 4712.86
5.98E+08 0.2231 4711.33
6.01E+08 0.2228 4709.83
6.04E+08 0.2220 4708.49
6.07E+08 0.2202 4707.18
6.10E+08 0.2211 4705.9
6.13E+08 0.2221 4704.47
6.16E+08 0.2214 4703.06
6.19E+08 0.2201 4701.57
6.22E+08 0.2191 4700.05
6.25E+08 0.2202 4698.73
6.28E+08 0.2188 4697.15
6.31E+08 0.2180 4695.77
6.34E+08 0.2167 4694.4
6.37E+08 0.2184 4692.98
6.41E+08 0.2194 4691.42
6.44E+08 0.2169 4689.92
6.47E+08 0.2167 4688.52
6.50E+08 0.2166 4687.13
6.53E+08 0.2162 4685.64
6.56E+08 0.2149 4684.23
6.60E+08 0.2161 4682.62
6.63E+08 0.2168 4680.83
6.67E+08 0.2165 4679.21
6.70E+08 0.2170 4677.61
6.74E+08 0.2164 4675.98
6.78E+08 0.2160 4674.24
6.81E+08 0.2164 4672.6
6.85E+08 0.2158 4670.83
6.89E+08 0.2163 4669.11
6.92E+08 0.2150 4667.62
6.96E+08 0.2139 4665.87
7.00E+08 0.2152 4664.16
7.03E+08 0.2141 4662.41
7.07E+08 0.2131 4660.95
7.10E+08 0.2136 4659.43
7.14E+08 0.2138 4657.69
7.18E+08 0.2138 4655.88
7.22E+08 0.2129 4653.89
7.27E+08 0.2134 4651.86
7.32E+08 0.2130 4649.52
7.36E+08 0.2123 4647.38
7.41E+08 0.2152 4645.39
7.45E+08 0.2141 4643.28
7.49E+08 0.2122 4641.5
7.53E+08 0.2118 4639.87
7.57E+08 0.2130 4638.08
7.61E+08 0.2128 4636.06
7.66E+08 0.2141 4633.95
7.71E+08 0.2130 4631.76
7.75E+08 0.2136 4629.59
7.81E+08 0.2140 4627.25
7.85E+08 0.2139 4625.03
7.91E+08 0.2126 4622.65
7.95E+08 0.2123 4620.63
7.99E+08 0.2116 4618.71
8.03E+08 0.2111 4616.91
8.08E+08 0.2113 4614.94
8.12E+08 0.2110 4613
8.17E+08 0.2104 4610.96
8.21E+08 0.2103 4608.91
8.26E+08 0.2098 4606.65
8.31E+08 0.2104 4604.42
8.36E+08 0.2100 4602.36
8.40E+08 0.2091 4600.47
8.44E+08 0.2087 4598.87
8.48E+08 0.2095 4596.91
8.52E+08 0.2095 4595.16
8.57E+08 0.2080 4593.06
8.61E+08 0.2085 4591.17
8.66E+08 0.2082 4588.89
8.71E+08 0.2085 4586.71
8.77E+08 0.2078 4584.13
8.82E+08 0.2074 4581.64
8.87E+08 0.2072 4579.61
8.92E+08 0.2066 4577.45
8.97E+08 0.2059 4575.33
9.01E+08 0.2036 4573.55
9.04E+08 0.2044 4571.92
9.08E+08 0.2059 4570.16
9.13E+08 0.2048 4568.37
9.17E+08 0.2043 4566.43
9.21E+08 0.2036 4564.64
9.26E+08 0.2041 4562.61
9.30E+08 0.2030 4560.55
9.35E+08 0.2030 4558.48
9.40E+08 0.2022 4556.49
9.45E+08 0.2035 4554.3
9.50E+08 0.2014 4552.15
9.54E+08 0.2018 4550.32
9.59E+08 0.2019 4548.4
9.63E+08 0.2007 4546.42
9.68E+08 0.1996 4544.36
9.73E+08 0.1999 4542.17
9.78E+08 0.2009 4539.97
9.83E+08 0.2002 4537.87
9.88E+08 0.1993 4535.64
9.93E+08 0.1987 4533.59
9.98E+08 0.1994 4531.41
1.00E+09 0.1987 4528.9
1.01E+09 0.1964 4526.7
1.01E+09 0.1968 4524.66
1.02E+09 0.1969 4522.11
1.03E+09 0.1966 4519.84
1.03E+09 0.1956 4517.48
1.04E+09 0.1957 4514.98
1.04E+09 0.1960 4512.56
1.05E+09 0.1951 4510.22
1.05E+09 0.1950 4507.8
1.06E+09 0.1950 4505.64
1.07E+09 0.1952 4503.5
1.07E+09 0.1944 4501.15
1.08E+09 0.1934 4498.68
1.08E+09 0.1930 4496.51
1.09E+09 0.1917 4494.28
1.09E+09 0.1915 4492.46
1.10E+09 0.1898 4490.75
1.10E+09 0.1906 4488.78
1.11E+09 0.1906 4486.82
1.11E+09 0.1905 4484.46
1.12E+09 0.1890 4482.12
1.12E+09 0.1888 4479.96
1.13E+09 0.1893 4477.95
1.13E+09 0.1886 4476.03
1.14E+09 0.1889 4473.75
1.14E+09 0.1880 4471.71
1.15E+09 0.1868 4470.01
1.15E+09 0.1874 4467.97
1.16E+09 0.1876 4465.99
1.16E+09 0.1872 4464.34
1.17E+09 0.1850 4462.33
1.17E+09 0.1868 4460.55
1.18E+09 0.1861 4458.57
1.18E+09 0.1848 4456.53
1.19E+09 0.1848 4454.75
1.19E+09 0.1837 4452.64
1.20E+09 0.1840 4450.54
1.20E+09 0.1839 4448.57
1.21E+09 0.1841 4446.36
1.21E+09 0.1830 4444.11
1.22E+09 0.1823 4441.79
1.22E+09 0.1829 4439.49
1.23E+09 0.1823 4437.27
1.24E+09 0.1820 4434.98
1.24E+09 0.1794 4432.61
1.25E+09 0.1806 4430.33
1.25E+09 0.1797 4428.01
1.26E+09 0.1805 4425.89
1.27E+09 0.1804 4423.78
1.27E+09 0.1789 4421.42
1.28E+09 0.1796 4419.03
1.28E+09 0.1790 4416.72
1.29E+09 0.1796 4414.42
1.30E+09 0.1774 4412.22
1.30E+09 0.1772 4410.34
1.31E+09 0.1769 4408.36
1.31E+09 0.1764 4406.42
1.32E+09 0.1772 4404.63
1.32E+09 0.1757 4402.56
1.33E+09 0.1746 4400.54
1.33E+09 0.1755 4398.63
1.34E+09 0.1736 4396.71
1.34E+09 0.1746 4395.22
1.35E+09 0.1741 4393.4
1.35E+09 0.1738 4391.73
1.36E+09 0.1728 4389.79
1.36E+09 0.1724 4388.13
1.36E+09 0.1718 4386.72
1.37E+09 0.1715 4384.71
1.37E+09 0.1714 4382.7
1.38E+09 0.1713 4380.85
1.39E+09 0.1706 4378.71
1.39E+09 0.1712 4376.81
1.40E+09 0.1702 4374.9
1.40E+09 0.1695 4373.36
1.40E+09 0.1692 4371.82
1.41E+09 0.1674 4370.25
1.41E+09 0.1692 4368.76
1.42E+09 0.1691 4367.13
1.42E+09 0.1683 4365.34
1.43E+09 0.1692 4363.51
1.43E+09 0.1689 4361.8
1.44E+09 0.1686 4359.88
1.44E+09 0.1683 4357.91
1.45E+09 0.1680 4356.06
1.45E+09 0.1667 4354.2
1.46E+09 0.1666 4352.66
1.46E+09 0.1660 4351.05
1.47E+09 0.1670 4349.4
1.47E+09 0.1660 4347.53
1.48E+09 0.1661 4345.3
1.49E+09 0.1653 4343.09
1.49E+09 0.1644 4341.11
1.50E+09 0.1641 4339.42
1.50E+09 0.1639 4337.84
1.51E+09 0.1646 4336.06
1.51E+09 0.1632 4334.46
1.51E+09 0.1629 4332.83
1.52E+09 0.1645 4331.16
1.52E+09 0.1625 4329.27
1.53E+09 0.1633 4327.06
1.54E+09 0.1619 4324.71
1.54E+09 0.1612 4322.29
1.55E+09 0.1608 4320.41
1.56E+09 0.1612 4318.35
1.56E+09 0.1608 4316.42
1.57E+09 0.1599 4314.25
1.57E+09 0.1602 4312.3
1.58E+09 0.1590 4310.44
1.59E+09 0.1600 4308.38
1.59E+09 0.1599 4306.03
1.60E+09 0.1595 4303.79
1.61E+09 0.1582 4301.36
1.61E+09 0.1572 4299.27
1.62E+09 0.1574 4297.35
1.62E+09 0.1568 4295.23
1.63E+09 0.1566 4293.37
1.64E+09 0.1568 4291.48
1.64E+09 0.1569 4289.36
1.65E+09 0.1561 4287.21
1.65E+09 0.1548 4285.32
1.66E+09 0.1549 4283.81
1.66E+09 0.1547 4282.14
1.67E+09 0.1538 4280.61
1.67E+09 0.1537 4278.89
1.68E+09 0.1544 4276.93
1.69E+09 0.1543 4274.68
1.69E+09 0.1534 4272.67
1.70E+09 0.1526 4270.45
1.71E+09 0.1517 4268.5
1.71E+09 0.1528 4266.34
1.72E+09 0.1518 4264.17
1.72E+09 0.1514 4262.6
1.73E+09 0.1516 4260.47
1.74E+09 0.1519 4258.1
1.74E+09 0.1514 4255.94
1.75E+09 0.1509 4253.95
1.76E+09 0.1498 4252.04
1.76E+09 0.1504 4250.2
1.77E+09 0.1493 4248.25
1.77E+09 0.1490 4246.32
1.78E+09 0.1482 4244.2
1.79E+09 0.1486 4242.4
1.79E+09 0.1476 4240.29
1.80E+09 0.1480 4238.07
1.81E+09 0.1470 4235.84
1.81E+09 0.1468 4233.98
1.82E+09 0.1454 4232.57
1.82E+09 0.1462 4230.84
1.83E+09 0.1462 4229.19
1.83E+09 0.1457 4227.54
1.84E+09 0.1460 4225.65
1.85E+09 0.1454 4223.6
1.85E+09 0.1452 4221.45
1.86E+09 0.1438 4219.03
1.87E+09 0.1443 4217.38
1.87E+09 0.1442 4215.52
1.88E+09 0.1423 4213.74
1.88E+09 0.1431 4212.23
1.89E+09 0.1416 4210.5
1.90E+09 0.1426 4208.61
1.90E+09 0.1419 4206.68
1.91E+09 0.1418 4204.85
1.91E+09 0.1408 4202.7
1.92E+09 0.1401 4200.49
1.93E+09 0.1403 4198.82
1.93E+09 0.1395 4197.03
1.94E+09 0.1389 4195.4
1.94E+09 0.1388 4193.91
1.95E+09 0.1394 4192.12
1.96E+09 0.1396 4190.05
1.96E+09 0.1385 4188.13
1.97E+09 0.1373 4186.38
1.98E+09 0.1390 4184.63
1.98E+09 0.1374 4182.5
1.99E+09 0.1368 4180.83
2.00E+09 0.1371 4178.89
2.00E+09 0.1360 4177.18
2.01E+09 0.1368 4175.14
2.01E+09 0.1366 4173.21
2.02E+09 0.1355 4171.51
2.03E+09 0.1356 4169.79
2.03E+09 0.1354 4167.69
2.04E+09 0.1356 4165.65
2.05E+09 0.1345 4163.75
2.05E+09 0.1337 4161.86
2.06E+09 0.1341 4159.99
2.07E+09 0.1332 4158.05
2.07E+09 0.1327 4156.09
2.08E+09 0.1326 4154.27
2.09E+09 0.1338 4152.32
2.09E+09 0.1320 4150.19
2.10E+09 0.1315 4148.2
2.11E+09 0.1319 4146.26
2.12E+09 0.1320 4144.5
2.12E+09 0.1322 4142.75
2.13E+09 0.1305 4141.3
2.13E+09 0.1307 4139.91
2.14E+09 0.1309 4138.42
2.14E+09 0.1307 4136.82
2.15E+09 0.1292 4135.07
2.15E+09 0.1286 4133.51
2.16E+09 0.1283 4131.83
2.17E+09 0.1290 4130.21
2.17E+09 0.1288 4128.61
2.18E+09 0.1286 4126.83
2.18E+09 0.1282 4125.27
2.19E+09 0.1282 4123.51
2.20E+09 0.1273 4121.8
2.20E+09 0.1270 4119.97
2.21E+09 0.1259 4118.23
2.22E+09 0.1273 4116.39
2.23E+09 0.1261 4114.09
2.23E+09 0.1264 4111.77
2.24E+09 0.1249 4109.57
2.25E+09 0.1248 4107.56
2.26E+09 0.1248 4105.61
2.27E+09 0.1249 4103.45
2.27E+09 0.1241 4101.24
2.28E+09 0.1237 4099.4
2.29E+09 0.1240 4097.58
2.30E+09 0.1238 4095.43
2.30E+09 0.1234 4093.2
2.31E+09 0.1229 4091.06
2.32E+09 0.1233 4089.03
2.33E+09 0.1221 4087.07
2.33E+09 0.1225 4085.29
2.34E+09 0.1220 4083.54
2.35E+09 0.1206 4081.72
2.36E+09 0.1209 4079.74
2.36E+09 0.1198 4077.93
2.37E+09 0.1195 4076.26
2.38E+09 0.1199 4074.08
2.39E+09 0.1196 4072.18
2.39E+09 0.1193 4069.99
2.40E+09 0.1192 4067.95
2.41E+09 0.1186 4065.82
2.42E+09 0.1181 4063.79
2.43E+09 0.1177 4061.74
2.44E+09 0.1174 4059.65
2.44E+09 0.1168 4057.66
2.45E+09 0.1170 4055.58
2.46E+09 0.1160 4053.52
2.47E+09 0.1157 4051.7
2.48E+09 0.1153 4049.74
2.48E+09 0.1157 4047.93
2.49E+09 0.1156 4046.17
2.50E+09 0.1150 4043.94
2.51E+09 0.1141 4041.85
2.52E+09 0.1131 4039.96
2.52E+09 0.1129 4038.1
2.53E+09 0.1130 4035.99
2.54E+09 0.1134 4033.81
2.55E+09 0.1121 4031.64
2.56E+09 0.1116 4029.83
2.56E+09 0.1111 4027.96
2.57E+09 0.1118 4025.88
2.58E+09 0.1117 4023.83
2.59E+09 0.1102 4021.63
2.60E+09 0.1102 4019.69
2.61E+09 0.1096 4017.87
2.62E+09 0.1083 4015.78
2.62E+09 0.1092 4013.98
2.63E+09 0.1088 4011.99
2.64E+09 0.1083 4010.03
2.65E+09 0.1074 4008.1
2.66E+09 0.1083 4006.03
2.67E+09 0.1078 4004.21
2.67E+09 0.1076 4002.44
2.68E+09 0.1069 4000.45
2.69E+09 0.1060 3998.36
2.70E+09 0.1060 3996.39
2.71E+09 0.1061 3994.41
2.72E+09 0.1058 3992.3
2.73E+09 0.1050 3990.22
2.74E+09 0.1048 3988.35
2.74E+09 0.1050 3986.46
2.75E+09 0.1044 3984.32
2.76E+09 0.1028 3982.26
2.77E+09 0.1041 3980.53
2.78E+09 0.1037 3978.61
2.79E+09 0.1026 3976.51
2.80E+09 0.1034 3974.36
2.81E+09 0.1023 3972.15
2.82E+09 0.1024 3970.15
2.83E+09 0.1017 3968.16
2.84E+09 0.1019 3966.2
2.85E+09 0.1005 3964.03
2.86E+09 0.1012 3962.21
2.86E+09 0.1005 3960.2
2.87E+09 0.0997 3958.34
2.88E+09 0.1000 3956.43
2.89E+09 0.0984 3954.39
2.90E+09 0.0986 3952.29
2.91E+09 0.0973 3950.55
2.92E+09 0.0982 3948.63
2.93E+09 0.0980 3946.68
2.94E+09 0.0979 3944.78
2.95E+09 0.0974 3942.83
2.96E+09 0.0967 3941.11
2.97E+09 0.0975 3938.97
2.98E+09 0.0965 3937.03
2.98E+09 0.0959 3935.33
2.99E+09 0.0962 3933.55
3.00E+09 0.0956 3931.85
3.01E+09 0.0961 3930.2
3.02E+09 0.0950 3928.26
3.03E+09 0.0953 3926.59
3.04E+09 0.0945 3924.49
3.05E+09 0.0937 3922.39
3.06E+09 0.0936 3920.56
3.07E+09 0.0939 3918.71
3.07E+09 0.0934 3916.92
3.08E+09 0.0928 3915.09
3.09E+09 0.0925 3913.04
3.10E+09 0.0917 3911
3.11E+09 0.0915 3909.13
3.12E+09 0.0916 3907.4
3.13E+09 0.0905 3905.52
3.14E+09 0.0911 3903.54
3.15E+09 0.0912 3901.55
3.16E+09 0.0902 3899.48
3.17E+09 0.0906 3897.37
3.18E+09 0.0899 3895.6
3.19E+09 0.0897 3893.84
3.20E+09 0.0891 3892.06
3.21E+09 0.0889 3890.42
3.22E+09 0.0878 3888.54
3.23E+09 0.0882 3886.66
3.24E+09 0.0880 3884.96
3.25E+09 0.0876 3882.75
3.26E+09 0.0864 3881.06
3.27E+09 0.0875 3879.44
3.28E+09 0.0869 3877.66
3.29E+09 0.0869 3875.9
3.30E+09 0.0862 3873.77
3.31E+09 0.0852 3871.77
3.32E+09 0.0859 3869.93
3.33E+09 0.0854 3868.18
3.34E+09 0.0845 3866.16
3.35E+09 0.0843 3864.33
3.36E+09 0.0857 3862.56
3.37E+09 0.0846 3860.67
3.38E+09 0.0841 3858.59
3.39E+09 0.0841 3856.72
3.40E+09 0.0827 3854.96
3.41E+09 0.0835 3853.24
3.42E+09 0.0825 3851.47
3.44E+09 0.0826 3849.48
3.45E+09 0.0819 3847.4
3.46E+09 0.0814 3845.28
3.47E+09 0.0813 3843.45
3.48E+09 0.0811 3841.79
3.49E+09 0.0810 3840
3.50E+09 0.0806 3837.81
3.51E+09 0.0812 3836.01
3.52E+09 0.0804 3833.91
3.54E+09 0.0797 3831.93
3.55E+09 0.0798 3830.17
3.56E+09 0.0793 3828.3
3.57E+09 0.0794 3826.34
3.58E+09 0.0789 3824.51
3.59E+09 0.0785 3822.7
3.60E+09 0.0779 3820.73
3.61E+09 0.0770 3818.91
3.62E+09 0.0780 3817.28
3.63E+09 0.0775 3815.58
3.64E+09 0.0770 3813.85
3.65E+09 0.0769 3812.21
3.66E+09 0.0764 3810.56
3.67E+09 0.0762 3808.89
3.69E+09 0.0762 3807.16
3.70E+09 0.0760 3805.45
3.71E+09 0.0758 3803.82
3.72E+09 0.0752 3802.14
3.73E+09 0.0752 3800.27
3.74E+09 0.0751 3798.44
3.75E+09 0.0739 3796.43
3.76E+09 0.0739 3794.58
3.77E+09 0.0744 3792.85
3.79E+09 0.0732 3791.24
3.80E+09 0.0726 3789.49
3.81E+09 0.0727 3788.06
3.81E+09 0.0727 3786.59
3.83E+09 0.0728 3784.95
3.84E+09 0.0724 3783.19
3.85E+09 0.0720 3781.37
3.86E+09 0.0719 3779.45
3.87E+09 0.0711 3777.58
3.89E+09 0.0714 3775.6
3.90E+09 0.0705 3773.86
3.91E+09 0.0704 3771.93
3.92E+09 0.0703 3770.25
3.93E+09 0.0708 3768.6
3.95E+09 0.0701 3766.75
3.96E+09 0.0697 3765.18
3.97E+09 0.0696 3763.3
3.98E+09 0.0695 3761.52
3.99E+09 0.0690 3759.66
4.00E+09 0.0677 3758.02
4.02E+09 0.0685 3756.23
4.03E+09 0.0684 3754.35
4.04E+09 0.0680 3752.49
4.05E+09 0.0677 3750.8
4.07E+09 0.0680 3748.84
4.08E+09 0.0668 3746.83
4.09E+09 0.0665 3745.05
4.11E+09 0.0660 3743.31
4.12E+09 0.0656 3741.75
4.13E+09 0.0661 3740.19
4.14E+09 0.0654 3738.67
4.15E+09 0.0649 3736.92
4.16E+09 0.0650 3735.43
4.17E+09 0.0647 3733.74
4.19E+09 0.0652 3732.11
4.20E+09 0.0642 3730.58
4.21E+09 0.0637 3729.04
4.22E+09 0.0640 3727.49
4.23E+09 0.0640 3725.92
4.24E+09 0.0642 3724.11
4.26E+09 0.0637 3722.4
4.27E+09 0.0635 3720.63
4.28E+09 0.0632 3718.96
4.30E+09 0.0633 3717.06
4.31E+09 0.0628 3715.12
4.32E+09 0.0623 3713.44
4.34E+09 0.0620 3711.73
4.35E+09 0.0615 3710.02
4.36E+09 0.0612 3708.23
4.38E+09 0.0607 3706.52
4.39E+09 0.0608 3704.78
4.40E+09 0.0609 3702.87
4.42E+09 0.0606 3701.02
4.43E+09 0.0596 3699.55
4.44E+09 0.0598 3697.97
4.46E+09 0.0598 3696.22
4.47E+09 0.0593 3694.59
4.48E+09 0.0587 3692.9
4.50E+09 0.0589 3691.2
4.51E+09 0.0590 3689.67
4.52E+09 0.0585 3688.03
4.54E+09 0.0587 3686.1
4.55E+09 0.0578 3684.4
4.56E+09 0.0575 3682.81
4.58E+09 0.0567 3681.35
4.59E+09 0.0569 3679.99
4.60E+09 0.0570 3678.26
4.61E+09 0.0561 3676.62
4.63E+09 0.0561 3675.18
4.64E+09 0.0560 3673.71
4.65E+09 0.0563 3672.23
4.67E+09 0.0562 3670.39
4.68E+09 0.0558 3668.43
4.70E+09 0.0554 3666.54
4.71E+09 0.0546 3664.98
4.73E+09 0.0543 3663.16
4.74E+09 0.0549 3661.57
4.76E+09 0.0541 3659.95
4.77E+09 0.0538 3658.29
4.78E+09 0.0539 3656.67
4.80E+09 0.0536 3655.06
4.81E+09 0.0536 3653.31
4.83E+09 0.0534 3651.73
4.84E+09 0.0528 3650.28
4.85E+09 0.0530 3648.76
4.87E+09 0.0524 3647.11
4.88E+09 0.0516 3645.47
4.90E+09 0.0520 3643.96
4.91E+09 0.0515 3642.39
4.92E+09 0.0517 3640.93
4.94E+09 0.0514 3639.22
4.96E+09 0.0510 3637.43
4.97E+09 0.0504 3635.84
4.99E+09 0.0503 3634.24
5.00E+09 0.0504 3632.81
