0.00E+00 -0.7927 5911.16
3.00E+08 0.1625 5546.35
4.11E+08 0.1316 5423.89
5.01E+08 0.1251 5334.95
5.88E+08 0.1160 5255.79
6.80E+08 0.1053 5177.92
7.82E+08 0.0982 5098.39
9.00E+08 0.0879 5014.69
1.03E+09 0.0772 4930.57
1.12E+09 0.0758 4881.76
1.15E+09 0.1551 4860.02
1.16E+09 0.1437 4841.4
1.22E+09 0.0908 4789.98
1.44E+09 0.0767 4662.29
1.61E+09 0.0624 4563.51
1.78E+09 0.0488 4492.61
1.92E+09 0.0523 4442.09
2.07E+09 0.0492 4383.16
2.20E+09 0.0393 4337.16
2.33E+09 0.0319 4301.18
2.45E+09 0.0267 4275.82
2.52E+09 0.0262 4260.71
2.59E+09 0.0274 4247.3
2.64E+09 0.0239 4237.97
2.68E+09 0.0210 4229.84
2.73E+09 0.0213 4222.22
2.78E+09 0.0273 4213.22
2.82E+09 0.0268 4204.42
2.87E+09 0.0241 4195.9
2.92E+09 0.0210 4186.3
2.98E+09 0.0190 4177.57
3.03E+09 0.0194 4169.55
3.08E+09 0.0199 4162.2
3.14E+09 0.0171 4154.46
3.19E+09 0.0173 4147.43
3.25E+09 0.0186 4139.27
3.30E+09 0.0168 4131.88
3.37E+09 0.0144 4124.4
3.43E+09 0.0146 4117.58
3.49E+09 0.0140 4111.11
3.55E+09 0.0132 4104.87
3.61E+09 0.0142 4098.57
3.67E+09 0.0130 4092.42
3.73E+09 0.0116 4086.71
3.79E+09 0.0113 4081.25
3.86E+09 0.0106 4075.91
3.92E+09 0.0105 4070.62
3.99E+09 0.0106 4065.19
4.06E+09 0.0091 4060.14
4.13E+09 0.0087 4055.44
4.19E+09 0.0093 4050.78
4.26E+09 0.0083 4046.02
4.33E+09 0.0078 4041.7
4.40E+09 0.0076 4037.58
4.47E+09 0.0078 4033.45
4.55E+09 0.0073 4029.14
4.63E+09 0.0065 4024.68
4.71E+09 0.0066 4020.71
4.79E+09 0.0062 4016.9
4.87E+09 0.0059 4013.18
4.95E+09 0.0057 4009.58
