0.00E+00 -0.6838 5631.74
2.12E+08 0.1847 5457.33
2.90E+08 0.1626 5389.5
3.48E+08 0.1563 5341.87
3.95E+08 0.1530 5304.97
4.39E+08 0.1483 5272.06
4.83E+08 0.1416 5240.83
5.19E+08 0.1386 5215.67
5.57E+08 0.1351 5189.73
5.96E+08 0.1302 5164.36
6.33E+08 0.1267 5140.94
6.64E+08 0.1284 5121.2
6.90E+08 0.1301 5104.72
7.03E+08 0.1625 5096.4
7.10E+08 0.2210 5089.12
7.28E+08 0.2130 5069.13
7.64E+08 0.1980 5032.29
8.16E+08 0.1891 4983.36
8.80E+08 0.1855 4924.21
9.28E+08 0.2056 4878.89
1.01E+09 0.1617 4809.97
1.12E+09 0.1364 4724.28
1.23E+09 0.1139 4658.11
1.33E+09 0.1309 4593.87
1.42E+09 0.1137 4538.68
1.51E+09 0.1273 4484.27
1.58E+09 0.1030 4439.35
1.60E+09 0.1032 4427.94
1.63E+09 0.0944 4414.14
1.66E+09 0.0896 4401.15
1.68E+09 0.0868 4390.56
1.71E+09 0.0891 4380.88
1.73E+09 0.0916 4370.44
1.75E+09 0.0775 4362.39
1.78E+09 0.0808 4352.21
1.79E+09 0.0855 4345.34
1.82E+09 0.0853 4333.14
1.84E+09 0.0884 4323.36
1.87E+09 0.0843 4312.48
1.90E+09 0.0766 4301.67
1.92E+09 0.0714 4292.87
1.95E+09 0.0755 4284.23
1.97E+09 0.0737 4276.58
1.99E+09 0.0731 4267.39
2.01E+09 0.0757 4259.92
2.04E+09 0.0707 4250.56
2.06E+09 0.0588 4242.09
2.10E+09 0.0571 4233.42
2.12E+09 0.0554 4227.23
2.14E+09 0.0691 4219.34
2.17E+09 0.0640 4210.05
2.20E+09 0.0603 4202.59
2.23E+09 0.0585 4193.05
2.26E+09 0.0570 4184.93
2.29E+09 0.0573 4176.49
2.32E+09 0.0581 4168.19
2.35E+09 0.0575 4160.08
2.38E+09 0.0511 4151.93
2.40E+09 0.0462 4145.07
2.43E+09 0.0463 4138.75
2.47E+09 0.0517 4129.41
2.50E+09 0.0495 4122.84
2.53E+09 0.0442 4114.2
2.56E+09 0.0436 4107.68
2.59E+09 0.0425 4100.9
2.63E+09 0.0426 4094.4
2.66E+09 0.0449 4086.51
2.70E+09 0.0402 4078.31
2.73E+09 0.0399 4071.38
2.78E+09 0.0384 4063.53
2.80E+09 0.0367 4058.52
2.84E+09 0.0349 4052.17
2.87E+09 0.0339 4046.2
2.91E+09 0.0321 4040.85
2.95E+09 0.0368 4033.04
3.00E+09 0.0332 4025.41
3.04E+09 0.0318 4018.8
3.07E+09 0.0296 4013.04
3.12E+09 0.0274 4006.29
3.16E+09 0.0264 4001.9
3.19E+09 0.0300 3996.98
3.24E+09 0.0288 3989.58
3.29E+09 0.0266 3982.83
3.34E+09 0.0255 3976.93
3.39E+09 0.0210 3970.83
3.43E+09 0.0243 3966.28
3.47E+09 0.0225 3961.86
3.53E+09 0.0221 3955.3
3.57E+09 0.0227 3950.52
3.62E+09 0.0224 3945.02
3.67E+09 0.0194 3939.89
3.72E+09 0.0200 3934.63
3.78E+09 0.0177 3929.37
3.84E+09 0.0181 3923.72
3.89E+09 0.0166 3920.25
3.95E+09 0.0173 3914.58
4.01E+09 0.0165 3909.52
4.06E+09 0.0154 3905.55
4.12E+09 0.0144 3900.82
4.19E+09 0.0151 3896.48
4.24E+09 0.0145 3892.93
4.31E+09 0.0131 3887.93
4.36E+09 0.0130 3884.73
4.43E+09 0.0121 3880.48
4.50E+09 0.0127 3875.98
4.56E+09 0.0102 3872.66
4.64E+09 0.0116 3868.19
4.71E+09 0.0112 3864.72
4.77E+09 0.0108 3861.36
4.84E+09 0.0103 3857.49
4.92E+09 0.0085 3853.8
