0.00E+00 -1.1949 6852.44
1.37E+08 0.3485 6639.59
1.83E+08 0.3610 6563.87
2.22E+08 0.3441 6501.27
2.55E+08 0.3249 6450.83
2.84E+08 0.3058 6407.74
3.14E+08 0.3050 6365.55
3.39E+08 0.2965 6330.23
3.62E+08 0.2830 6300.08
3.81E+08 0.2766 6275.7
4.01E+08 0.2673 6250.47
4.20E+08 0.2616 6226.79
4.37E+08 0.2592 6205.27
4.55E+08 0.2536 6184.58
4.73E+08 0.2513 6163.45
4.91E+08 0.2464 6143.26
5.08E+08 0.2426 6123.79
5.24E+08 0.2393 6106.06
5.41E+08 0.2375 6087.65
5.56E+08 0.2297 6071
5.71E+08 0.2270 6055.35
5.86E+08 0.2262 6039.8
6.00E+08 0.2260 6024.64
6.15E+08 0.2207 6009.61
6.29E+08 0.2191 5995.29
6.43E+08 0.2131 5980.75
6.57E+08 0.2142 5967.54
6.71E+08 0.2052 5953.68
6.84E+08 0.2108 5941.08
6.98E+08 0.2103 5927.33
7.12E+08 0.2069 5914
7.26E+08 0.2085 5901.11
7.39E+08 0.2056 5888.56
7.52E+08 0.2073 5876.36
7.64E+08 0.2128 5864.68
7.75E+08 0.2213 5853.03
7.85E+08 0.2273 5842.53
7.95E+08 0.2707 5832.19
7.97E+08 0.3750 5828.38
8.01E+08 0.4266 5821.02
8.07E+08 0.3999 5809.55
8.28E+08 0.3116 5775.85
8.71E+08 0.2837 5716.71
9.14E+08 0.2766 5661.95
9.48E+08 0.2737 5618.63
9.90E+08 0.2637 5567.37
1.03E+09 0.2705 5516.79
1.08E+09 0.2041 5463.47
1.15E+09 0.2203 5400.57
1.24E+09 0.2208 5306.52
1.34E+09 0.1830 5213.21
1.43E+09 0.1862 5134.81
1.52E+09 0.1790 5053.39
1.61E+09 0.1533 4990.69
1.68E+09 0.1428 4938.96
1.77E+09 0.1196 4888.31
1.83E+09 0.1033 4854.05
1.87E+09 0.0904 4836.95
1.91E+09 0.0962 4821.53
1.95E+09 0.0820 4805.54
1.98E+09 0.0781 4794.6
2.01E+09 0.0679 4783.47
2.04E+09 0.0730 4772.79
2.07E+09 0.0707 4763.16
2.10E+09 0.0689 4753.31
2.13E+09 0.0790 4743.31
2.17E+09 0.0645 4730.32
2.21E+09 0.0629 4720.45
2.24E+09 0.0564 4711.34
2.28E+09 0.0654 4700.66
2.31E+09 0.0599 4691.13
2.34E+09 0.0620 4681.52
2.38E+09 0.0507 4673.04
2.41E+09 0.0517 4663.84
2.45E+09 0.0503 4654.85
2.48E+09 0.0567 4647.17
2.52E+09 0.0491 4637.91
2.56E+09 0.0498 4629.67
2.59E+09 0.0474 4621.27
2.63E+09 0.0417 4614.26
2.67E+09 0.0357 4607.19
2.70E+09 0.0458 4600.53
2.75E+09 0.0390 4591.82
2.78E+09 0.0390 4585.77
2.82E+09 0.0354 4579.24
2.86E+09 0.0337 4572.7
2.90E+09 0.0335 4566.64
2.95E+09 0.0310 4559.78
2.98E+09 0.0364 4553.92
3.03E+09 0.0291 4546.87
3.07E+09 0.0317 4540.98
3.12E+09 0.0270 4534.6
3.17E+09 0.0241 4529.01
3.22E+09 0.0307 4522.52
3.27E+09 0.0245 4516.41
3.31E+09 0.0293 4510.66
3.36E+09 0.0202 4505.41
3.41E+09 0.0258 4499.82
3.46E+09 0.0232 4494.11
3.51E+09 0.0215 4489.15
3.57E+09 0.0209 4483.77
3.62E+09 0.0202 4478.8
3.68E+09 0.0159 4474.49
3.73E+09 0.0224 4470.1
3.78E+09 0.0166 4465.36
3.84E+09 0.0197 4460.18
3.89E+09 0.0165 4455.8
3.96E+09 0.0131 4451.33
4.02E+09 0.0153 4447.54
4.07E+09 0.0160 4443.32
4.13E+09 0.0151 4439.43
4.19E+09 0.0151 4434.9
4.25E+09 0.0150 4430.85
4.33E+09 0.0126 4425.92
4.38E+09 0.0118 4422.7
4.44E+09 0.0118 4419.22
4.52E+09 0.0107 4415.35
4.58E+09 0.0108 4412.35
4.64E+09 0.0086 4409.66
4.71E+09 0.0085 4406.9
4.77E+09 0.0096 4404.42
4.83E+09 0.0095 4401.56
4.92E+09 0.0079 4398.13
4.98E+09 0.0092 4395.67
