0.00E+00 -1.2718 7280.54
8.66E+07 0.5251 7173.07
1.17E+08 0.5052 7126.42
1.43E+08 0.4818 7088.47
1.63E+08 0.4606 7059.77
1.80E+08 0.4646 7035.21
1.99E+08 0.4405 7009.65
2.14E+08 0.4431 6989.21
2.31E+08 0.4302 6966.34
2.44E+08 0.4344 6948.51
2.58E+08 0.4244 6930.22
2.72E+08 0.4151 6911.85
2.84E+08 0.4211 6896.59
3.00E+08 0.4055 6876.87
3.13E+08 0.4034 6860.55
3.25E+08 0.4015 6845.06
3.38E+08 0.3974 6829.5
3.50E+08 0.3972 6815.12
3.60E+08 0.3913 6802.59
3.70E+08 0.3859 6791.12
3.80E+08 0.3823 6779.15
3.91E+08 0.3820 6766.95
4.02E+08 0.3724 6753.96
4.11E+08 0.3722 6743.16
4.22E+08 0.3724 6731.23
4.32E+08 0.3672 6719.73
4.42E+08 0.3620 6708.33
4.51E+08 0.3571 6697.95
4.61E+08 0.3604 6686.97
4.71E+08 0.3574 6676.26
4.81E+08 0.3552 6665.88
4.90E+08 0.3566 6655.64
4.98E+08 0.3531 6647.16
5.05E+08 0.3567 6639.66
5.11E+08 0.3511 6632.55
5.17E+08 0.3562 6626.46
5.23E+08 0.3611 6620.04
5.29E+08 0.3633 6613.52
5.34E+08 0.3714 6607.09
5.40E+08 0.3848 6601
5.44E+08 0.4029 6596.17
5.45E+08 0.4360 6594.67
5.47E+08 0.4696 6592.16
5.48E+08 0.5586 6589.2
5.51E+08 0.6369 6583.68
5.57E+08 0.6074 6572.14
5.67E+08 0.5808 6554.77
5.79E+08 0.5595 6534.5
5.92E+08 0.5524 6512.04
6.05E+08 0.5558 6488.72
6.17E+08 0.5585 6468.48
6.29E+08 0.5584 6448.31
6.42E+08 0.5592 6426.96
6.55E+08 0.5118 6404.65
6.74E+08 0.4845 6374.87
6.95E+08 0.4445 6345.37
7.18E+08 0.4048 6315.46
7.40E+08 0.3775 6288.74
7.60E+08 0.4233 6264.47
7.78E+08 0.4708 6239.84
7.95E+08 0.4842 6215.24
8.14E+08 0.4871 6187.67
8.28E+08 0.4922 6166.58
8.46E+08 0.4983 6140.27
8.71E+08 0.5047 6102.58
8.95E+08 0.5007 6066.19
9.22E+08 0.5030 6024.93
9.40E+08 0.4769 5997.95
9.55E+08 0.4576 5976.14
9.68E+08 0.4605 5958.45
9.78E+08 0.4522 5944.55
9.87E+08 0.4412 5931.48
9.97E+08 0.4393 5918.54
1.00E+09 0.4351 5907.93
1.01E+09 0.4295 5896.61
1.02E+09 0.4188 5885.08
1.03E+09 0.4255 5874.59
1.04E+09 0.4215 5864.77
1.05E+09 0.4299 5851.99
1.06E+09 0.4148 5841.72
1.06E+09 0.4182 5833.12
1.07E+09 0.4107 5821.37
1.08E+09 0.3993 5813.52
1.09E+09 0.4159 5802.46
1.10E+09 0.3994 5791.81
1.11E+09 0.3984 5777.96
1.11E+09 0.3966 5767.75
1.12E+09 0.3952 5756.17
1.13E+09 0.3975 5745.25
1.14E+09 0.3896 5734.25
1.15E+09 0.3959 5724.73
1.16E+09 0.3790 5714.08
1.17E+09 0.3782 5702.06
1.18E+09 0.3767 5691.35
1.19E+09 0.3742 5678.22
1.20E+09 0.3805 5666.24
1.21E+09 0.3724 5655.98
1.22E+09 0.3681 5646.56
1.23E+09 0.3678 5636.71
1.24E+09 0.3629 5624.76
1.25E+09 0.3626 5615.62
1.25E+09 0.3629 5606.01
1.26E+09 0.3675 5597.57
1.27E+09 0.3601 5585.71
1.28E+09 0.3439 5575.5
1.29E+09 0.3550 5564.87
1.30E+09 0.3421 5555.77
1.31E+09 0.3367 5547.17
1.32E+09 0.3402 5535.56
1.33E+09 0.3416 5524.19
1.34E+09 0.3367 5515.11
1.35E+09 0.3318 5503.65
1.36E+09 0.3315 5493.24
1.37E+09 0.3285 5482.35
1.38E+09 0.3269 5470.55
1.39E+09 0.3224 5460.49
1.41E+09 0.3225 5448.85
1.42E+09 0.3157 5438.92
1.43E+09 0.3173 5429.07
1.44E+09 0.3073 5417.86
1.45E+09 0.3110 5407.34
1.46E+09 0.3097 5396.54
1.47E+09 0.3145 5387.21
1.48E+09 0.3077 5377.54
1.49E+09 0.3046 5367.57
1.50E+09 0.2961 5357.57
1.51E+09 0.2965 5347.05
1.52E+09 0.2885 5337.32
1.53E+09 0.2817 5327.97
1.55E+09 0.2829 5316.88
1.56E+09 0.2869 5307.37
1.57E+09 0.2800 5296.6
1.58E+09 0.2794 5287.61
1.59E+09 0.2660 5280.65
1.60E+09 0.2764 5269.37
1.61E+09 0.2673 5261.17
1.63E+09 0.2702 5250.45
1.64E+09 0.2695 5241.62
1.65E+09 0.2592 5230.88
1.66E+09 0.2680 5219.64
1.67E+09 0.2598 5210.46
1.69E+09 0.2540 5201.42
1.69E+09 0.2615 5194.76
1.71E+09 0.2456 5186.21
1.72E+09 0.2533 5176.9
1.73E+09 0.2397 5167.37
1.74E+09 0.2514 5156.5
1.76E+09 0.2374 5147.46
1.77E+09 0.2426 5137.28
1.78E+09 0.2344 5128.05
1.80E+09 0.2423 5117.99
1.81E+09 0.2213 5108.62
1.83E+09 0.2318 5097.29
1.84E+09 0.2287 5087.63
1.85E+09 0.2263 5081.33
1.86E+09 0.2268 5070.52
1.88E+09 0.2227 5061.79
1.89E+09 0.2199 5051.33
1.90E+09 0.2189 5043.23
1.92E+09 0.2124 5033.2
1.94E+09 0.2038 5023.06
1.95E+09 0.2081 5014.86
1.96E+09 0.2008 5004.93
1.98E+09 0.2057 4995.65
1.99E+09 0.2018 4986.19
2.01E+09 0.2015 4976.52
2.03E+09 0.1898 4966.85
2.04E+09 0.1949 4957.04
2.06E+09 0.1899 4949.35
2.07E+09 0.1871 4939.48
2.09E+09 0.1831 4931.4
2.10E+09 0.1890 4921.83
2.12E+09 0.1753 4914.6
2.13E+09 0.1823 4904.67
2.15E+09 0.1703 4894.91
2.17E+09 0.1837 4886.24
2.19E+09 0.1730 4877.12
2.20E+09 0.1708 4868.35
2.22E+09 0.1732 4858.6
2.24E+09 0.1607 4851.01
2.25E+09 0.1684 4841.68
2.27E+09 0.1560 4833.65
2.29E+09 0.1640 4825
2.31E+09 0.1624 4816.41
2.32E+09 0.1586 4807.84
2.34E+09 0.1538 4798.94
2.36E+09 0.1512 4791.28
2.38E+09 0.1491 4782.82
2.40E+09 0.1490 4774.08
2.42E+09 0.1439 4765.07
2.43E+09 0.1462 4757.77
2.45E+09 0.1399 4750.07
2.47E+09 0.1375 4741.92
2.49E+09 0.1365 4733.79
2.50E+09 0.1355 4726.56
2.53E+09 0.1348 4718.13
2.54E+09 0.1267 4710.36
2.56E+09 0.1291 4702.64
2.58E+09 0.1279 4695.79
2.60E+09 0.1231 4688.04
2.62E+09 0.1276 4682.5
2.63E+09 0.1198 4675.33
2.66E+09 0.1211 4667.32
2.68E+09 0.1179 4659.67
2.70E+09 0.1202 4651.32
2.72E+09 0.1084 4644.38
2.74E+09 0.1151 4637.13
2.76E+09 0.1092 4629.33
2.78E+09 0.1088 4622.1
2.81E+09 0.1053 4614.86
2.83E+09 0.1071 4607.78
2.85E+09 0.1051 4600.21
2.88E+09 0.0973 4592.92
2.90E+09 0.1055 4586.05
2.92E+09 0.0935 4579.78
2.94E+09 0.0937 4572.99
2.96E+09 0.0961 4566.5
2.99E+09 0.0888 4560.25
3.01E+09 0.0929 4553.45
3.03E+09 0.0911 4547.15
3.06E+09 0.0906 4540.94
3.08E+09 0.0877 4534.74
3.10E+09 0.0849 4528.87
3.12E+09 0.0868 4522.59
3.15E+09 0.0800 4516.22
3.17E+09 0.0868 4509.94
3.20E+09 0.0783 4503.93
3.22E+09 0.0816 4497.56
3.25E+09 0.0814 4490.92
3.28E+09 0.0760 4484.35
3.31E+09 0.0758 4477.78
3.34E+09 0.0756 4471.16
3.37E+09 0.0721 4464.3
3.39E+09 0.0731 4457.95
3.42E+09 0.0699 4451.87
3.45E+09 0.0713 4445.35
3.48E+09 0.0670 4439.5
3.51E+09 0.0666 4433
3.54E+09 0.0657 4426.8
3.57E+09 0.0637 4420.82
3.60E+09 0.0639 4414.96
3.63E+09 0.0594 4409.28
3.67E+09 0.0607 4403.13
3.70E+09 0.0593 4397.03
3.73E+09 0.0566 4391.36
3.76E+09 0.0566 4385.72
3.79E+09 0.0536 4380.44
3.83E+09 0.0542 4374.9
3.86E+09 0.0525 4369.13
3.90E+09 0.0514 4363.63
3.93E+09 0.0509 4358.2
3.97E+09 0.0508 4352.74
4.00E+09 0.0471 4347.27
4.04E+09 0.0479 4342.06
4.07E+09 0.0473 4336.89
4.11E+09 0.0465 4331.75
4.15E+09 0.0435 4326.46
4.19E+09 0.0437 4321.28
4.23E+09 0.0404 4316.4
4.27E+09 0.0420 4311.47
4.30E+09 0.0389 4306.61
4.34E+09 0.0410 4301.61
4.38E+09 0.0380 4297.03
4.42E+09 0.0385 4292.14
4.47E+09 0.0360 4287.57
4.51E+09 0.0355 4283.08
4.55E+09 0.0345 4278.55
4.59E+09 0.0340 4274.08
4.63E+09 0.0340 4269.6
4.68E+09 0.0316 4265.29
4.72E+09 0.0313 4261.21
4.76E+09 0.0312 4257.2
4.81E+09 0.0303 4253.04
4.85E+09 0.0301 4248.78
4.90E+09 0.0284 4244.71
4.94E+09 0.0277 4240.79
4.99E+09 0.0276 4236.81
