0.00E+00 -1.1439 6887.43
1.71E+08 0.3405 6587.38
2.34E+08 0.2959 6471.27
2.91E+08 0.2832 6375.18
3.36E+08 0.2651 6301.85
3.79E+08 0.2512 6237.15
4.14E+08 0.2414 6186.32
4.48E+08 0.2366 6138.11
4.85E+08 0.2266 6089.02
5.18E+08 0.2211 6045.79
5.49E+08 0.2149 6006.52
5.77E+08 0.2045 5972.71
6.03E+08 0.2013 5942.06
6.30E+08 0.1944 5910.67
6.56E+08 0.1931 5881.6
6.81E+08 0.1862 5854.31
7.06E+08 0.1840 5827.11
7.31E+08 0.1773 5800.67
7.56E+08 0.1763 5774.25
7.81E+08 0.1703 5749.48
8.06E+08 0.1693 5724.85
8.30E+08 0.1658 5701.08
8.55E+08 0.1653 5676.39
8.82E+08 0.1580 5651.47
9.07E+08 0.1608 5627.82
9.33E+08 0.1563 5604.72
9.58E+08 0.1564 5581.33
9.83E+08 0.1570 5558.85
1.00E+09 0.1632 5539.96
1.02E+09 0.1781 5522.25
1.02E+09 0.2511 5519.1
1.03E+09 0.2798 5508.54
1.05E+09 0.2367 5470.85
1.12E+09 0.1868 5390.22
1.22E+09 0.1778 5289.28
1.31E+09 0.1505 5195.41
1.44E+09 0.1244 5093.4
1.59E+09 0.0986 5003.89
1.73E+09 0.1248 4913.54
1.87E+09 0.1016 4818.79
2.00E+09 0.0838 4753.23
2.10E+09 0.0823 4702.28
2.20E+09 0.0678 4658.71
2.29E+09 0.0546 4630.13
2.36E+09 0.0601 4602.5
2.44E+09 0.0473 4579.26
2.49E+09 0.0381 4565.33
2.55E+09 0.0408 4552.95
2.60E+09 0.0422 4540.79
2.65E+09 0.0343 4529.32
2.69E+09 0.0399 4520.3
2.74E+09 0.0301 4509.05
2.80E+09 0.0254 4500.63
2.85E+09 0.0395 4492.22
2.89E+09 0.0289 4482.29
2.94E+09 0.0289 4474.43
2.99E+09 0.0319 4465.36
3.04E+09 0.0275 4456.76
3.08E+09 0.0294 4450.12
3.13E+09 0.0261 4442.67
3.18E+09 0.0206 4435.32
3.23E+09 0.0294 4428.11
3.28E+09 0.0208 4420.77
3.34E+09 0.0187 4414.51
3.39E+09 0.0255 4407.71
3.45E+09 0.0197 4400.47
3.51E+09 0.0213 4393.67
3.56E+09 0.0196 4386.37
3.62E+09 0.0178 4380.29
3.69E+09 0.0179 4373.72
3.75E+09 0.0173 4367.39
3.81E+09 0.0168 4361.22
3.87E+09 0.0151 4355.64
3.93E+09 0.0138 4350.53
4.00E+09 0.0149 4345.06
4.06E+09 0.0130 4339.2
4.14E+09 0.0123 4334.38
4.20E+09 0.0140 4329.03
4.27E+09 0.0102 4324.18
4.34E+09 0.0137 4319.67
4.41E+09 0.0096 4314.56
4.49E+09 0.0116 4310.05
4.56E+09 0.0097 4305.42
4.65E+09 0.0090 4300.97
4.72E+09 0.0108 4296.49
4.80E+09 0.0083 4292.06
4.89E+09 0.0088 4287.87
4.97E+09 0.0088 4283.97
