0.00E+00 -1.4404 7770.46
1.09E+08 0.4969 7557.44
1.47E+08 0.5175 7472.9
1.78E+08 0.4926 7408.06
2.05E+08 0.4617 7353.33
2.30E+08 0.4556 7303.98
2.51E+08 0.4501 7263.03
2.73E+08 0.4321 7222.32
2.91E+08 0.4282 7187.82
3.10E+08 0.4189 7154.27
3.28E+08 0.4147 7121.32
3.47E+08 0.4079 7089.15
3.65E+08 0.4033 7058.06
3.81E+08 0.3964 7030.5
3.96E+08 0.3948 7004.13
4.12E+08 0.3837 6978.43
4.27E+08 0.3892 6953.68
4.42E+08 0.3738 6929.17
4.55E+08 0.3754 6908.29
4.69E+08 0.3758 6885.63
4.84E+08 0.3605 6863.06
4.97E+08 0.3654 6842.76
5.13E+08 0.3537 6817.91
5.26E+08 0.3573 6797.73
5.40E+08 0.3566 6777.35
5.56E+08 0.3456 6753.37
5.69E+08 0.3473 6734.69
5.83E+08 0.3413 6713.86
5.96E+08 0.3371 6694.52
6.09E+08 0.3335 6676.28
6.22E+08 0.3261 6658.54
6.34E+08 0.3259 6642.3
6.45E+08 0.3233 6625.98
6.59E+08 0.3207 6608.07
6.71E+08 0.3179 6591.03
6.83E+08 0.3085 6574.86
6.95E+08 0.3135 6558.95
7.06E+08 0.3035 6543.98
7.17E+08 0.3122 6530.14
7.27E+08 0.3031 6516.93
7.37E+08 0.3093 6503.42
7.47E+08 0.3154 6490.37
7.58E+08 0.3176 6476.55
7.68E+08 0.3181 6462.67
7.77E+08 0.3226 6450.66
7.85E+08 0.3347 6438.56
7.92E+08 0.3490 6429.49
7.94E+08 0.3924 6426.5
7.96E+08 0.5197 6421.51
8.01E+08 0.5660 6409.59
8.20E+08 0.4480 6370.09
8.51E+08 0.4295 6312.47
8.85E+08 0.4170 6251.9
9.09E+08 0.4091 6208.47
9.35E+08 0.3938 6164.62
9.64E+08 0.4031 6115.45
9.86E+08 0.3820 6078.9
1.02E+09 0.3610 6026.68
1.05E+09 0.3408 5975.31
1.09E+09 0.3312 5921.31
1.14E+09 0.3511 5859.32
1.20E+09 0.3380 5765.44
1.27E+09 0.2904 5668.71
1.34E+09 0.2742 5584.6
1.41E+09 0.2500 5514.8
1.47E+09 0.2856 5443.79
1.54E+09 0.2450 5361.66
1.61E+09 0.2318 5298.41
1.67E+09 0.2110 5241.82
1.71E+09 0.1948 5203.2
1.74E+09 0.1883 5180.1
1.76E+09 0.1665 5162.59
1.79E+09 0.1656 5142.82
1.82E+09 0.1704 5124.9
1.84E+09 0.1651 5107.58
1.86E+09 0.1477 5094.9
1.89E+09 0.1638 5075.47
1.90E+09 0.1480 5064.13
1.93E+09 0.1513 5043.7
1.96E+09 0.1455 5026.68
1.98E+09 0.1471 5012.61
2.01E+09 0.1463 4996.31
2.03E+09 0.1498 4983.84
2.05E+09 0.1277 4968.83
2.08E+09 0.1415 4953.17
2.11E+09 0.1259 4938.44
2.14E+09 0.1175 4923.59
2.16E+09 0.1107 4910.55
2.19E+09 0.1215 4897.75
2.22E+09 0.1107 4884.82
2.24E+09 0.1167 4870.98
2.27E+09 0.1056 4858.73
2.30E+09 0.1075 4845.2
2.32E+09 0.0955 4834.13
2.36E+09 0.1016 4820.42
2.38E+09 0.0994 4810.26
2.41E+09 0.0938 4796.84
2.45E+09 0.0947 4784.7
2.48E+09 0.0883 4772.26
2.51E+09 0.0960 4760.72
2.53E+09 0.0821 4751.45
2.57E+09 0.0858 4740.22
2.60E+09 0.0810 4728.92
2.64E+09 0.0781 4716.58
2.67E+09 0.0826 4705.5
2.70E+09 0.0674 4695.87
2.74E+09 0.0758 4684.41
2.77E+09 0.0608 4674.23
2.81E+09 0.0680 4662.9
2.85E+09 0.0600 4652.34
2.89E+09 0.0530 4643.42
2.92E+09 0.0605 4634.42
2.97E+09 0.0549 4623.92
3.00E+09 0.0611 4614.98
3.05E+09 0.0548 4605.24
3.09E+09 0.0496 4595.5
3.14E+09 0.0475 4586.5
3.18E+09 0.0511 4577.8
3.22E+09 0.0454 4568.79
3.27E+09 0.0481 4559.78
3.31E+09 0.0431 4551.44
3.36E+09 0.0416 4542.9
3.41E+09 0.0337 4535.4
3.45E+09 0.0377 4528.2
3.50E+09 0.0387 4520.88
3.55E+09 0.0327 4513.46
3.60E+09 0.0345 4505.94
3.66E+09 0.0276 4498.82
3.71E+09 0.0367 4492.24
3.76E+09 0.0257 4485.14
3.81E+09 0.0327 4478.59
3.87E+09 0.0257 4471.52
3.93E+09 0.0302 4465.07
3.99E+09 0.0230 4458.36
4.04E+09 0.0272 4452.67
4.09E+09 0.0239 4446.96
4.15E+09 0.0239 4440.74
4.22E+09 0.0216 4434.31
4.27E+09 0.0222 4429.46
4.33E+09 0.0201 4424.02
4.39E+09 0.0208 4419.09
4.45E+09 0.0173 4413.93
4.51E+09 0.0156 4409.74
4.58E+09 0.0178 4405.07
4.63E+09 0.0176 4400.56
4.71E+09 0.0167 4395.16
4.76E+09 0.0208 4391.44
4.83E+09 0.0149 4385.94
4.90E+09 0.0161 4381.94
4.97E+09 0.0138 4377.65
