0.00E+00 -0.5923 5080.6
1.78E+08 0.1659 5016.91
2.27E+08 0.1421 4996.85
2.52E+08 0.1546 4986.14
2.56E+08 0.1562 4984.44
2.58E+08 0.1651 4983.85
2.60E+08 0.1826 4982.68
2.67E+08 0.1928 4978.99
2.70E+08 0.2048 4977.55
2.72E+08 0.2224 4976.58
2.76E+08 0.2194 4973.67
2.89E+08 0.2127 4965.9
3.10E+08 0.2253 4953.5
3.17E+08 0.2680 4949.21
3.24E+08 0.2507 4943.93
3.64E+08 0.2178 4919.12
3.89E+08 0.2481 4903.76
4.10E+08 0.2597 4888.81
4.36E+08 0.2663 4870
4.91E+08 0.2473 4831.03
5.33E+08 0.2312 4803.69
5.71E+08 0.2181 4780.26
6.06E+08 0.2111 4759.47
6.37E+08 0.2098 4741.84
6.60E+08 0.2100 4728.47
6.79E+08 0.2065 4717.66
6.96E+08 0.2079 4707.67
7.15E+08 0.2111 4696.99
7.34E+08 0.1968 4685.83
7.52E+08 0.1896 4676.76
7.69E+08 0.1977 4667.49
7.90E+08 0.1842 4656.34
8.07E+08 0.1721 4647.99
8.25E+08 0.1780 4639.51
8.42E+08 0.1677 4631.42
8.57E+08 0.1661 4624.35
8.75E+08 0.1652 4616.6
8.87E+08 0.1609 4611.02
8.98E+08 0.1662 4606.24
9.10E+08 0.1566 4600.91
9.21E+08 0.1591 4595.85
9.32E+08 0.1571 4591.16
9.43E+08 0.1484 4586.75
9.52E+08 0.1529 4582.9
9.62E+08 0.1459 4578.77
9.71E+08 0.1432 4575.45
9.82E+08 0.1441 4570.8
9.95E+08 0.1428 4565.92
1.00E+09 0.1358 4562.74
1.01E+09 0.1408 4559.13
1.02E+09 0.1400 4555.59
1.03E+09 0.1382 4552.27
1.04E+09 0.1376 4548.99
1.05E+09 0.1352 4545.92
1.06E+09 0.1372 4542.98
1.07E+09 0.1342 4538.87
1.08E+09 0.1334 4535.25
1.08E+09 0.1315 4532.11
1.09E+09 0.1325 4529.03
1.10E+09 0.1294 4525.43
1.11E+09 0.1325 4521.89
1.12E+09 0.1290 4518.5
1.13E+09 0.1300 4515.44
1.14E+09 0.1309 4512.05
1.15E+09 0.1304 4508.51
1.16E+09 0.1310 4505.61
1.17E+09 0.1262 4502.93
1.17E+09 0.1285 4500.07
1.18E+09 0.1305 4497.15
1.19E+09 0.1296 4494.03
1.20E+09 0.1295 4491.1
1.21E+09 0.1287 4488.59
1.21E+09 0.1285 4486.04
1.22E+09 0.1274 4483.06
1.23E+09 0.1280 4480.16
1.24E+09 0.1304 4477.76
1.24E+09 0.1293 4475.03
1.25E+09 0.1295 4472.03
1.26E+09 0.1329 4469
1.27E+09 0.1290 4465.48
1.28E+09 0.1284 4462.73
1.29E+09 0.1283 4459.46
1.30E+09 0.1264 4456.27
1.31E+09 0.1295 4453.08
1.31E+09 0.1294 4450.35
1.32E+09 0.1301 4447.37
1.33E+09 0.1275 4444.44
1.34E+09 0.1297 4441.52
1.35E+09 0.1310 4438.57
1.36E+09 0.1322 4435.31
1.36E+09 0.1289 4432.36
1.37E+09 0.1287 4429.36
1.38E+09 0.1266 4426.09
1.39E+09 0.1249 4422.81
1.40E+09 0.1229 4419.43
1.41E+09 0.1255 4416.39
1.42E+09 0.1222 4413.16
1.43E+09 0.1269 4409.91
1.44E+09 0.1246 4406.58
1.45E+09 0.1251 4403.03
1.46E+09 0.1249 4399.76
1.47E+09 0.1226 4396.04
1.48E+09 0.1233 4392.3
1.49E+09 0.1218 4388.39
1.50E+09 0.1226 4384.65
1.52E+09 0.1227 4380.49
1.53E+09 0.1209 4376.2
1.54E+09 0.1198 4372.53
1.55E+09 0.1128 4368.32
1.57E+09 0.1177 4364.32
1.58E+09 0.1132 4359.49
1.59E+09 0.1114 4355.84
1.61E+09 0.1153 4351.98
1.62E+09 0.1116 4347.4
1.63E+09 0.1140 4342.76
1.65E+09 0.1140 4338.39
1.66E+09 0.1128 4333.66
1.68E+09 0.1076 4329.24
1.69E+09 0.1137 4324.47
1.71E+09 0.1104 4320.04
1.72E+09 0.1097 4315.79
1.74E+09 0.1104 4311.57
1.75E+09 0.1098 4306.99
1.77E+09 0.1083 4302.34
1.78E+09 0.1096 4297.99
1.80E+09 0.1058 4293.15
1.81E+09 0.1002 4289.29
1.82E+09 0.0991 4286.23
1.83E+09 0.1049 4283.07
1.85E+09 0.1022 4279.88
1.86E+09 0.1043 4276.9
1.87E+09 0.0997 4273.57
1.88E+09 0.0981 4270.88
1.89E+09 0.0968 4268.25
1.90E+09 0.0974 4265.54
1.91E+09 0.1025 4262.66
1.92E+09 0.0962 4259.55
1.93E+09 0.0929 4256.18
1.94E+09 0.0928 4253.23
1.95E+09 0.0909 4250.49
1.96E+09 0.0876 4248.37
1.97E+09 0.0932 4246.21
1.98E+09 0.0926 4244.11
1.99E+09 0.0907 4241.72
2.00E+09 0.0979 4238.96
2.01E+09 0.0921 4236.33
2.02E+09 0.0868 4233.8
2.03E+09 0.0858 4231.34
2.04E+09 0.0857 4229.52
2.05E+09 0.0913 4227.39
2.06E+09 0.0864 4224.99
2.07E+09 0.0850 4222.43
2.08E+09 0.0905 4219.84
2.09E+09 0.0894 4217.23
2.10E+09 0.0870 4214.71
2.11E+09 0.0834 4212.3
2.12E+09 0.0757 4209.99
2.13E+09 0.0813 4207.89
2.14E+09 0.0882 4205.71
2.15E+09 0.0845 4203.32
2.16E+09 0.0841 4200.88
2.17E+09 0.0790 4198.34
2.19E+09 0.0831 4195.62
2.19E+09 0.0848 4193.37
2.21E+09 0.0816 4190.55
2.22E+09 0.0774 4187.65
2.23E+09 0.0819 4185.56
2.24E+09 0.0891 4182.97
2.25E+09 0.0845 4180.36
2.26E+09 0.0811 4177.89
2.27E+09 0.0757 4175.39
2.29E+09 0.0721 4173.04
2.30E+09 0.0746 4170.92
2.31E+09 0.0725 4168.99
2.32E+09 0.0771 4167.03
2.33E+09 0.0698 4164.75
2.34E+09 0.0763 4162.58
2.35E+09 0.0703 4160.59
2.36E+09 0.0727 4158.56
2.37E+09 0.0668 4156.36
2.38E+09 0.0701 4154.2
2.39E+09 0.0699 4152.27
2.40E+09 0.0756 4150.27
2.41E+09 0.0748 4148.23
2.42E+09 0.0700 4145.92
2.44E+09 0.0681 4143.42
2.45E+09 0.0706 4141.36
2.46E+09 0.0730 4139.36
2.47E+09 0.0670 4137.33
2.48E+09 0.0669 4135.2
2.49E+09 0.0705 4133.08
2.50E+09 0.0664 4130.96
2.51E+09 0.0638 4128.95
2.53E+09 0.0643 4126.7
2.54E+09 0.0681 4124.67
2.55E+09 0.0658 4122.78
2.56E+09 0.0659 4120.76
2.57E+09 0.0661 4118.66
2.58E+09 0.0642 4116.32
2.59E+09 0.0626 4114.23
2.61E+09 0.0670 4112.08
2.62E+09 0.0640 4110.18
2.63E+09 0.0587 4107.86
2.64E+09 0.0641 4105.79
2.65E+09 0.0643 4103.81
2.67E+09 0.0624 4101.72
2.68E+09 0.0626 4099.89
2.69E+09 0.0594 4097.75
2.70E+09 0.0624 4095.88
2.71E+09 0.0618 4093.67
2.73E+09 0.0651 4091.57
2.74E+09 0.0605 4089.58
2.75E+09 0.0593 4087.41
2.76E+09 0.0609 4085.18
2.78E+09 0.0617 4083.18
2.79E+09 0.0611 4081.33
2.80E+09 0.0586 4079.29
2.81E+09 0.0550 4077.18
2.83E+09 0.0593 4074.96
2.84E+09 0.0623 4072.8
2.85E+09 0.0630 4070.46
2.87E+09 0.0613 4067.9
2.88E+09 0.0591 4065.83
2.90E+09 0.0555 4063.62
2.91E+09 0.0562 4061.81
2.92E+09 0.0566 4059.69
2.93E+09 0.0589 4057.69
2.95E+09 0.0521 4055.44
2.96E+09 0.0539 4053.45
2.97E+09 0.0566 4051.51
2.99E+09 0.0554 4049.6
3.00E+09 0.0526 4047.61
3.02E+09 0.0540 4045.52
3.03E+09 0.0542 4043.58
3.04E+09 0.0562 4041.73
3.05E+09 0.0572 4039.53
3.07E+09 0.0564 4037.44
3.08E+09 0.0529 4035.15
3.10E+09 0.0484 4033.11
3.11E+09 0.0518 4030.98
3.12E+09 0.0519 4029.38
3.14E+09 0.0494 4027.36
3.15E+09 0.0520 4025.34
3.17E+09 0.0467 4023.11
3.19E+09 0.0484 4021.19
3.20E+09 0.0473 4019.18
3.22E+09 0.0492 4017.18
3.23E+09 0.0486 4015.28
3.24E+09 0.0481 4013.48
3.26E+09 0.0489 4011.47
3.28E+09 0.0530 4009.1
3.29E+09 0.0529 4006.8
3.31E+09 0.0492 4003.9
3.33E+09 0.0519 4001.54
3.35E+09 0.0517 3999
3.36E+09 0.0480 3996.51
3.38E+09 0.0450 3993.92
3.40E+09 0.0483 3991.75
3.42E+09 0.0452 3989.5
3.44E+09 0.0457 3987.25
3.45E+09 0.0433 3985.44
3.47E+09 0.0460 3983.45
3.48E+09 0.0466 3981.59
3.50E+09 0.0460 3979.38
3.52E+09 0.0443 3977.49
3.53E+09 0.0433 3975.43
3.55E+09 0.0407 3973.85
3.56E+09 0.0437 3971.96
3.58E+09 0.0435 3970.05
3.60E+09 0.0422 3968.15
3.61E+09 0.0397 3966.21
3.63E+09 0.0423 3964.38
3.65E+09 0.0402 3962.3
3.66E+09 0.0384 3960.61
3.68E+09 0.0423 3958.78
3.70E+09 0.0446 3956.6
3.71E+09 0.0442 3954.53
3.73E+09 0.0427 3952.19
3.75E+09 0.0392 3950.18
3.77E+09 0.0443 3947.88
3.79E+09 0.0433 3945.36
3.82E+09 0.0423 3942.72
3.84E+09 0.0388 3940.52
3.86E+09 0.0359 3938.25
3.88E+09 0.0378 3936.3
3.89E+09 0.0379 3934.69
3.91E+09 0.0392 3932.53
3.93E+09 0.0381 3930.49
3.95E+09 0.0403 3928.44
3.97E+09 0.0374 3926.13
4.00E+09 0.0337 3923.93
4.01E+09 0.0354 3922.17
4.03E+09 0.0353 3920.46
4.05E+09 0.0356 3918.82
4.07E+09 0.0376 3917.07
4.08E+09 0.0348 3915.25
4.11E+09 0.0364 3913.24
4.13E+09 0.0408 3910.95
4.15E+09 0.0359 3908.46
4.17E+09 0.0338 3906.63
4.19E+09 0.0332 3904.42
4.21E+09 0.0318 3902.63
4.23E+09 0.0335 3900.91
4.25E+09 0.0313 3899.06
4.27E+09 0.0356 3897.09
4.30E+09 0.0343 3894.84
4.32E+09 0.0319 3892.82
4.34E+09 0.0306 3890.91
4.37E+09 0.0330 3888.84
4.39E+09 0.0324 3886.52
4.42E+09 0.0321 3884.47
4.44E+09 0.0314 3882.3
4.47E+09 0.0335 3880.13
4.49E+09 0.0330 3878.18
4.52E+09 0.0299 3875.65
4.55E+09 0.0334 3873.15
4.57E+09 0.0338 3870.62
4.60E+09 0.0318 3867.82
4.63E+09 0.0303 3865.25
4.66E+09 0.0282 3863.39
4.69E+09 0.0264 3861.13
4.71E+09 0.0282 3859.36
4.74E+09 0.0273 3857.2
4.76E+09 0.0291 3855.25
4.79E+09 0.0292 3853.13
4.82E+09 0.0280 3850.85
4.85E+09 0.0302 3848.46
4.88E+09 0.0281 3845.98
4.91E+09 0.0292 3843.61
4.94E+09 0.0273 3841.26
4.97E+09 0.0254 3839.25
4.99E+09 0.0238 3837.67
