0.00E+00 -0.7421 5696.82
1.52E+08 0.2053 5597.36
2.01E+08 0.2030 5560.66
2.36E+08 0.2098 5534.81
2.68E+08 0.2122 5512.41
3.03E+08 0.1921 5487.91
3.25E+08 0.1986 5473.14
3.52E+08 0.1860 5455.44
3.72E+08 0.1859 5442.66
3.90E+08 0.1834 5431.32
4.07E+08 0.1856 5420.17
4.23E+08 0.1871 5410.31
4.34E+08 0.1999 5403.04
4.38E+08 0.2234 5400.32
4.41E+08 0.2642 5398.21
4.45E+08 0.3036 5393.56
4.52E+08 0.2899 5386.42
4.61E+08 0.2776 5377.62
4.73E+08 0.2768 5366.75
4.88E+08 0.2800 5352.33
5.05E+08 0.2860 5335.73
5.22E+08 0.2927 5319.02
5.32E+08 0.3202 5309.09
5.52E+08 0.2796 5288.78
5.79E+08 0.2579 5263.21
6.10E+08 0.2422 5237.25
6.47E+08 0.2458 5206.61
6.83E+08 0.2577 5175.59
7.07E+08 0.2724 5153.52
7.29E+08 0.2911 5132.19
7.65E+08 0.2518 5098.84
8.05E+08 0.2255 5066.66
8.31E+08 0.2133 5046.92
8.70E+08 0.2033 5019.69
8.99E+08 0.2173 4998.64
9.29E+08 0.2346 4976.55
9.53E+08 0.2420 4956.72
9.74E+08 0.2261 4939.9
9.86E+08 0.2119 4930.91
1.00E+09 0.2256 4917.44
1.03E+09 0.2113 4901.02
1.04E+09 0.2175 4888.18
1.06E+09 0.2099 4878.07
1.07E+09 0.1913 4868.84
1.09E+09 0.2081 4859.06
1.10E+09 0.2052 4848.87
1.12E+09 0.1960 4837.62
1.13E+09 0.1990 4827.96
1.14E+09 0.1803 4820.27
1.16E+09 0.2001 4811.93
1.17E+09 0.1940 4804.1
1.18E+09 0.1877 4792.56
1.20E+09 0.1919 4783.3
1.21E+09 0.1833 4775.3
1.22E+09 0.1847 4768.41
1.24E+09 0.1818 4758.21
1.25E+09 0.1783 4749.37
1.27E+09 0.1694 4741.16
1.28E+09 0.1815 4733.29
1.29E+09 0.1786 4725.36
1.31E+09 0.1678 4715.86
1.32E+09 0.1711 4707.97
1.34E+09 0.1676 4698.62
1.35E+09 0.1680 4690.73
1.37E+09 0.1601 4681.92
1.38E+09 0.1553 4674.72
1.40E+09 0.1609 4667
1.41E+09 0.1635 4657.95
1.43E+09 0.1616 4650.06
1.44E+09 0.1537 4641.24
1.46E+09 0.1534 4632.14
1.47E+09 0.1492 4625.37
1.49E+09 0.1459 4618.05
1.50E+09 0.1481 4609.96
1.52E+09 0.1503 4602.63
1.53E+09 0.1433 4595.62
1.55E+09 0.1378 4587.91
1.56E+09 0.1409 4582.76
1.58E+09 0.1388 4575.26
1.59E+09 0.1399 4567.5
1.60E+09 0.1386 4561.35
1.62E+09 0.1367 4554.92
1.63E+09 0.1325 4547.2
1.65E+09 0.1347 4539.96
1.66E+09 0.1338 4533.86
1.68E+09 0.1304 4527.14
1.69E+09 0.1317 4520.56
1.71E+09 0.1281 4512.54
1.73E+09 0.1204 4505.7
1.74E+09 0.1252 4500.12
1.76E+09 0.1148 4493.01
1.77E+09 0.1277 4486.98
1.79E+09 0.1205 4478.16
1.82E+09 0.1162 4469.41
1.83E+09 0.1142 4462.82
1.85E+09 0.1097 4456.91
1.86E+09 0.1159 4451.02
1.88E+09 0.1124 4444.46
1.90E+09 0.1183 4437.16
1.92E+09 0.1136 4429.43
1.94E+09 0.1076 4421.5
1.96E+09 0.1068 4414.61
1.98E+09 0.1014 4406.95
2.00E+09 0.1032 4400.42
2.02E+09 0.0998 4393.21
2.04E+09 0.1019 4385.26
2.06E+09 0.1000 4378.8
2.08E+09 0.0921 4373.63
2.09E+09 0.0972 4367.79
2.11E+09 0.0892 4361.68
2.14E+09 0.0984 4355.03
2.16E+09 0.0932 4347.6
2.18E+09 0.0964 4340.19
2.21E+09 0.0899 4332.67
2.23E+09 0.0883 4325.73
2.25E+09 0.0810 4319.72
2.27E+09 0.0817 4314.42
2.28E+09 0.0869 4309.75
2.31E+09 0.0857 4302.45
2.33E+09 0.0764 4295.75
2.36E+09 0.0834 4289.55
2.38E+09 0.0734 4283.23
2.40E+09 0.0802 4277.31
2.42E+09 0.0796 4271.22
2.45E+09 0.0766 4265.04
2.47E+09 0.0713 4259.68
2.49E+09 0.0780 4252.95
2.52E+09 0.0730 4245.84
2.54E+09 0.0722 4240.45
2.57E+09 0.0679 4234.62
2.59E+09 0.0664 4228.68
2.62E+09 0.0682 4223.56
2.64E+09 0.0636 4217.73
2.66E+09 0.0687 4213.52
2.69E+09 0.0622 4207.88
2.71E+09 0.0591 4203
2.73E+09 0.0672 4197.92
2.76E+09 0.0626 4192.19
2.79E+09 0.0627 4186.37
2.81E+09 0.0570 4180.49
2.84E+09 0.0626 4175.48
2.87E+09 0.0536 4170.22
2.89E+09 0.0576 4166.03
2.91E+09 0.0579 4161.24
2.94E+09 0.0582 4155.8
2.97E+09 0.0540 4150.8
2.99E+09 0.0550 4145.5
3.03E+09 0.0530 4139.87
3.06E+09 0.0500 4134.4
3.09E+09 0.0517 4129.23
3.12E+09 0.0491 4124.03
3.15E+09 0.0481 4118.26
3.19E+09 0.0508 4112.81
3.22E+09 0.0448 4107.33
3.25E+09 0.0456 4102.25
3.28E+09 0.0445 4097.19
3.32E+09 0.0440 4092.26
3.35E+09 0.0430 4087.44
3.38E+09 0.0381 4082.75
3.41E+09 0.0409 4079.39
3.43E+09 0.0377 4076.29
3.47E+09 0.0397 4071.95
3.49E+09 0.0336 4068.46
3.52E+09 0.0367 4064.97
3.55E+09 0.0374 4061.06
3.58E+09 0.0365 4057.01
3.62E+09 0.0345 4053.18
3.65E+09 0.0368 4048.6
3.69E+09 0.0352 4044.24
3.72E+09 0.0375 4040.43
3.75E+09 0.0320 4036.47
3.79E+09 0.0291 4033.12
3.82E+09 0.0304 4029.86
3.85E+09 0.0353 4025.59
3.89E+09 0.0300 4021.99
3.92E+09 0.0272 4018.73
3.95E+09 0.0277 4015.63
3.99E+09 0.0307 4012.1
4.02E+09 0.0292 4008.67
4.06E+09 0.0254 4005.19
4.09E+09 0.0286 4002.37
4.13E+09 0.0249 3999.22
4.16E+09 0.0267 3996.19
4.19E+09 0.0251 3993.26
4.23E+09 0.0254 3990.03
4.27E+09 0.0249 3986.98
4.30E+09 0.0246 3983.97
4.34E+09 0.0245 3980.58
4.38E+09 0.0232 3977.34
4.42E+09 0.0237 3974.11
4.46E+09 0.0229 3971.3
4.50E+09 0.0234 3968.43
4.54E+09 0.0242 3965.28
4.57E+09 0.0221 3962.19
4.62E+09 0.0217 3959.09
4.66E+09 0.0234 3956.03
4.70E+09 0.0209 3953.11
4.74E+09 0.0208 3950.15
4.78E+09 0.0206 3947.29
4.82E+09 0.0210 3944.39
4.86E+09 0.0185 3941.32
4.91E+09 0.0211 3938.33
4.95E+09 0.0200 3935.42
4.99E+09 0.0187 3932.49
