0.00E+00 -0.8498 6147.42
2.27E+08 0.2097 5858.24
3.05E+08 0.1953 5757.61
3.83E+08 0.1784 5665.32
4.54E+08 0.1751 5585.76
5.12E+08 0.1581 5525.17
5.54E+08 0.1490 5484.29
5.92E+08 0.1405 5449.04
6.35E+08 0.1362 5410.72
6.77E+08 0.1310 5375.85
7.11E+08 0.1254 5347.87
7.43E+08 0.1246 5322.21
7.76E+08 0.1187 5296.94
8.06E+08 0.1176 5274.06
8.37E+08 0.1159 5251.15
8.68E+08 0.1145 5228.1
8.99E+08 0.1132 5205.89
9.28E+08 0.1116 5185.21
9.58E+08 0.1159 5163.7
9.85E+08 0.1280 5142.99
9.92E+08 0.1769 5136.93
1.00E+09 0.2016 5124.3
1.05E+09 0.1689 5074.37
1.14E+09 0.1391 4985.75
1.26E+09 0.1413 4880.61
1.38E+09 0.1090 4788.93
1.52E+09 0.0872 4703.61
1.72E+09 0.0945 4597.78
1.89E+09 0.0734 4503.87
2.02E+09 0.0608 4450.17
2.11E+09 0.0571 4416.52
2.19E+09 0.0523 4388.1
2.27E+09 0.0519 4364.09
2.33E+09 0.0469 4342.74
2.38E+09 0.0462 4328.82
2.42E+09 0.0502 4317.04
2.46E+09 0.0392 4305.74
2.50E+09 0.0371 4294.98
2.54E+09 0.0433 4284.39
2.58E+09 0.0333 4274.14
2.63E+09 0.0335 4264.99
2.66E+09 0.0420 4256.14
2.70E+09 0.0309 4247.36
2.75E+09 0.0304 4238.71
2.79E+09 0.0399 4228.77
2.84E+09 0.0298 4219.48
2.89E+09 0.0291 4209.02
2.94E+09 0.0270 4200.14
3.00E+09 0.0277 4190.98
3.04E+09 0.0274 4182.59
3.09E+09 0.0281 4174.11
3.14E+09 0.0234 4166.2
3.19E+09 0.0202 4158.86
3.24E+09 0.0247 4151.98
3.29E+09 0.0245 4144.36
3.35E+09 0.0204 4136.62
3.40E+09 0.0196 4129.3
3.46E+09 0.0189 4122.45
3.51E+09 0.0202 4116.22
3.56E+09 0.0186 4109.66
3.63E+09 0.0165 4102.9
3.68E+09 0.0173 4097.14
3.73E+09 0.0160 4091.38
3.79E+09 0.0173 4085.51
3.85E+09 0.0155 4079.28
3.91E+09 0.0152 4073.52
3.97E+09 0.0145 4067.66
4.04E+09 0.0136 4061.56
4.10E+09 0.0127 4056.35
4.17E+09 0.0132 4050.66
4.24E+09 0.0109 4045.29
4.31E+09 0.0101 4040.51
4.37E+09 0.0120 4036.19
4.43E+09 0.0109 4031.75
4.51E+09 0.0099 4027.08
4.58E+09 0.0098 4022.72
4.65E+09 0.0092 4018.42
4.72E+09 0.0093 4014.11
4.79E+09 0.0091 4009.8
4.87E+09 0.0084 4005.33
4.96E+09 0.0078 4001.13
