0.00E+00 -0.8238 6173.78
1.98E+08 0.2175 5940.13
2.69E+08 0.2215 5853.55
3.26E+08 0.2060 5787.54
3.76E+08 0.2007 5732.09
4.27E+08 0.1926 5676.92
4.76E+08 0.1850 5625.85
5.24E+08 0.1756 5577.6
5.66E+08 0.1678 5536.87
6.01E+08 0.1638 5505.26
6.31E+08 0.1589 5477.8
6.64E+08 0.1555 5448.55
6.95E+08 0.1534 5422.42
7.27E+08 0.1484 5395.71
7.57E+08 0.1445 5371.72
7.85E+08 0.1409 5348.94
8.10E+08 0.1423 5329.15
8.31E+08 0.1470 5312.72
8.43E+08 0.1666 5302.4
8.49E+08 0.2144 5296.85
8.60E+08 0.2501 5281.66
9.09E+08 0.2043 5222.42
9.76E+08 0.1982 5146.31
1.04E+09 0.1901 5074.57
1.10E+09 0.1634 5013.35
1.19E+09 0.1529 4939.12
1.32E+09 0.1216 4834.1
1.49E+09 0.1264 4732.92
1.63E+09 0.1081 4637.86
1.72E+09 0.0974 4585.85
1.80E+09 0.1053 4538.97
1.87E+09 0.0999 4494.84
1.93E+09 0.0888 4466.59
1.99E+09 0.0900 4435.12
2.04E+09 0.0850 4413.63
2.07E+09 0.0841 4399.31
2.09E+09 0.0736 4387.33
2.13E+09 0.0673 4374.79
2.16E+09 0.0655 4363.36
2.19E+09 0.0608 4351.91
2.22E+09 0.0723 4341.05
2.25E+09 0.0654 4330.31
2.28E+09 0.0584 4318.22
2.31E+09 0.0521 4308.37
2.35E+09 0.0571 4296.94
2.38E+09 0.0639 4288.83
2.41E+09 0.0560 4277.7
2.45E+09 0.0524 4265.76
2.49E+09 0.0452 4253.99
2.54E+09 0.0531 4241.56
2.58E+09 0.0522 4228.38
2.62E+09 0.0513 4217.93
2.66E+09 0.0424 4207.17
2.70E+09 0.0453 4197.25
2.75E+09 0.0422 4186.19
2.79E+09 0.0390 4176.77
2.83E+09 0.0401 4168.03
2.87E+09 0.0365 4159.15
2.92E+09 0.0338 4150.24
2.96E+09 0.0341 4141.97
3.00E+09 0.0356 4133.87
3.04E+09 0.0365 4125.57
3.09E+09 0.0326 4115.93
3.14E+09 0.0307 4107.32
3.19E+09 0.0310 4098.76
3.24E+09 0.0279 4091.14
3.29E+09 0.0305 4082.82
3.34E+09 0.0286 4074.91
3.39E+09 0.0283 4066.74
3.44E+09 0.0259 4058.63
3.50E+09 0.0240 4051.01
3.55E+09 0.0230 4043.63
3.61E+09 0.0235 4036.49
3.66E+09 0.0216 4029.4
3.72E+09 0.0201 4022.9
3.77E+09 0.0205 4016.88
3.83E+09 0.0200 4010.51
3.89E+09 0.0211 4004.09
3.94E+09 0.0193 3998.04
4.00E+09 0.0194 3991.39
4.06E+09 0.0180 3985.34
4.12E+09 0.0175 3979.2
4.18E+09 0.0173 3973.46
4.25E+09 0.0162 3967.47
4.31E+09 0.0160 3961.76
4.38E+09 0.0151 3955.94
4.45E+09 0.0135 3950.48
4.51E+09 0.0133 3945.47
4.58E+09 0.0138 3940.16
4.65E+09 0.0119 3935.03
4.72E+09 0.0118 3930.44
4.80E+09 0.0119 3925.75
4.87E+09 0.0112 3920.95
4.94E+09 0.0092 3916.74
