0.00E+00 -0.6867 5737.44
2.45E+08 0.1627 5502.31
3.30E+08 0.1666 5419.22
4.00E+08 0.1539 5355.15
4.62E+08 0.1474 5301.95
5.22E+08 0.1401 5252.11
5.81E+08 0.1347 5204.97
6.42E+08 0.1293 5158.97
7.02E+08 0.1240 5114.91
7.61E+08 0.1141 5072.97
8.02E+08 0.1150 5045.59
8.13E+08 0.1297 5037.5
8.24E+08 0.1487 5029.13
8.53E+08 0.1764 5000.43
9.26E+08 0.1764 4924.59
9.82E+08 0.1676 4865.62
1.11E+09 0.1277 4753.47
1.29E+09 0.1044 4633.96
1.46E+09 0.0859 4539.44
1.63E+09 0.0911 4444.83
1.76E+09 0.0737 4379.68
1.84E+09 0.0906 4340.34
1.90E+09 0.0856 4309.18
1.96E+09 0.0757 4285.12
1.99E+09 0.0708 4267.99
2.02E+09 0.0730 4256.8
2.05E+09 0.0618 4245.05
2.09E+09 0.0564 4232.82
2.12E+09 0.0583 4221.95
2.15E+09 0.0584 4210.66
2.19E+09 0.0556 4199.24
2.22E+09 0.0542 4187.15
2.25E+09 0.0596 4177.66
2.28E+09 0.0523 4167.43
2.32E+09 0.0511 4157.23
2.35E+09 0.0462 4146.95
2.39E+09 0.0456 4136.47
2.42E+09 0.0521 4127.8
2.46E+09 0.0492 4117.44
2.49E+09 0.0440 4106.78
2.54E+09 0.0451 4096.15
2.58E+09 0.0480 4084.5
2.61E+09 0.0460 4075.34
2.65E+09 0.0369 4064.89
2.70E+09 0.0393 4055.78
2.75E+09 0.0432 4042.86
2.80E+09 0.0403 4030.31
2.84E+09 0.0397 4020.82
2.89E+09 0.0321 4010.9
2.93E+09 0.0321 4001.98
2.98E+09 0.0310 3993.13
3.03E+09 0.0293 3984.24
3.08E+09 0.0286 3975.88
3.13E+09 0.0288 3967.6
3.18E+09 0.0275 3959.77
3.23E+09 0.0265 3951.9
3.28E+09 0.0282 3943.92
3.33E+09 0.0266 3935.62
3.39E+09 0.0242 3927.03
3.45E+09 0.0230 3918.5
3.51E+09 0.0219 3910.59
3.56E+09 0.0233 3903.63
3.62E+09 0.0216 3896.47
3.68E+09 0.0187 3888.91
3.74E+09 0.0188 3882.17
3.80E+09 0.0193 3875.25
3.86E+09 0.0192 3868.41
3.93E+09 0.0183 3861.06
4.00E+09 0.0162 3853.93
4.07E+09 0.0155 3847.31
4.14E+09 0.0161 3840.98
4.21E+09 0.0159 3834.52
4.28E+09 0.0147 3828.28
4.35E+09 0.0142 3822.07
4.42E+09 0.0144 3816.21
4.50E+09 0.0140 3810.02
4.57E+09 0.0127 3804.3
4.65E+09 0.0123 3798.68
4.72E+09 0.0115 3793.23
4.80E+09 0.0118 3787.94
4.87E+09 0.0123 3782.69
4.96E+09 0.0100 3777.48
