0.00E+00 -0.6828 5436.73
2.12E+08 0.1742 5286.24
2.76E+08 0.1612 5239.08
3.29E+08 0.1544 5201.29
3.80E+08 0.1491 5167.22
4.29E+08 0.1410 5135.92
4.75E+08 0.1302 5106.97
5.13E+08 0.1297 5084.15
5.56E+08 0.1247 5059.49
5.95E+08 0.1198 5037.51
6.33E+08 0.1169 5016.85
6.61E+08 0.1183 5001.92
6.76E+08 0.1387 4993.39
6.79E+08 0.1980 4991.07
6.83E+08 0.2234 4987.41
6.90E+08 0.2282 4980.65
7.13E+08 0.1817 4959.02
7.70E+08 0.1741 4913.45
8.18E+08 0.1720 4875.71
8.53E+08 0.1877 4847.38
9.11E+08 0.1428 4805.92
9.99E+08 0.1262 4751.99
1.10E+09 0.1088 4700.01
1.19E+09 0.1371 4646.64
1.29E+09 0.1346 4590.4
1.41E+09 0.1299 4514.56
1.50E+09 0.1119 4464.61
1.57E+09 0.0981 4427.88
1.62E+09 0.0888 4409.76
1.64E+09 0.0784 4399.3
1.67E+09 0.0713 4389.96
1.70E+09 0.0710 4380.23
1.72E+09 0.0686 4373.33
1.75E+09 0.0729 4365.59
1.77E+09 0.0715 4356.72
1.80E+09 0.0654 4347.58
1.83E+09 0.0662 4338.94
1.86E+09 0.0612 4330.56
1.89E+09 0.0620 4321.4
1.92E+09 0.0667 4313.52
1.95E+09 0.0591 4305.77
1.97E+09 0.0584 4298.88
2.00E+09 0.0548 4292.48
2.03E+09 0.0574 4284.57
2.05E+09 0.0544 4277.7
2.08E+09 0.0577 4269.84
2.12E+09 0.0480 4262.43
2.14E+09 0.0531 4255.79
2.17E+09 0.0404 4249.43
2.21E+09 0.0491 4242.61
2.23E+09 0.0513 4237.55
2.27E+09 0.0414 4230.31
2.30E+09 0.0395 4224.59
2.33E+09 0.0426 4218.7
2.36E+09 0.0429 4211.81
2.39E+09 0.0404 4205.92
2.42E+09 0.0400 4200.28
2.46E+09 0.0358 4194.11
2.49E+09 0.0404 4188.29
2.53E+09 0.0368 4182.17
2.56E+09 0.0354 4177.04
2.60E+09 0.0346 4170.52
2.64E+09 0.0306 4165.12
2.67E+09 0.0331 4160.12
2.71E+09 0.0295 4154.61
2.75E+09 0.0293 4149.6
2.79E+09 0.0297 4144.32
2.83E+09 0.0286 4138.7
2.87E+09 0.0296 4132.96
2.92E+09 0.0263 4127.35
2.96E+09 0.0261 4121.8
3.01E+09 0.0246 4116.54
3.05E+09 0.0270 4112.3
3.09E+09 0.0225 4107.61
3.13E+09 0.0252 4102.84
3.16E+09 0.0253 4099.22
3.21E+09 0.0193 4094.75
3.26E+09 0.0201 4090.17
3.30E+09 0.0204 4085.97
3.35E+09 0.0200 4081.45
3.40E+09 0.0212 4077.01
3.45E+09 0.0177 4072.81
3.50E+09 0.0180 4068.69
3.55E+09 0.0182 4064.13
3.60E+09 0.0182 4060.32
3.66E+09 0.0137 4056.22
3.70E+09 0.0141 4053.27
3.75E+09 0.0150 4050.12
3.81E+09 0.0161 4046.2
3.87E+09 0.0140 4042.17
3.93E+09 0.0149 4038.2
3.99E+09 0.0140 4034.22
4.05E+09 0.0126 4030.43
4.11E+09 0.0128 4026.91
4.17E+09 0.0137 4023.27
4.24E+09 0.0112 4019.67
4.30E+09 0.0121 4016.17
4.36E+09 0.0107 4012.83
4.43E+09 0.0112 4009.6
4.50E+09 0.0097 4006.38
4.56E+09 0.0106 4003.45
4.63E+09 0.0100 4000.4
4.70E+09 0.0104 3997.07
4.77E+09 0.0089 3993.87
4.85E+09 0.0089 3990.86
4.92E+09 0.0094 3988.07
4.99E+09 0.0079 3985.07
