0.00E+00 -0.4061 4563.81
3.02E+08 0.1195 4416.99
5.54E+08 0.0975 4239.01
7.45E+08 0.0908 4128.96
8.62E+08 0.0887 4062.85
9.40E+08 0.0789 4022.41
1.01E+09 0.0709 3990.57
1.06E+09 0.0669 3969.19
1.11E+09 0.0636 3948.11
1.19E+09 0.0669 3917.1
1.27E+09 0.0589 3885.68
1.33E+09 0.0544 3863.96
1.38E+09 0.0489 3847.77
1.44E+09 0.0460 3831.5
1.50E+09 0.0482 3812.88
1.58E+09 0.0412 3790.02
1.65E+09 0.0361 3774.15
1.72E+09 0.0378 3759.33
1.80E+09 0.0325 3740.66
1.86E+09 0.0296 3728.76
1.94E+09 0.0248 3716.83
2.00E+09 0.0251 3707.2
2.06E+09 0.0242 3697.11
2.12E+09 0.0216 3689.62
2.17E+09 0.0205 3683.32
2.22E+09 0.0181 3676.38
2.27E+09 0.0185 3670.69
2.32E+09 0.0163 3665.23
2.38E+09 0.0168 3659.33
2.44E+09 0.0154 3654.03
2.49E+09 0.0165 3648.49
2.55E+09 0.0164 3642.52
2.61E+09 0.0153 3636.82
2.67E+09 0.0151 3630.71
2.72E+09 0.0139 3626.57
2.78E+09 0.0133 3621.49
2.84E+09 0.0141 3616.14
2.89E+09 0.0128 3612.39
2.94E+09 0.0107 3608.3
3.01E+09 0.0114 3603.48
3.07E+09 0.0110 3599.36
3.13E+09 0.0096 3595.74
3.19E+09 0.0111 3591.83
3.25E+09 0.0104 3587.4
3.32E+09 0.0091 3583.52
3.39E+09 0.0101 3579.25
3.46E+09 0.0105 3574.96
3.52E+09 0.0091 3570.9
3.61E+09 0.0075 3566.77
3.68E+09 0.0087 3562.86
3.75E+09 0.0076 3559.37
3.83E+09 0.0074 3555.78
3.91E+09 0.0078 3551.75
4.00E+09 0.0075 3547.58
4.09E+09 0.0069 3543.83
4.17E+09 0.0071 3540.1
4.26E+09 0.0077 3535.98
4.36E+09 0.0070 3531.53
4.44E+09 0.0066 3528.1
4.52E+09 0.0060 3525.14
4.60E+09 0.0056 3522.17
4.68E+09 0.0053 3519.54
4.78E+09 0.0050 3516.17
4.89E+09 0.0052 3512.8
4.99E+09 0.0050 3509.68
