0.00E+00 -0.6434 5296.84
1.75E+08 0.1694 5212.41
2.27E+08 0.1692 5184.6
2.66E+08 0.1732 5164.14
3.01E+08 0.1537 5146.45
3.26E+08 0.1572 5133.91
3.49E+08 0.1567 5122.62
3.63E+08 0.1655 5115.46
3.66E+08 0.1895 5114.2
3.68E+08 0.2328 5112.5
3.75E+08 0.2414 5107.52
3.85E+08 0.2317 5099.66
4.00E+08 0.2327 5088.5
4.17E+08 0.2361 5076.13
4.34E+08 0.2448 5063.19
4.37E+08 0.2702 5060.7
4.52E+08 0.2452 5049.13
4.97E+08 0.2124 5017.74
5.35E+08 0.2317 4991.33
5.53E+08 0.2659 4977.68
5.88E+08 0.2510 4949.02
6.14E+08 0.2521 4928.31
6.47E+08 0.2385 4902.45
6.91E+08 0.2164 4870.9
7.37E+08 0.1965 4840.69
7.71E+08 0.1874 4820.32
7.99E+08 0.1840 4804.21
8.32E+08 0.1777 4785.39
8.54E+08 0.1819 4772.87
8.75E+08 0.1986 4759.52
8.99E+08 0.1902 4745.2
9.17E+08 0.1947 4733.87
9.36E+08 0.1766 4722.58
9.56E+08 0.1875 4711.11
9.72E+08 0.1772 4701.98
9.89E+08 0.1729 4693.2
1.00E+09 0.1750 4685.62
1.02E+09 0.1796 4677.73
1.03E+09 0.1693 4668.43
1.05E+09 0.1642 4660.67
1.06E+09 0.1724 4652.99
1.08E+09 0.1751 4644.37
1.09E+09 0.1617 4637.61
1.10E+09 0.1604 4630.82
1.12E+09 0.1614 4624.06
1.13E+09 0.1567 4618.19
1.14E+09 0.1462 4612.78
1.16E+09 0.1616 4605.99
1.17E+09 0.1487 4598.85
1.18E+09 0.1529 4592.45
1.20E+09 0.1519 4586.75
1.21E+09 0.1490 4581.18
1.22E+09 0.1490 4575.34
1.23E+09 0.1425 4569.94
1.25E+09 0.1449 4563.22
1.26E+09 0.1462 4556.26
1.27E+09 0.1473 4550.31
1.29E+09 0.1396 4543.9
1.30E+09 0.1396 4538.59
1.31E+09 0.1400 4533.18
1.32E+09 0.1410 4528.82
1.33E+09 0.1336 4523.92
1.34E+09 0.1334 4519.17
1.35E+09 0.1336 4514.94
1.37E+09 0.1313 4510.26
1.37E+09 0.1355 4506.22
1.39E+09 0.1256 4501.77
1.40E+09 0.1278 4497.99
1.40E+09 0.1269 4494.19
1.42E+09 0.1231 4489.51
1.43E+09 0.1293 4484.84
1.44E+09 0.1257 4480.02
1.45E+09 0.1237 4475.74
1.46E+09 0.1311 4470.96
1.48E+09 0.1237 4465.83
1.49E+09 0.1235 4461.06
1.50E+09 0.1174 4456.54
1.51E+09 0.1208 4452.86
1.52E+09 0.1248 4448.6
1.53E+09 0.1161 4444.29
1.54E+09 0.1155 4440.34
1.55E+09 0.1213 4435.78
1.57E+09 0.1201 4430.69
1.58E+09 0.1083 4426.29
1.59E+09 0.1131 4422.08
1.60E+09 0.1085 4418.45
1.61E+09 0.1125 4414.8
1.63E+09 0.1063 4410.46
1.64E+09 0.1042 4406.96
1.65E+09 0.1172 4402.76
1.66E+09 0.1093 4398.6
1.67E+09 0.1054 4394.33
1.68E+09 0.1049 4390.17
1.70E+09 0.1096 4386.4
1.71E+09 0.1044 4382.76
1.72E+09 0.0996 4378.75
1.73E+09 0.1096 4375.02
1.74E+09 0.1102 4370.33
1.76E+09 0.1040 4365.85
1.77E+09 0.1008 4362.15
1.78E+09 0.1031 4358.02
1.79E+09 0.0968 4353.97
1.81E+09 0.0894 4350.12
1.82E+09 0.1059 4346.95
1.83E+09 0.1054 4341.88
1.85E+09 0.0990 4337.05
1.86E+09 0.0948 4333.32
1.87E+09 0.0947 4329.14
1.89E+09 0.0946 4325.18
1.90E+09 0.0891 4321.23
1.91E+09 0.0909 4317.43
1.93E+09 0.0865 4313.39
1.94E+09 0.0892 4309.67
1.95E+09 0.0876 4306.54
1.97E+09 0.0951 4302.31
1.98E+09 0.0911 4298.42
2.00E+09 0.0864 4294.44
2.01E+09 0.0904 4290.87
2.02E+09 0.0835 4287.29
2.04E+09 0.0880 4283.54
2.05E+09 0.0882 4279.7
2.06E+09 0.0902 4275.75
2.08E+09 0.0823 4271.78
2.09E+09 0.0829 4267.54
2.11E+09 0.0766 4264.05
2.12E+09 0.0904 4260.49
2.13E+09 0.0876 4257.14
2.15E+09 0.0793 4252.67
2.17E+09 0.0771 4248.94
2.18E+09 0.0751 4245.71
2.19E+09 0.0848 4242.04
2.20E+09 0.0826 4239.05
2.22E+09 0.0810 4234.46
2.24E+09 0.0801 4231.3
2.25E+09 0.0759 4227.22
2.27E+09 0.0778 4223.77
2.28E+09 0.0708 4220.31
2.29E+09 0.0728 4217.38
2.31E+09 0.0650 4214.09
2.32E+09 0.0689 4211.08
2.34E+09 0.0723 4207.91
2.35E+09 0.0678 4204.38
2.37E+09 0.0645 4201.22
2.38E+09 0.0755 4197.85
2.40E+09 0.0689 4194.14
2.42E+09 0.0717 4190.78
2.43E+09 0.0659 4187.47
2.45E+09 0.0607 4184.42
2.46E+09 0.0662 4181.23
2.48E+09 0.0671 4177.92
2.49E+09 0.0627 4174.72
2.51E+09 0.0640 4171.7
2.52E+09 0.0654 4168.53
2.54E+09 0.0578 4165.48
2.55E+09 0.0694 4162.27
2.57E+09 0.0631 4158.71
2.59E+09 0.0642 4155.18
2.61E+09 0.0667 4151.89
2.62E+09 0.0585 4148.38
2.64E+09 0.0622 4145.24
2.66E+09 0.0559 4142.23
2.67E+09 0.0561 4139.16
2.69E+09 0.0568 4136.01
2.71E+09 0.0514 4133.21
2.72E+09 0.0524 4130.63
2.74E+09 0.0604 4127.68
2.76E+09 0.0589 4124.47
2.77E+09 0.0570 4121.12
2.79E+09 0.0555 4117.71
2.81E+09 0.0530 4114.69
2.83E+09 0.0526 4111.75
2.85E+09 0.0520 4108.98
2.86E+09 0.0485 4105.96
2.88E+09 0.0481 4103.2
2.90E+09 0.0479 4100.49
2.92E+09 0.0555 4097.83
2.94E+09 0.0539 4094.5
2.96E+09 0.0509 4091.12
2.97E+09 0.0529 4088.11
2.99E+09 0.0489 4085.24
3.01E+09 0.0456 4082.43
3.03E+09 0.0534 4079.24
3.05E+09 0.0502 4076.13
3.07E+09 0.0443 4073.15
3.09E+09 0.0416 4070.5
3.11E+09 0.0472 4067.96
3.13E+09 0.0512 4065.3
3.14E+09 0.0435 4062.52
3.16E+09 0.0427 4059.78
3.19E+09 0.0466 4056.9
3.20E+09 0.0418 4054.28
3.22E+09 0.0395 4051.74
3.24E+09 0.0394 4049.49
3.26E+09 0.0432 4047.25
3.28E+09 0.0456 4044.3
3.30E+09 0.0452 4041.2
3.32E+09 0.0438 4038.18
3.34E+09 0.0402 4035.36
3.37E+09 0.0369 4032.69
3.38E+09 0.0408 4030.49
3.40E+09 0.0361 4028.31
3.43E+09 0.0368 4025.68
3.44E+09 0.0404 4023.45
3.46E+09 0.0377 4020.94
3.49E+09 0.0394 4018.32
3.51E+09 0.0357 4015.92
3.53E+09 0.0360 4013.48
3.55E+09 0.0360 4011.09
3.57E+09 0.0343 4008.76
3.59E+09 0.0376 4006.46
3.61E+09 0.0343 4003.67
3.64E+09 0.0319 4001.26
3.66E+09 0.0377 3998.85
3.68E+09 0.0389 3996.36
3.70E+09 0.0344 3993.64
3.73E+09 0.0319 3990.92
3.75E+09 0.0351 3988.32
3.78E+09 0.0344 3985.81
3.80E+09 0.0312 3983.57
3.82E+09 0.0322 3981.13
3.84E+09 0.0308 3979.03
3.87E+09 0.0300 3976.59
3.90E+09 0.0323 3973.98
3.92E+09 0.0339 3971.21
3.95E+09 0.0308 3968.6
3.97E+09 0.0337 3966.19
4.00E+09 0.0327 3963.73
4.03E+09 0.0304 3960.65
4.06E+09 0.0294 3957.77
4.08E+09 0.0312 3955.43
4.11E+09 0.0296 3952.76
4.14E+09 0.0267 3950.2
4.16E+09 0.0247 3948.11
4.19E+09 0.0301 3945.71
4.22E+09 0.0291 3943.45
4.24E+09 0.0254 3941.16
4.27E+09 0.0265 3938.68
4.30E+09 0.0284 3936.42
4.33E+09 0.0254 3934.06
4.36E+09 0.0244 3931.53
4.39E+09 0.0264 3929.18
4.41E+09 0.0261 3926.96
4.44E+09 0.0235 3924.75
4.47E+09 0.0281 3922.34
4.50E+09 0.0264 3920.01
4.53E+09 0.0261 3917.42
4.56E+09 0.0240 3914.92
4.59E+09 0.0245 3912.74
4.62E+09 0.0249 3910.74
4.64E+09 0.0228 3908.82
4.67E+09 0.0213 3906.65
4.71E+09 0.0229 3904.33
4.73E+09 0.0238 3902.37
4.76E+09 0.0214 3900.43
4.80E+09 0.0199 3898.2
4.83E+09 0.0216 3895.96
4.86E+09 0.0245 3893.83
4.89E+09 0.0220 3891.6
4.92E+09 0.0206 3889.57
4.96E+09 0.0207 3887.38
4.99E+09 0.0216 3885.35
