0.00E+00 -0.9896 6289.54
1.18E+08 0.3329 6182.75
1.56E+08 0.3223 6142.03
1.87E+08 0.2938 6109.89
2.10E+08 0.3022 6087.59
2.34E+08 0.2887 6064.36
2.50E+08 0.2894 6048.74
2.72E+08 0.2710 6028.54
2.88E+08 0.2778 6014.44
3.06E+08 0.2671 5998.1
3.23E+08 0.2653 5982.92
3.39E+08 0.2621 5969.16
3.57E+08 0.2539 5953.68
3.73E+08 0.2535 5941
3.88E+08 0.2500 5927.73
4.05E+08 0.2443 5914.38
4.18E+08 0.2457 5903.94
4.34E+08 0.2398 5891.16
4.49E+08 0.2364 5879.03
4.62E+08 0.2368 5869.26
4.76E+08 0.2324 5858.63
4.88E+08 0.2278 5848.99
5.00E+08 0.2256 5840.4
5.12E+08 0.2282 5831.39
5.23E+08 0.2251 5823.44
5.32E+08 0.2298 5816.35
5.40E+08 0.2334 5809.92
5.47E+08 0.2432 5804.33
5.52E+08 0.2602 5800.6
5.54E+08 0.2807 5799.21
5.55E+08 0.3120 5797.43
5.57E+08 0.3717 5795.67
5.61E+08 0.4008 5790.84
5.66E+08 0.3815 5783.38
5.78E+08 0.3693 5769.68
5.96E+08 0.3671 5747.86
6.16E+08 0.3663 5722.87
6.32E+08 0.3644 5703.43
6.47E+08 0.3639 5686.51
6.62E+08 0.3729 5667.63
6.73E+08 0.3509 5654.78
6.90E+08 0.3511 5634.88
7.16E+08 0.3037 5608.01
7.44E+08 0.2807 5581.23
7.76E+08 0.2559 5553.03
8.13E+08 0.2407 5523.58
8.43E+08 0.2876 5497.73
8.71E+08 0.3015 5469.97
8.97E+08 0.2783 5444.31
9.27E+08 0.3161 5415.92
9.68E+08 0.2945 5374.41
1.01E+09 0.3254 5329.91
1.04E+09 0.3035 5302.63
1.06E+09 0.2805 5281.55
1.08E+09 0.2714 5264.35
1.10E+09 0.2640 5249.19
1.12E+09 0.2551 5232.58
1.14E+09 0.2448 5214.5
1.16E+09 0.2386 5199.34
1.18E+09 0.2312 5185.46
1.19E+09 0.2220 5175.79
1.20E+09 0.2160 5166.3
1.21E+09 0.2099 5156.76
1.23E+09 0.2123 5148.55
1.24E+09 0.2018 5140.55
1.25E+09 0.1999 5132.97
1.26E+09 0.2001 5126.25
1.27E+09 0.2029 5118.09
1.28E+09 0.2013 5111.4
1.29E+09 0.1980 5103.45
1.31E+09 0.1977 5095.18
1.32E+09 0.1900 5087.13
1.33E+09 0.1889 5078.83
1.35E+09 0.1855 5071.19
1.36E+09 0.1811 5064.6
1.37E+09 0.1797 5057.51
1.38E+09 0.1773 5051.81
1.39E+09 0.1792 5046.46
1.40E+09 0.1796 5041.02
1.41E+09 0.1730 5034.72
1.42E+09 0.1751 5028.94
1.43E+09 0.1722 5023.45
1.44E+09 0.1728 5017.83
1.45E+09 0.1700 5012.4
1.46E+09 0.1657 5006.28
1.47E+09 0.1690 5001.42
1.48E+09 0.1625 4996.21
1.49E+09 0.1626 4989.44
1.50E+09 0.1609 4982.72
1.51E+09 0.1605 4977.15
1.52E+09 0.1598 4971.21
1.53E+09 0.1570 4965.43
1.55E+09 0.1558 4959.42
1.56E+09 0.1544 4954.1
1.57E+09 0.1526 4948.44
1.58E+09 0.1526 4941.95
1.59E+09 0.1501 4935.22
1.61E+09 0.1496 4928.54
1.62E+09 0.1488 4922.59
1.63E+09 0.1462 4915.69
1.65E+09 0.1458 4908.57
1.66E+09 0.1420 4900.94
1.68E+09 0.1411 4895.31
1.69E+09 0.1391 4889.74
1.70E+09 0.1394 4883.42
1.72E+09 0.1377 4876.53
1.73E+09 0.1358 4869.79
1.74E+09 0.1378 4864.39
1.76E+09 0.1327 4858.71
1.77E+09 0.1335 4853.04
1.78E+09 0.1295 4846.69
1.80E+09 0.1358 4841.35
1.81E+09 0.1267 4834.78
1.83E+09 0.1276 4829.12
1.84E+09 0.1284 4823.62
1.85E+09 0.1240 4818.12
1.87E+09 0.1261 4812.9
1.88E+09 0.1201 4807.17
1.89E+09 0.1242 4802.1
1.91E+09 0.1226 4796.61
1.92E+09 0.1215 4791.67
1.93E+09 0.1179 4785.95
1.95E+09 0.1204 4780.48
1.96E+09 0.1185 4774.93
1.98E+09 0.1150 4768.67
1.99E+09 0.1180 4762.48
2.01E+09 0.1179 4756.61
2.02E+09 0.1125 4750.88
2.04E+09 0.1123 4745.31
2.05E+09 0.1120 4739.25
2.07E+09 0.1103 4733.05
2.08E+09 0.1094 4728.17
2.10E+09 0.1087 4723.25
2.11E+09 0.1083 4717.3
2.13E+09 0.1077 4711.93
2.15E+09 0.1069 4706.43
2.16E+09 0.1039 4700.78
2.18E+09 0.1036 4694.61
2.20E+09 0.0993 4688.74
2.21E+09 0.1032 4683.74
2.23E+09 0.0997 4678.23
2.24E+09 0.0971 4673.03
2.26E+09 0.1006 4667.55
2.28E+09 0.0974 4662.45
2.30E+09 0.0958 4656.56
2.31E+09 0.0952 4651.21
2.33E+09 0.0944 4645.59
2.35E+09 0.0904 4640.22
2.37E+09 0.0905 4634.87
2.39E+09 0.0933 4629.34
2.40E+09 0.0922 4624.81
2.42E+09 0.0881 4619.24
2.44E+09 0.0863 4614.48
2.45E+09 0.0874 4609.05
2.47E+09 0.0854 4604.39
2.49E+09 0.0847 4599.26
2.51E+09 0.0829 4593.67
2.53E+09 0.0799 4588.8
2.55E+09 0.0814 4583.67
2.57E+09 0.0782 4578.37
2.59E+09 0.0790 4573.39
2.61E+09 0.0776 4567.71
2.63E+09 0.0783 4562.25
2.65E+09 0.0770 4557.62
2.67E+09 0.0772 4552.21
2.69E+09 0.0694 4547.24
2.71E+09 0.0762 4542.18
2.73E+09 0.0709 4537.19
2.75E+09 0.0681 4532.41
2.78E+09 0.0725 4527.12
2.80E+09 0.0653 4521.94
2.82E+09 0.0686 4517.97
2.84E+09 0.0665 4513.5
2.86E+09 0.0651 4508.69
2.88E+09 0.0621 4503.83
2.90E+09 0.0622 4499.75
2.92E+09 0.0642 4495.35
2.95E+09 0.0602 4490.13
2.97E+09 0.0601 4485.52
3.00E+09 0.0595 4480.62
3.02E+09 0.0563 4475.87
3.05E+09 0.0577 4471.81
3.07E+09 0.0574 4466.94
3.10E+09 0.0547 4462.09
3.12E+09 0.0538 4457.32
3.15E+09 0.0541 4452.38
3.18E+09 0.0523 4447.88
3.21E+09 0.0506 4443.13
3.23E+09 0.0478 4438.96
3.26E+09 0.0508 4434.67
3.28E+09 0.0488 4430.29
3.31E+09 0.0464 4425.66
3.34E+09 0.0462 4421.44
3.37E+09 0.0450 4417.36
3.39E+09 0.0453 4413.92
3.42E+09 0.0432 4409.41
3.45E+09 0.0416 4405.03
3.48E+09 0.0426 4401.06
3.51E+09 0.0417 4397.68
3.54E+09 0.0410 4393.65
3.57E+09 0.0427 4389.69
3.59E+09 0.0391 4385.65
3.63E+09 0.0399 4381.61
3.66E+09 0.0376 4377.85
3.69E+09 0.0378 4373.52
3.72E+09 0.0375 4369.79
3.75E+09 0.0354 4365.93
3.79E+09 0.0351 4362.03
3.81E+09 0.0357 4358.78
3.85E+09 0.0338 4355.09
3.87E+09 0.0320 4351.93
3.91E+09 0.0309 4348.64
3.93E+09 0.0330 4345.77
3.97E+09 0.0308 4342.03
4.00E+09 0.0310 4338.59
4.04E+09 0.0296 4335.09
4.07E+09 0.0325 4331.41
4.11E+09 0.0274 4327.84
4.14E+09 0.0290 4324.83
4.17E+09 0.0279 4321.8
4.21E+09 0.0291 4318.88
4.24E+09 0.0282 4315.44
4.28E+09 0.0260 4312.51
4.30E+09 0.0288 4309.97
4.34E+09 0.0263 4306.29
4.38E+09 0.0267 4302.86
4.41E+09 0.0270 4300.01
4.45E+09 0.0247 4297.11
4.48E+09 0.0245 4294.37
4.52E+09 0.0237 4291.62
4.55E+09 0.0225 4289.18
4.59E+09 0.0231 4286.57
4.62E+09 0.0224 4283.7
4.65E+09 0.0222 4281.49
4.69E+09 0.0240 4278.49
4.73E+09 0.0221 4275.48
4.77E+09 0.0221 4273.14
4.80E+09 0.0223 4270.64
4.84E+09 0.0210 4268.06
4.87E+09 0.0219 4265.43
4.91E+09 0.0209 4263.06
4.95E+09 0.0201 4260.43
4.99E+09 0.0203 4257.8
