0.00E+00 -1.2319 6952.42
1.96E+08 0.3032 6559.91
2.67E+08 0.2590 6424.23
3.25E+08 0.2527 6322.97
3.77E+08 0.2342 6235.96
4.27E+08 0.2255 6158.8
4.79E+08 0.2146 6080.77
5.31E+08 0.2031 6006.32
5.85E+08 0.1916 5933.71
6.40E+08 0.1809 5863.39
6.96E+08 0.1702 5795.78
7.55E+08 0.1616 5729.02
8.18E+08 0.1518 5661.82
8.87E+08 0.1414 5593.22
9.61E+08 0.1316 5524.33
1.03E+09 0.1210 5462.8
1.08E+09 0.1125 5422.02
1.12E+09 0.1228 5391.26
1.15E+09 0.2258 5358.67
1.16E+09 0.2379 5348
1.18E+09 0.1898 5321.59
1.27E+09 0.1138 5236.49
1.45E+09 0.1053 5094.53
1.66E+09 0.0745 4967.61
1.92E+09 0.0761 4820.84
2.15E+09 0.0534 4721.58
2.34E+09 0.0436 4659.95
2.49E+09 0.0376 4616.47
2.61E+09 0.0278 4589.48
2.72E+09 0.0220 4571.87
2.80E+09 0.0186 4560.51
2.88E+09 0.0148 4551.01
2.95E+09 0.0118 4544.51
3.02E+09 0.0106 4539.43
3.08E+09 0.0131 4535.2
3.15E+09 0.0119 4528.37
3.20E+09 0.0144 4524.08
3.26E+09 0.0116 4518.6
3.33E+09 0.0098 4514
3.39E+09 0.0114 4509.44
3.45E+09 0.0094 4505.34
3.51E+09 0.0115 4501.26
3.57E+09 0.0090 4496.62
3.63E+09 0.0080 4493.22
3.69E+09 0.0087 4489.73
3.76E+09 0.0082 4486.22
3.82E+09 0.0075 4482.63
3.89E+09 0.0075 4479.28
3.96E+09 0.0084 4475.6
4.03E+09 0.0092 4471.49
4.10E+09 0.0079 4467.06
4.17E+09 0.0062 4463.97
4.24E+09 0.0067 4460.91
4.31E+09 0.0063 4457.52
4.38E+09 0.0064 4454.3
4.46E+09 0.0064 4450.99
4.53E+09 0.0064 4447.86
4.61E+09 0.0051 4444.74
4.69E+09 0.0060 4441.85
4.77E+09 0.0060 4438.47
4.85E+09 0.0053 4435.2
4.94E+09 0.0050 4432.42
