0.00E+00 -0.4513 4846.68
3.83E+07 0.3100 4823.24
5.41E+07 0.3435 4804.26
6.47E+07 0.3385 4791.28
7.85E+07 0.3240 4774.59
1.08E+08 0.2841 4741.79
1.38E+08 0.2860 4712.81
1.66E+08 0.3118 4682.54
2.09E+08 0.3119 4634.15
2.50E+08 0.3055 4588.63
2.80E+08 0.2945 4556.65
2.99E+08 0.2816 4536.95
3.15E+08 0.2762 4520.96
3.30E+08 0.2725 4505.3
3.48E+08 0.2659 4488.32
3.60E+08 0.2601 4476.31
3.73E+08 0.2600 4464.32
3.87E+08 0.2565 4451.05
4.00E+08 0.2477 4439.53
4.11E+08 0.2458 4429.64
4.22E+08 0.2449 4420.27
4.33E+08 0.2411 4410.41
4.47E+08 0.2388 4398.17
4.57E+08 0.2331 4389.51
4.68E+08 0.2313 4380.63
4.81E+08 0.2269 4370.11
4.96E+08 0.2237 4358.11
5.09E+08 0.2193 4347.04
5.18E+08 0.2155 4340.37
5.28E+08 0.2134 4332.35
5.39E+08 0.2093 4324.49
5.50E+08 0.2075 4315.58
5.61E+08 0.2013 4307.63
5.73E+08 0.2001 4299.09
5.84E+08 0.1969 4291.26
5.95E+08 0.1922 4283.86
6.05E+08 0.1914 4276.88
6.15E+08 0.1870 4270.03
6.25E+08 0.1841 4262.86
6.37E+08 0.1825 4255.16
6.48E+08 0.1765 4248.25
6.59E+08 0.1779 4240.74
6.72E+08 0.1718 4232.86
6.83E+08 0.1700 4225.79
6.94E+08 0.1681 4219.58
7.05E+08 0.1641 4212.51
7.17E+08 0.1619 4205.5
7.28E+08 0.1591 4199.06
7.40E+08 0.1581 4192.6
7.52E+08 0.1546 4185.83
7.67E+08 0.1511 4177.39
7.83E+08 0.1474 4169
7.98E+08 0.1451 4161.3
8.15E+08 0.1413 4152.52
8.30E+08 0.1371 4144.85
8.42E+08 0.1364 4138.97
8.54E+08 0.1327 4133.01
8.66E+08 0.1319 4127.17
8.77E+08 0.1310 4122.36
8.87E+08 0.1305 4117.51
8.97E+08 0.1285 4112.88
9.07E+08 0.1262 4108.14
9.18E+08 0.1288 4103.06
9.29E+08 0.1254 4098
9.41E+08 0.1249 4092.53
9.52E+08 0.1240 4087.75
9.61E+08 0.1244 4083.76
9.71E+08 0.1229 4079.28
9.81E+08 0.1229 4074.77
9.91E+08 0.1220 4070.49
1.00E+09 0.1212 4065.1
1.01E+09 0.1199 4060.29
1.03E+09 0.1189 4055.62
1.04E+09 0.1196 4050.18
1.05E+09 0.1165 4045.87
1.06E+09 0.1167 4041.46
1.07E+09 0.1187 4036.52
1.08E+09 0.1161 4032.08
1.09E+09 0.1161 4027.61
1.10E+09 0.1144 4022.11
1.12E+09 0.1140 4016.98
1.13E+09 0.1120 4012.98
1.14E+09 0.1129 4008.28
1.15E+09 0.1124 4003.73
1.16E+09 0.1116 3999.69
1.17E+09 0.1100 3994.36
1.19E+09 0.1095 3988.63
1.20E+09 0.1100 3984.83
1.21E+09 0.1069 3980.41
1.22E+09 0.1065 3975.6
1.23E+09 0.1071 3971.69
1.24E+09 0.1060 3968.57
1.25E+09 0.1047 3964.66
1.26E+09 0.1055 3961.51
1.27E+09 0.1044 3958.45
1.28E+09 0.1039 3954.6
1.29E+09 0.1035 3950.28
1.30E+09 0.1031 3946.7
1.31E+09 0.1028 3943.89
1.32E+09 0.1021 3939.64
1.33E+09 0.1020 3935.54
1.34E+09 0.0993 3931.59
1.35E+09 0.0994 3927.83
1.36E+09 0.0985 3924.58
1.37E+09 0.0984 3921.32
1.38E+09 0.0977 3918.01
1.39E+09 0.0977 3914.36
1.40E+09 0.0975 3910.55
1.41E+09 0.0979 3907.02
1.42E+09 0.0957 3903.51
1.43E+09 0.0952 3899.38
1.44E+09 0.0938 3895.94
1.45E+09 0.0938 3892.07
1.46E+09 0.0924 3888.66
1.47E+09 0.0930 3885.08
1.48E+09 0.0931 3881.25
1.49E+09 0.0925 3877.85
1.51E+09 0.0904 3873.98
1.52E+09 0.0911 3870.8
1.53E+09 0.0916 3867.27
1.54E+09 0.0888 3864.01
1.55E+09 0.0893 3860.45
1.56E+09 0.0884 3856.78
1.57E+09 0.0890 3853.37
1.58E+09 0.0883 3849.87
1.59E+09 0.0875 3846.2
1.60E+09 0.0855 3842.51
1.62E+09 0.0865 3839.17
1.63E+09 0.0855 3835.21
1.64E+09 0.0839 3832.11
1.65E+09 0.0841 3828.37
1.66E+09 0.0837 3824.37
1.67E+09 0.0831 3820.98
1.69E+09 0.0819 3817.2
1.70E+09 0.0825 3814.03
1.71E+09 0.0811 3809.6
1.73E+09 0.0801 3805.46
1.74E+09 0.0794 3801.36
1.75E+09 0.0779 3797.84
1.77E+09 0.0779 3794.14
1.78E+09 0.0776 3790.7
1.79E+09 0.0778 3787.16
1.80E+09 0.0762 3783.7
1.82E+09 0.0754 3780.37
1.83E+09 0.0749 3776.67
1.84E+09 0.0759 3773.15
1.86E+09 0.0741 3769.48
1.87E+09 0.0738 3766.23
1.88E+09 0.0743 3762.83
1.90E+09 0.0741 3759.23
1.91E+09 0.0725 3756.02
1.92E+09 0.0709 3752.62
1.94E+09 0.0698 3748.93
1.95E+09 0.0707 3745.69
1.96E+09 0.0705 3742.39
1.97E+09 0.0696 3739.12
1.99E+09 0.0686 3735.56
2.01E+09 0.0691 3731.5
2.02E+09 0.0687 3727.41
2.04E+09 0.0678 3722.79
2.06E+09 0.0675 3718.58
2.08E+09 0.0671 3714.23
2.09E+09 0.0664 3710.53
2.11E+09 0.0642 3707.1
2.12E+09 0.0637 3703.93
2.13E+09 0.0629 3700.66
2.15E+09 0.0635 3697.53
2.16E+09 0.0633 3694.19
2.18E+09 0.0633 3690.92
2.19E+09 0.0608 3686.88
2.21E+09 0.0625 3683.83
2.23E+09 0.0609 3679.84
2.24E+09 0.0602 3676.18
2.26E+09 0.0599 3672.69
2.27E+09 0.0595 3669.28
2.29E+09 0.0592 3665.81
2.31E+09 0.0582 3662.4
2.32E+09 0.0579 3659.12
2.34E+09 0.0578 3655.84
2.35E+09 0.0570 3652.46
2.37E+09 0.0569 3648.96
2.39E+09 0.0565 3645.55
2.41E+09 0.0559 3641.97
2.42E+09 0.0552 3638.49
2.44E+09 0.0542 3634.62
2.46E+09 0.0545 3630.72
2.48E+09 0.0543 3626.93
2.50E+09 0.0524 3622.99
2.52E+09 0.0523 3619.5
2.54E+09 0.0519 3615.7
2.56E+09 0.0517 3612.09
2.58E+09 0.0510 3608.45
2.60E+09 0.0501 3605.16
2.62E+09 0.0488 3601.67
2.64E+09 0.0485 3598.42
2.65E+09 0.0482 3595.56
2.67E+09 0.0486 3592.42
2.69E+09 0.0473 3588.8
2.71E+09 0.0471 3585.23
2.73E+09 0.0467 3581.89
2.75E+09 0.0467 3578.37
2.78E+09 0.0459 3574.54
2.80E+09 0.0458 3570.81
2.82E+09 0.0446 3567.08
2.84E+09 0.0441 3563.74
2.86E+09 0.0445 3560.25
2.88E+09 0.0432 3557.03
2.90E+09 0.0421 3554.08
2.92E+09 0.0425 3551.28
2.94E+09 0.0423 3548.31
2.96E+09 0.0423 3545.33
2.98E+09 0.0419 3542.15
3.00E+09 0.0411 3539.03
3.03E+09 0.0406 3535.47
3.05E+09 0.0401 3531.95
3.07E+09 0.0394 3528.72
3.10E+09 0.0388 3525.67
3.12E+09 0.0392 3522.57
3.14E+09 0.0386 3519.16
3.17E+09 0.0386 3515.76
3.19E+09 0.0365 3512.2
3.22E+09 0.0370 3508.97
3.24E+09 0.0365 3505.84
3.27E+09 0.0361 3502.6
3.29E+09 0.0354 3499.23
3.32E+09 0.0352 3495.94
3.34E+09 0.0348 3492.8
3.37E+09 0.0341 3489.87
3.39E+09 0.0344 3486.81
3.42E+09 0.0336 3483.68
3.44E+09 0.0333 3480.63
3.47E+09 0.0335 3477.6
3.49E+09 0.0330 3474.53
3.52E+09 0.0327 3471.49
3.55E+09 0.0318 3468.21
3.57E+09 0.0314 3465.21
3.60E+09 0.0307 3462.26
3.62E+09 0.0306 3459.42
3.65E+09 0.0300 3456.62
3.68E+09 0.0294 3453.75
3.70E+09 0.0296 3451.37
3.73E+09 0.0287 3448.67
3.75E+09 0.0283 3445.81
3.78E+09 0.0272 3443.21
3.80E+09 0.0274 3440.64
3.83E+09 0.0274 3438.18
3.86E+09 0.0277 3435.57
3.88E+09 0.0273 3433.05
3.91E+09 0.0266 3430.5
3.94E+09 0.0262 3427.82
3.96E+09 0.0258 3425.08
3.99E+09 0.0268 3422.87
4.02E+09 0.0258 3420.2
4.04E+09 0.0256 3417.74
4.07E+09 0.0253 3415.09
4.10E+09 0.0253 3412.42
4.13E+09 0.0251 3409.93
4.16E+09 0.0244 3407.27
4.19E+09 0.0236 3404.84
4.22E+09 0.0233 3402.38
4.25E+09 0.0234 3399.9
4.28E+09 0.0231 3397.23
4.31E+09 0.0230 3394.72
4.34E+09 0.0226 3392.19
4.37E+09 0.0223 3389.53
4.41E+09 0.0217 3386.75
4.44E+09 0.0212 3384.15
4.47E+09 0.0214 3381.63
4.50E+09 0.0211 3379.22
4.54E+09 0.0212 3376.73
4.57E+09 0.0206 3374.09
4.61E+09 0.0204 3371.51
4.64E+09 0.0206 3368.86
4.68E+09 0.0199 3366.47
4.71E+09 0.0196 3364.01
4.75E+09 0.0193 3361.49
4.78E+09 0.0190 3359.03
4.82E+09 0.0192 3356.74
4.85E+09 0.0186 3354.16
4.89E+09 0.0182 3351.74
4.93E+09 0.0174 3349.32
4.96E+09 0.0171 3346.98
