0.00E+00 -0.7213 5824.32
1.84E+08 0.2185 5667.75
2.50E+08 0.1985 5606.47
2.96E+08 0.1957 5565.88
3.38E+08 0.1879 5530.4
3.79E+08 0.1747 5496.73
4.15E+08 0.1749 5467.64
4.49E+08 0.1721 5441.15
4.83E+08 0.1630 5414.61
5.12E+08 0.1621 5393.29
5.42E+08 0.1575 5371.52
5.69E+08 0.1574 5352.69
5.90E+08 0.1637 5337.41
5.99E+08 0.1796 5330.47
6.02E+08 0.1986 5328.02
6.08E+08 0.2406 5321.48
6.21E+08 0.2550 5306.66
6.51E+08 0.2227 5275.15
6.94E+08 0.2322 5230.83
7.29E+08 0.2426 5193.51
7.68E+08 0.2147 5152.78
8.36E+08 0.1880 5090.8
9.11E+08 0.1685 5030.23
1.00E+09 0.1679 4964.14
1.06E+09 0.1962 4914.63
1.12E+09 0.1796 4860.02
1.20E+09 0.1498 4799.75
1.29E+09 0.1778 4733.7
1.38E+09 0.1583 4664.4
1.44E+09 0.1595 4624.91
1.46E+09 0.1546 4608.25
1.48E+09 0.1454 4596.05
1.50E+09 0.1367 4584.05
1.52E+09 0.1274 4570.34
1.54E+09 0.1378 4561.2
1.56E+09 0.1335 4546.87
1.58E+09 0.1325 4535.76
1.60E+09 0.1301 4523.43
1.62E+09 0.1259 4512.02
1.64E+09 0.1166 4498.74
1.66E+09 0.0993 4489.8
1.68E+09 0.1176 4479.3
1.71E+09 0.1107 4466.75
1.73E+09 0.1240 4455.55
1.75E+09 0.1140 4442.93
1.78E+09 0.1025 4430.56
1.79E+09 0.0983 4421.75
1.82E+09 0.1009 4410.06
1.84E+09 0.1048 4400.25
1.87E+09 0.1038 4388.77
1.89E+09 0.0958 4377.35
1.91E+09 0.1013 4367.52
1.94E+09 0.0905 4356.13
1.96E+09 0.0985 4347.65
1.99E+09 0.0931 4336.8
2.01E+09 0.0900 4326.6
2.03E+09 0.0895 4317.46
2.06E+09 0.0822 4307.45
2.09E+09 0.0930 4297.18
2.11E+09 0.0854 4288.18
2.14E+09 0.0800 4277.45
2.16E+09 0.0858 4268.1
2.19E+09 0.0772 4259.15
2.22E+09 0.0721 4248.12
2.24E+09 0.0798 4240.83
2.27E+09 0.0748 4230.97
2.30E+09 0.0709 4221.76
2.33E+09 0.0745 4211.83
2.36E+09 0.0652 4201.52
2.39E+09 0.0718 4192.43
2.42E+09 0.0662 4183.14
2.44E+09 0.0656 4175.46
2.47E+09 0.0612 4167.99
2.50E+09 0.0569 4160.55
2.54E+09 0.0574 4150.39
2.57E+09 0.0561 4142.38
2.60E+09 0.0552 4135.17
2.62E+09 0.0525 4129.25
2.65E+09 0.0586 4120.65
2.69E+09 0.0521 4111.48
2.73E+09 0.0531 4102.2
2.77E+09 0.0503 4092.68
2.81E+09 0.0435 4084.47
2.84E+09 0.0530 4077.78
2.87E+09 0.0487 4070.22
2.91E+09 0.0466 4061.44
2.96E+09 0.0460 4052.44
2.99E+09 0.0446 4045.65
3.04E+09 0.0408 4037.14
3.07E+09 0.0414 4030.94
3.11E+09 0.0405 4024.04
3.15E+09 0.0377 4016.75
3.19E+09 0.0394 4010.4
3.22E+09 0.0374 4003.31
3.27E+09 0.0341 3996.04
3.31E+09 0.0367 3989.53
3.35E+09 0.0318 3982.95
3.40E+09 0.0320 3976.4
3.44E+09 0.0344 3970.12
3.49E+09 0.0307 3963.32
3.54E+09 0.0278 3956.03
3.59E+09 0.0275 3950.38
3.64E+09 0.0269 3944.26
3.68E+09 0.0254 3938.65
3.72E+09 0.0298 3933.73
3.77E+09 0.0248 3927.78
3.83E+09 0.0268 3921.23
3.87E+09 0.0249 3915.84
3.94E+09 0.0237 3908.87
3.99E+09 0.0219 3903.51
4.04E+09 0.0218 3898.12
4.10E+09 0.0203 3892.27
4.17E+09 0.0189 3886.94
4.22E+09 0.0206 3881.86
4.28E+09 0.0187 3877.05
4.34E+09 0.0210 3871.69
4.39E+09 0.0175 3866.71
4.46E+09 0.0191 3861.56
4.52E+09 0.0155 3856.69
4.59E+09 0.0167 3851.31
4.65E+09 0.0158 3846.65
4.71E+09 0.0155 3842.83
4.78E+09 0.0162 3837.76
4.84E+09 0.0128 3833.65
4.91E+09 0.0151 3829.12
4.99E+09 0.0121 3824.59
