0.00E+00 -0.4836 4916.44
5.02E+07 0.2963 4879.54
9.05E+07 0.2917 4834.01
1.66E+08 0.2556 4757.76
2.52E+08 0.2593 4675.5
3.32E+08 0.2339 4603.61
3.67E+08 0.2245 4573.24
3.99E+08 0.2196 4547.14
4.19E+08 0.2122 4531.06
4.36E+08 0.2040 4517.73
4.50E+08 0.1970 4507.5
4.67E+08 0.1890 4495.52
4.83E+08 0.1970 4483.87
4.95E+08 0.1900 4475.08
5.11E+08 0.1812 4464.68
5.28E+08 0.1884 4452.98
5.45E+08 0.1806 4441.55
5.60E+08 0.1787 4431.7
5.72E+08 0.1712 4423.48
5.90E+08 0.1765 4412.5
6.10E+08 0.1753 4399.39
6.26E+08 0.1689 4388.97
6.45E+08 0.1658 4377.25
6.59E+08 0.1627 4368.66
6.69E+08 0.1614 4362.93
6.85E+08 0.1570 4353.35
7.04E+08 0.1542 4342.7
7.22E+08 0.1511 4332.62
7.37E+08 0.1480 4324.19
7.52E+08 0.1507 4316.21
7.64E+08 0.1462 4309.16
7.78E+08 0.1415 4301.67
7.90E+08 0.1359 4295.88
8.02E+08 0.1407 4289.26
8.16E+08 0.1385 4282.42
8.30E+08 0.1357 4275.14
8.43E+08 0.1368 4268.82
8.58E+08 0.1320 4261.35
8.74E+08 0.1301 4253.59
8.89E+08 0.1245 4246.99
9.02E+08 0.1236 4240.73
9.18E+08 0.1269 4233.27
9.34E+08 0.1218 4226.04
9.46E+08 0.1201 4220.69
9.64E+08 0.1181 4212.93
9.81E+08 0.1165 4205.5
9.98E+08 0.1133 4198.19
1.01E+09 0.1172 4192.34
1.03E+09 0.1133 4184.39
1.04E+09 0.1138 4179.94
1.06E+09 0.1110 4173.13
1.07E+09 0.1097 4168.55
1.09E+09 0.1088 4162.32
1.10E+09 0.1064 4156.85
1.11E+09 0.1089 4151.08
1.13E+09 0.1064 4145.63
1.14E+09 0.1001 4139.15
1.16E+09 0.1034 4133.03
1.17E+09 0.1000 4128.15
1.19E+09 0.1064 4123.18
1.20E+09 0.0992 4117.01
1.21E+09 0.1009 4113.38
1.22E+09 0.0966 4109.7
1.24E+09 0.0954 4105.37
1.25E+09 0.0958 4099.48
1.27E+09 0.0965 4094.22
1.28E+09 0.0934 4089.57
1.29E+09 0.0952 4084.75
1.30E+09 0.0955 4080.85
1.32E+09 0.0938 4074.91
1.33E+09 0.0953 4070.72
1.35E+09 0.0911 4066.79
1.36E+09 0.0932 4060.96
1.38E+09 0.0897 4053.99
1.40E+09 0.0908 4048.41
1.42E+09 0.0897 4043.48
1.43E+09 0.0896 4039.21
1.44E+09 0.0866 4035.59
1.45E+09 0.0859 4031.17
1.47E+09 0.0869 4026.53
1.48E+09 0.0834 4022.59
1.49E+09 0.0802 4018.39
1.51E+09 0.0831 4013.67
1.53E+09 0.0852 4008.82
1.54E+09 0.0828 4004.12
1.55E+09 0.0834 4001.05
1.56E+09 0.0811 3997.44
1.58E+09 0.0817 3993.49
1.59E+09 0.0813 3989.5
1.60E+09 0.0799 3985.38
1.62E+09 0.0744 3980.79
1.64E+09 0.0753 3976.49
1.65E+09 0.0779 3973.23
1.66E+09 0.0751 3969.24
1.68E+09 0.0740 3965.09
1.69E+09 0.0719 3961.79
1.70E+09 0.0764 3958.12
1.72E+09 0.0762 3953.61
1.73E+09 0.0708 3949.45
1.75E+09 0.0709 3945.68
1.76E+09 0.0704 3941.69
1.78E+09 0.0705 3937.87
1.79E+09 0.0682 3933.79
1.81E+09 0.0669 3929.92
1.83E+09 0.0713 3925.42
1.84E+09 0.0693 3921.43
1.86E+09 0.0665 3917.37
1.87E+09 0.0658 3913.89
1.89E+09 0.0661 3910.51
1.90E+09 0.0643 3906.6
1.92E+09 0.0663 3903.34
1.93E+09 0.0643 3899.55
1.95E+09 0.0605 3895.7
1.97E+09 0.0658 3891.79
1.98E+09 0.0622 3888.19
2.00E+09 0.0612 3883.66
2.02E+09 0.0619 3880.38
2.03E+09 0.0602 3876.49
2.05E+09 0.0617 3872.36
2.07E+09 0.0592 3868.57
2.09E+09 0.0604 3864.95
2.10E+09 0.0570 3861.29
2.12E+09 0.0582 3857.97
2.14E+09 0.0558 3854.25
2.16E+09 0.0554 3850.32
2.17E+09 0.0558 3846.78
2.19E+09 0.0574 3843.37
2.21E+09 0.0544 3839.61
2.23E+09 0.0543 3835.88
2.25E+09 0.0537 3832.17
2.27E+09 0.0512 3828.29
2.29E+09 0.0515 3824.13
2.31E+09 0.0534 3820.01
2.33E+09 0.0507 3816.53
2.35E+09 0.0522 3812.94
2.37E+09 0.0493 3808.87
2.39E+09 0.0476 3805.44
2.41E+09 0.0513 3801.97
2.43E+09 0.0478 3798.15
2.45E+09 0.0478 3794.33
2.47E+09 0.0461 3790.71
2.49E+09 0.0477 3787.29
2.51E+09 0.0472 3783.07
2.54E+09 0.0449 3778.75
2.56E+09 0.0443 3775.37
2.58E+09 0.0429 3771.73
2.60E+09 0.0445 3768.15
2.63E+09 0.0441 3764.44
2.65E+09 0.0412 3760.68
2.67E+09 0.0434 3757.31
2.70E+09 0.0437 3753.59
2.72E+09 0.0396 3749.67
2.75E+09 0.0417 3745.78
2.77E+09 0.0395 3742.23
2.79E+09 0.0404 3738.73
2.82E+09 0.0400 3735.57
2.84E+09 0.0374 3732.53
2.86E+09 0.0397 3729.25
2.88E+09 0.0391 3725.78
2.91E+09 0.0362 3722.54
2.93E+09 0.0358 3719.18
2.96E+09 0.0365 3716.14
2.98E+09 0.0355 3712.96
3.00E+09 0.0373 3709.65
3.03E+09 0.0348 3706.45
3.05E+09 0.0359 3703.06
3.08E+09 0.0344 3699.5
3.10E+09 0.0362 3696.8
3.13E+09 0.0345 3693.21
3.16E+09 0.0330 3689.43
3.19E+09 0.0327 3686.19
3.21E+09 0.0298 3683.35
3.24E+09 0.0327 3680.23
3.26E+09 0.0338 3677.32
3.29E+09 0.0295 3674.16
3.32E+09 0.0319 3670.79
3.35E+09 0.0304 3667.52
3.37E+09 0.0316 3664.86
3.40E+09 0.0303 3661.66
3.43E+09 0.0293 3658.54
3.46E+09 0.0286 3655.18
3.49E+09 0.0290 3651.85
3.52E+09 0.0289 3648.58
3.56E+09 0.0269 3645.07
3.59E+09 0.0277 3641.78
3.62E+09 0.0258 3639.06
3.65E+09 0.0268 3636.32
3.68E+09 0.0252 3633.13
3.71E+09 0.0256 3630.43
3.74E+09 0.0259 3627.19
3.77E+09 0.0254 3624.22
3.81E+09 0.0233 3620.88
3.85E+09 0.0249 3617.48
3.88E+09 0.0243 3614.42
3.92E+09 0.0232 3611.44
3.95E+09 0.0235 3608.59
3.98E+09 0.0234 3605.69
4.02E+09 0.0212 3602.88
4.05E+09 0.0230 3600.24
4.08E+09 0.0220 3597.28
4.12E+09 0.0213 3594.5
4.15E+09 0.0225 3591.67
4.19E+09 0.0207 3588.71
4.23E+09 0.0220 3585.8
4.26E+09 0.0211 3582.96
4.30E+09 0.0200 3580.14
4.34E+09 0.0207 3577.23
4.38E+09 0.0200 3574.32
4.42E+09 0.0190 3571.35
4.46E+09 0.0195 3568.55
4.49E+09 0.0202 3566.16
4.53E+09 0.0184 3563.42
4.57E+09 0.0190 3560.76
4.61E+09 0.0184 3558.13
4.65E+09 0.0184 3555.33
4.68E+09 0.0187 3552.79
4.72E+09 0.0180 3550.16
4.77E+09 0.0172 3547.27
4.81E+09 0.0174 3544.84
4.85E+09 0.0165 3541.99
4.89E+09 0.0170 3539.5
4.94E+09 0.0162 3536.73
4.98E+09 0.0157 3534.25
