0.00E+00 -0.6054 5170.92
2.17E+08 0.1367 5056.8
2.80E+08 0.1326 5021.79
3.28E+08 0.1305 4995.81
3.69E+08 0.1310 4974.37
4.11E+08 0.1237 4953.96
4.43E+08 0.1206 4938.69
4.79E+08 0.1185 4921.58
5.00E+08 0.1219 4911.68
5.03E+08 0.1301 4910.48
5.07E+08 0.1608 4907.97
5.15E+08 0.1770 4902.37
5.28E+08 0.1821 4893.2
5.56E+08 0.1961 4873.04
5.66E+08 0.2142 4864.21
6.26E+08 0.1667 4823.12
6.81E+08 0.1799 4786.2
7.17E+08 0.2167 4759.08
7.86E+08 0.1751 4707.59
8.67E+08 0.1543 4655.64
9.41E+08 0.1301 4614.1
1.02E+09 0.1496 4575.88
1.07E+09 0.1507 4542.39
1.15E+09 0.1439 4497.09
1.20E+09 0.1270 4466.32
1.22E+09 0.1189 4457.76
1.24E+09 0.1016 4447.78
1.27E+09 0.1107 4438.68
1.30E+09 0.1046 4426.88
1.32E+09 0.1038 4417.76
1.35E+09 0.0994 4406.58
1.37E+09 0.0968 4398.89
1.39E+09 0.0951 4391.12
1.40E+09 0.0938 4384.87
1.42E+09 0.1005 4377.57
1.45E+09 0.0959 4367.83
1.47E+09 0.0971 4359.25
1.49E+09 0.0897 4351.98
1.51E+09 0.0808 4346.06
1.53E+09 0.0824 4339.32
1.55E+09 0.0921 4333.71
1.57E+09 0.0876 4326.06
1.59E+09 0.0855 4318.84
1.61E+09 0.0797 4313.21
1.63E+09 0.0822 4307.1
1.65E+09 0.0744 4301.15
1.67E+09 0.0820 4295.01
1.69E+09 0.0702 4289.33
1.71E+09 0.0762 4284.18
1.72E+09 0.0724 4278.68
1.74E+09 0.0726 4273.03
1.77E+09 0.0733 4266.57
1.79E+09 0.0702 4259.86
1.81E+09 0.0714 4254.07
1.83E+09 0.0693 4247.95
1.85E+09 0.0686 4242.21
1.88E+09 0.0694 4235.41
1.90E+09 0.0711 4229.22
1.93E+09 0.0646 4222.27
1.95E+09 0.0611 4215.96
1.98E+09 0.0560 4210.34
2.00E+09 0.0588 4205.92
2.02E+09 0.0593 4200.95
2.04E+09 0.0570 4195.67
2.07E+09 0.0591 4190.85
2.09E+09 0.0529 4185.19
2.12E+09 0.0565 4178.64
2.15E+09 0.0555 4172.86
2.18E+09 0.0521 4166.83
2.20E+09 0.0561 4161.14
2.23E+09 0.0512 4155
2.26E+09 0.0524 4148.78
2.29E+09 0.0501 4142.56
2.32E+09 0.0471 4137.35
2.34E+09 0.0479 4132.97
2.37E+09 0.0473 4127.78
2.40E+09 0.0480 4122.43
2.43E+09 0.0424 4117.28
2.46E+09 0.0445 4112.56
2.49E+09 0.0408 4107.44
2.51E+09 0.0407 4103.97
2.54E+09 0.0389 4099.26
2.57E+09 0.0382 4094.91
2.60E+09 0.0416 4090.31
2.62E+09 0.0398 4085.93
2.66E+09 0.0366 4081.33
2.69E+09 0.0375 4076.91
2.71E+09 0.0385 4072.84
2.74E+09 0.0318 4069.03
2.77E+09 0.0374 4064.48
2.81E+09 0.0344 4059.72
2.84E+09 0.0381 4054.73
2.88E+09 0.0319 4049.7
2.91E+09 0.0366 4045.51
2.95E+09 0.0315 4040.72
2.99E+09 0.0349 4035.68
3.02E+09 0.0316 4030.67
3.06E+09 0.0272 4026.45
3.10E+09 0.0254 4022.8
3.12E+09 0.0240 4020.01
3.16E+09 0.0268 4016.82
3.19E+09 0.0273 4013.41
3.23E+09 0.0247 4009.52
3.26E+09 0.0255 4006.05
3.30E+09 0.0250 4002.23
3.33E+09 0.0234 3999.07
3.37E+09 0.0278 3994.94
3.42E+09 0.0242 3990.57
3.46E+09 0.0256 3986.28
3.51E+09 0.0250 3981.67
3.55E+09 0.0249 3977.56
3.59E+09 0.0234 3973.4
3.63E+09 0.0220 3969.81
3.68E+09 0.0214 3966.11
3.72E+09 0.0234 3962.18
3.77E+09 0.0206 3957.65
3.82E+09 0.0209 3954.34
3.87E+09 0.0190 3950.52
3.90E+09 0.0189 3947.55
3.95E+09 0.0191 3943.98
4.00E+09 0.0181 3940.61
4.05E+09 0.0180 3937.24
4.09E+09 0.0171 3934.38
4.14E+09 0.0175 3930.79
4.19E+09 0.0152 3927.42
4.23E+09 0.0155 3925.02
4.28E+09 0.0145 3922.05
4.33E+09 0.0153 3918.97
4.39E+09 0.0140 3916.11
4.44E+09 0.0140 3913.45
4.49E+09 0.0145 3910.22
4.55E+09 0.0140 3907.25
4.60E+09 0.0140 3904.42
4.66E+09 0.0133 3901.11
4.71E+09 0.0138 3898.39
4.76E+09 0.0123 3895.59
4.83E+09 0.0135 3892.41
4.88E+09 0.0124 3889.77
4.94E+09 0.0129 3887.02
5.00E+09 0.0131 3883.98
