0.00E+00 -0.3981 4392.07
3.88E+07 0.2281 4376.93
4.95E+07 0.2690 4368.65
5.94E+07 0.2939 4360.06
7.52E+07 0.2928 4345.49
9.99E+07 0.2635 4324.17
1.34E+08 0.2631 4297.8
1.67E+08 0.2713 4269.8
2.05E+08 0.2626 4238.9
2.31E+08 0.2545 4217.78
2.52E+08 0.2416 4201.67
2.67E+08 0.2372 4190.4
2.82E+08 0.2320 4179.59
2.93E+08 0.2245 4172.1
3.05E+08 0.2216 4163.75
3.20E+08 0.2181 4153.35
3.33E+08 0.2110 4144.65
3.44E+08 0.2095 4137.55
3.59E+08 0.2057 4128.46
3.71E+08 0.1989 4120.63
3.83E+08 0.1964 4113.44
3.93E+08 0.1912 4107.45
4.03E+08 0.1888 4101.28
4.14E+08 0.1879 4095.16
4.25E+08 0.1815 4088.62
4.34E+08 0.1794 4084
4.43E+08 0.1759 4078.91
4.53E+08 0.1730 4073.53
4.62E+08 0.1701 4068.86
4.73E+08 0.1673 4062.99
4.83E+08 0.1646 4057.81
4.92E+08 0.1599 4053.29
5.01E+08 0.1594 4049.03
5.09E+08 0.1554 4044.91
5.18E+08 0.1531 4040.59
5.28E+08 0.1508 4035.94
5.36E+08 0.1488 4032.12
5.45E+08 0.1465 4028.22
5.55E+08 0.1431 4023.6
5.67E+08 0.1420 4018.55
5.80E+08 0.1377 4013.06
5.91E+08 0.1346 4008.37
6.03E+08 0.1305 4003.21
6.15E+08 0.1292 3998.49
6.28E+08 0.1259 3993.52
6.39E+08 0.1226 3989.33
6.52E+08 0.1195 3984.49
6.63E+08 0.1169 3980.49
6.76E+08 0.1152 3975.66
6.87E+08 0.1113 3971.73
7.00E+08 0.1093 3967.42
7.13E+08 0.1067 3963.21
7.26E+08 0.1037 3958.99
7.37E+08 0.1038 3955.48
7.47E+08 0.1009 3952.2
7.57E+08 0.0994 3949.08
7.67E+08 0.0980 3946.18
7.78E+08 0.0950 3942.91
7.88E+08 0.0953 3939.91
8.00E+08 0.0945 3936.4
8.11E+08 0.0930 3933.03
8.22E+08 0.0917 3930.01
8.32E+08 0.0919 3927.26
8.42E+08 0.0913 3924.3
8.54E+08 0.0903 3920.95
8.64E+08 0.0902 3918.18
8.73E+08 0.0892 3915.67
8.83E+08 0.0890 3912.8
8.93E+08 0.0892 3910.29
9.03E+08 0.0887 3907.54
9.14E+08 0.0884 3904.55
9.25E+08 0.0881 3901.45
9.36E+08 0.0872 3898.39
9.47E+08 0.0869 3895.48
9.57E+08 0.0860 3892.76
9.70E+08 0.0856 3889.46
9.81E+08 0.0857 3886.48
9.92E+08 0.0843 3883.54
1.00E+09 0.0836 3880.86
1.01E+09 0.0835 3878.5
1.02E+09 0.0840 3875.33
1.04E+09 0.0832 3872.16
1.05E+09 0.0820 3869.19
1.06E+09 0.0808 3866.92
1.07E+09 0.0811 3864.06
1.08E+09 0.0810 3861.33
1.09E+09 0.0800 3858.67
1.10E+09 0.0791 3855.84
1.11E+09 0.0788 3852.77
1.13E+09 0.0790 3849.78
1.14E+09 0.0784 3846.75
1.15E+09 0.0778 3844.17
1.16E+09 0.0771 3841.47
1.17E+09 0.0769 3838.38
1.18E+09 0.0762 3835.89
1.20E+09 0.0755 3833.25
1.21E+09 0.0746 3830.65
1.22E+09 0.0753 3827.6
1.23E+09 0.0746 3824.7
1.24E+09 0.0740 3822.6
1.26E+09 0.0738 3819.67
1.27E+09 0.0732 3816.92
1.28E+09 0.0716 3814.13
1.29E+09 0.0727 3811.79
1.30E+09 0.0716 3809.11
1.31E+09 0.0703 3806.38
1.33E+09 0.0704 3803.77
1.34E+09 0.0698 3801.16
1.35E+09 0.0702 3798.15
1.37E+09 0.0693 3795.27
1.38E+09 0.0675 3792.83
1.39E+09 0.0681 3790.16
1.41E+09 0.0677 3786.91
1.42E+09 0.0674 3783.49
1.44E+09 0.0667 3780.48
1.45E+09 0.0665 3777.69
1.46E+09 0.0659 3774.94
1.48E+09 0.0657 3772.08
1.49E+09 0.0650 3769.02
1.51E+09 0.0644 3766.01
1.52E+09 0.0643 3762.99
1.54E+09 0.0631 3759.49
1.56E+09 0.0624 3756.51
1.57E+09 0.0627 3753.94
1.59E+09 0.0612 3750.68
1.60E+09 0.0617 3747.55
1.62E+09 0.0599 3744.61
1.64E+09 0.0598 3741.57
1.65E+09 0.0594 3738.42
1.67E+09 0.0590 3735.23
1.69E+09 0.0582 3732.11
1.70E+09 0.0578 3729.14
1.72E+09 0.0574 3726.25
1.74E+09 0.0577 3723.4
1.76E+09 0.0559 3720.11
1.77E+09 0.0565 3717.59
1.79E+09 0.0560 3714.64
1.81E+09 0.0549 3711.42
1.82E+09 0.0557 3708.39
1.84E+09 0.0544 3705.41
1.86E+09 0.0544 3702.67
1.87E+09 0.0533 3699.93
1.89E+09 0.0530 3697.09
1.91E+09 0.0525 3694.26
1.93E+09 0.0525 3690.99
1.95E+09 0.0517 3687.71
1.97E+09 0.0509 3685
1.98E+09 0.0509 3682.25
2.00E+09 0.0501 3679.52
2.02E+09 0.0499 3676.5
2.04E+09 0.0498 3673.46
2.06E+09 0.0492 3670.69
2.08E+09 0.0488 3667.67
2.10E+09 0.0479 3664.82
2.12E+09 0.0479 3662.11
2.13E+09 0.0468 3659.41
2.15E+09 0.0466 3656.65
2.17E+09 0.0455 3653.84
2.19E+09 0.0452 3650.95
2.21E+09 0.0457 3648.26
2.23E+09 0.0448 3645.79
2.25E+09 0.0447 3643.35
2.27E+09 0.0441 3640.83
2.29E+09 0.0431 3637.86
2.31E+09 0.0429 3634.98
2.33E+09 0.0424 3632.41
2.35E+09 0.0428 3629.79
2.37E+09 0.0420 3626.79
2.39E+09 0.0416 3624.17
2.42E+09 0.0414 3621.34
2.44E+09 0.0406 3618.6
2.46E+09 0.0406 3615.67
2.48E+09 0.0397 3612.68
2.51E+09 0.0389 3610.08
2.53E+09 0.0388 3607.27
2.55E+09 0.0389 3604.33
2.58E+09 0.0384 3601.33
2.60E+09 0.0377 3598.56
2.62E+09 0.0373 3596.13
2.64E+09 0.0378 3593.69
2.67E+09 0.0368 3590.98
2.69E+09 0.0367 3588.28
2.72E+09 0.0357 3585.48
2.74E+09 0.0361 3582.88
2.77E+09 0.0353 3580.08
2.79E+09 0.0359 3577.38
2.82E+09 0.0348 3574.64
2.84E+09 0.0346 3572.08
2.87E+09 0.0343 3569.32
2.89E+09 0.0339 3566.45
2.92E+09 0.0333 3563.51
2.95E+09 0.0329 3560.79
2.98E+09 0.0318 3557.89
3.00E+09 0.0321 3555.19
3.03E+09 0.0320 3552.48
3.06E+09 0.0314 3549.72
3.09E+09 0.0314 3546.98
3.12E+09 0.0304 3544.19
3.14E+09 0.0306 3541.62
3.17E+09 0.0303 3538.9
3.20E+09 0.0300 3536.14
3.23E+09 0.0297 3533.44
3.26E+09 0.0294 3530.66
3.29E+09 0.0287 3527.69
3.32E+09 0.0285 3525.29
3.35E+09 0.0286 3522.78
3.38E+09 0.0277 3519.94
3.42E+09 0.0280 3517.12
3.45E+09 0.0272 3514.46
3.48E+09 0.0268 3511.98
3.51E+09 0.0263 3509.25
3.54E+09 0.0261 3506.69
3.57E+09 0.0263 3504.3
3.60E+09 0.0258 3501.69
3.64E+09 0.0248 3498.96
3.67E+09 0.0248 3496.29
3.70E+09 0.0249 3493.85
3.73E+09 0.0249 3491.46
3.77E+09 0.0242 3488.87
3.80E+09 0.0240 3486.35
3.84E+09 0.0237 3483.85
3.87E+09 0.0238 3481.36
3.90E+09 0.0230 3478.87
3.94E+09 0.0228 3476.06
3.98E+09 0.0228 3473.56
4.01E+09 0.0226 3471.16
4.05E+09 0.0221 3468.66
4.08E+09 0.0219 3466.3
4.12E+09 0.0218 3463.83
4.15E+09 0.0217 3461.54
4.19E+09 0.0213 3459.08
4.23E+09 0.0211 3456.58
4.27E+09 0.0207 3454.02
4.31E+09 0.0202 3451.63
4.35E+09 0.0206 3449.14
4.39E+09 0.0200 3446.53
4.43E+09 0.0196 3444.09
4.47E+09 0.0197 3441.37
4.51E+09 0.0189 3438.93
4.56E+09 0.0189 3436.56
4.59E+09 0.0189 3434.24
4.64E+09 0.0183 3431.76
4.68E+09 0.0183 3429.64
4.72E+09 0.0186 3427.33
4.76E+09 0.0182 3425.08
4.80E+09 0.0177 3422.81
4.84E+09 0.0179 3420.54
4.88E+09 0.0178 3418.3
4.92E+09 0.0174 3415.95
4.97E+09 0.0174 3413.52
