0.00E+00 -0.4365 4539.92
9.41E+07 0.1978 4498.52
1.14E+08 0.1865 4487.07
1.45E+08 0.1720 4470.28
2.00E+08 0.1740 4441.98
2.62E+08 0.1779 4409.08
3.14E+08 0.1747 4381.56
3.41E+08 0.1639 4367.7
3.60E+08 0.1576 4358.52
3.79E+08 0.1666 4348.79
3.99E+08 0.1678 4338.84
4.19E+08 0.1626 4329.05
4.35E+08 0.1582 4321.11
4.49E+08 0.1490 4314.67
4.63E+08 0.1498 4308.4
4.72E+08 0.1442 4304.75
4.85E+08 0.1446 4299.18
4.97E+08 0.1543 4293.37
5.13E+08 0.1527 4286
5.26E+08 0.1467 4280.38
5.34E+08 0.1403 4276.89
5.41E+08 0.1347 4273.78
5.50E+08 0.1293 4270.36
5.60E+08 0.1323 4266.43
5.72E+08 0.1502 4261.32
5.90E+08 0.1485 4252.93
6.00E+08 0.1398 4248.62
6.12E+08 0.1362 4243.85
6.27E+08 0.1422 4237.68
6.35E+08 0.1399 4233.98
6.43E+08 0.1310 4230.65
6.53E+08 0.1285 4227.12
6.59E+08 0.1257 4224.59
6.70E+08 0.1194 4220.65
6.82E+08 0.1317 4215.94
6.90E+08 0.1316 4212.71
6.97E+08 0.1290 4209.99
7.03E+08 0.1268 4207.84
7.15E+08 0.1161 4203.42
7.29E+08 0.1259 4198.43
7.41E+08 0.1276 4193.98
7.50E+08 0.1228 4190.47
7.57E+08 0.1208 4187.84
7.68E+08 0.1121 4183.97
7.78E+08 0.1168 4180.58
7.87E+08 0.1145 4177.52
7.96E+08 0.1092 4174.29
8.09E+08 0.1129 4170.05
8.18E+08 0.1133 4166.91
8.27E+08 0.1083 4163.97
8.39E+08 0.1012 4160.3
8.53E+08 0.1150 4155.71
8.64E+08 0.1109 4151.74
8.75E+08 0.1029 4148.26
8.86E+08 0.0946 4144.95
9.00E+08 0.1096 4140.75
9.17E+08 0.0978 4135.23
9.31E+08 0.0979 4131.1
9.42E+08 0.0958 4128.13
9.51E+08 0.0920 4125.51
9.60E+08 0.0935 4123.14
9.65E+08 0.0934 4121.55
9.77E+08 0.0902 4118.47
9.86E+08 0.0884 4115.94
9.94E+08 0.0855 4113.73
1.01E+09 0.0927 4110.48
1.02E+09 0.0943 4106.48
1.03E+09 0.0915 4102.65
1.05E+09 0.0915 4098.7
1.06E+09 0.0879 4095.21
1.07E+09 0.0893 4092.61
1.08E+09 0.0887 4090.28
1.09E+09 0.0861 4087.93
1.10E+09 0.0816 4085.63
1.11E+09 0.0826 4083.71
1.12E+09 0.0840 4081.37
1.13E+09 0.0867 4078.19
1.14E+09 0.0829 4074.63
1.15E+09 0.0859 4071.48
1.17E+09 0.0831 4068.23
1.18E+09 0.0858 4065.38
1.19E+09 0.0823 4062.06
1.20E+09 0.0814 4059.35
1.21E+09 0.0809 4056.8
1.22E+09 0.0846 4054.13
1.24E+09 0.0808 4050.89
1.25E+09 0.0760 4048.54
1.26E+09 0.0769 4046.67
1.27E+09 0.0832 4044
1.28E+09 0.0801 4040.49
1.29E+09 0.0786 4037.52
1.31E+09 0.0812 4034.1
1.32E+09 0.0800 4030.79
1.33E+09 0.0776 4027.82
1.34E+09 0.0765 4025.72
1.36E+09 0.0790 4022.76
1.37E+09 0.0786 4019.46
1.38E+09 0.0756 4016.31
1.39E+09 0.0732 4013.52
1.41E+09 0.0760 4010.97
1.42E+09 0.0743 4007.43
1.44E+09 0.0762 4004.16
1.45E+09 0.0715 4000.84
1.47E+09 0.0753 3997.4
1.48E+09 0.0732 3994.26
1.50E+09 0.0719 3991.23
1.51E+09 0.0718 3988.11
1.52E+09 0.0702 3985.06
1.53E+09 0.0693 3982.79
1.55E+09 0.0663 3979.84
1.56E+09 0.0682 3976.75
1.58E+09 0.0693 3973.72
1.59E+09 0.0687 3970.86
1.61E+09 0.0686 3967.93
1.62E+09 0.0679 3965.63
1.63E+09 0.0653 3963.05
1.64E+09 0.0640 3960.61
1.66E+09 0.0630 3958.19
1.67E+09 0.0630 3955.86
1.68E+09 0.0656 3953.2
1.70E+09 0.0664 3949.98
1.71E+09 0.0634 3947.14
1.73E+09 0.0669 3943.99
1.74E+09 0.0663 3941.1
1.76E+09 0.0631 3937.71
1.78E+09 0.0612 3935.01
1.79E+09 0.0625 3931.92
1.81E+09 0.0603 3928.51
1.83E+09 0.0624 3925.66
1.84E+09 0.0580 3922.89
1.86E+09 0.0595 3920.25
1.87E+09 0.0630 3917.67
1.88E+09 0.0608 3915.09
1.90E+09 0.0569 3912.54
1.91E+09 0.0594 3910.62
1.92E+09 0.0569 3908.09
1.94E+09 0.0569 3905.22
1.95E+09 0.0572 3903.43
1.97E+09 0.0591 3900.4
1.99E+09 0.0567 3897.43
2.00E+09 0.0581 3894.81
2.02E+09 0.0547 3892.16
2.03E+09 0.0533 3889.81
2.05E+09 0.0569 3887.06
2.06E+09 0.0535 3884.4
2.08E+09 0.0559 3881.94
2.09E+09 0.0522 3879.64
2.11E+09 0.0521 3877.72
2.12E+09 0.0528 3875.74
2.14E+09 0.0534 3873.03
2.15E+09 0.0529 3870.24
2.17E+09 0.0499 3867.91
2.18E+09 0.0511 3865.86
2.20E+09 0.0535 3863.59
2.21E+09 0.0517 3861.01
2.23E+09 0.0467 3858.33
2.24E+09 0.0491 3856.4
2.26E+09 0.0519 3853.61
2.28E+09 0.0513 3851.41
2.29E+09 0.0479 3849.21
2.31E+09 0.0479 3847.21
2.32E+09 0.0471 3845.42
2.33E+09 0.0459 3843.38
2.35E+09 0.0489 3840.72
2.37E+09 0.0489 3838.02
2.39E+09 0.0476 3835.3
2.41E+09 0.0474 3832.38
2.43E+09 0.0455 3829.55
2.45E+09 0.0448 3827.1
2.47E+09 0.0478 3824.14
2.49E+09 0.0448 3821.33
2.50E+09 0.0469 3818.93
2.53E+09 0.0446 3816.1
2.55E+09 0.0450 3812.89
2.57E+09 0.0470 3809.87
2.59E+09 0.0447 3806.85
2.61E+09 0.0426 3803.93
2.64E+09 0.0447 3800.95
2.66E+09 0.0439 3797.6
2.69E+09 0.0413 3794.63
2.71E+09 0.0435 3791.94
2.73E+09 0.0411 3789.05
2.75E+09 0.0407 3786.36
2.77E+09 0.0423 3783.74
2.80E+09 0.0400 3780.98
2.82E+09 0.0397 3778.14
2.84E+09 0.0393 3775.53
2.86E+09 0.0394 3773.13
2.88E+09 0.0385 3770.82
2.90E+09 0.0393 3768.51
2.92E+09 0.0374 3766.28
2.94E+09 0.0391 3763.44
2.97E+09 0.0387 3760.93
2.98E+09 0.0379 3758.75
3.00E+09 0.0370 3756.63
3.02E+09 0.0353 3754.62
3.04E+09 0.0343 3752.64
3.06E+09 0.0372 3750.98
3.08E+09 0.0333 3748.81
3.09E+09 0.0348 3747.14
3.12E+09 0.0360 3744.76
3.14E+09 0.0379 3742.33
3.17E+09 0.0345 3739.33
3.19E+09 0.0353 3736.94
3.22E+09 0.0331 3733.79
3.25E+09 0.0343 3731.02
3.27E+09 0.0354 3728.14
3.30E+09 0.0339 3725.19
3.33E+09 0.0337 3722.17
3.35E+09 0.0329 3720
3.38E+09 0.0307 3717.51
3.40E+09 0.0341 3715.08
3.43E+09 0.0332 3711.95
3.46E+09 0.0327 3708.97
3.49E+09 0.0321 3706.41
3.52E+09 0.0324 3703.98
3.55E+09 0.0305 3701.25
3.57E+09 0.0309 3698.49
3.60E+09 0.0304 3695.99
3.63E+09 0.0290 3693.42
3.66E+09 0.0294 3690.77
3.69E+09 0.0295 3688.41
3.71E+09 0.0291 3686.33
3.74E+09 0.0279 3684.23
3.76E+09 0.0290 3682.09
3.79E+09 0.0287 3679.8
3.81E+09 0.0262 3677.56
3.84E+09 0.0263 3675.34
3.86E+09 0.0271 3673.5
3.90E+09 0.0276 3670.97
3.92E+09 0.0275 3668.73
3.95E+09 0.0263 3666.54
3.98E+09 0.0257 3664.52
4.00E+09 0.0260 3662.95
4.02E+09 0.0267 3661.03
4.04E+09 0.0255 3659.24
4.06E+09 0.0251 3657.61
4.09E+09 0.0239 3655.94
4.11E+09 0.0238 3654.26
4.14E+09 0.0233 3652.3
4.16E+09 0.0254 3650.79
4.18E+09 0.0239 3649.16
4.20E+09 0.0228 3647.68
4.23E+09 0.0238 3645.72
4.26E+09 0.0246 3643.47
4.29E+09 0.0232 3641.4
4.32E+09 0.0223 3639.43
4.34E+09 0.0229 3638.04
4.37E+09 0.0225 3635.91
4.41E+09 0.0230 3633.33
4.44E+09 0.0242 3630.95
4.47E+09 0.0230 3629.06
4.50E+09 0.0225 3627.2
4.52E+09 0.0229 3625.35
4.56E+09 0.0212 3623.1
4.59E+09 0.0216 3621.08
4.61E+09 0.0225 3619.34
4.64E+09 0.0217 3617.3
4.67E+09 0.0223 3615.38
4.70E+09 0.0219 3613.43
4.73E+09 0.0224 3611.67
4.76E+09 0.0210 3609.73
4.79E+09 0.0210 3607.7
4.82E+09 0.0222 3605.93
4.85E+09 0.0217 3603.9
4.88E+09 0.0203 3601.71
4.91E+09 0.0201 3599.94
4.94E+09 0.0196 3598.22
4.97E+09 0.0194 3596.47
