0.00E+00 -0.3050 3950.27
5.18E+07 0.1790 3934.23
6.96E+07 0.2153 3921.96
9.73E+07 0.1970 3902.13
1.50E+08 0.1859 3869.61
2.01E+08 0.1841 3835.91
2.55E+08 0.1867 3801.34
2.96E+08 0.1697 3776.74
3.21E+08 0.1594 3762.39
3.37E+08 0.1561 3753.94
3.54E+08 0.1485 3744.85
3.72E+08 0.1433 3736.21
3.86E+08 0.1427 3729.24
4.04E+08 0.1409 3720.71
4.22E+08 0.1348 3711.96
4.37E+08 0.1305 3705.13
4.53E+08 0.1273 3698.08
4.71E+08 0.1229 3690.46
4.89E+08 0.1189 3683.1
5.05E+08 0.1153 3676.83
5.19E+08 0.1109 3671.24
5.34E+08 0.1097 3665.58
5.52E+08 0.1063 3659.16
5.69E+08 0.1030 3653.07
5.82E+08 0.1007 3648.47
5.98E+08 0.0972 3643.12
6.13E+08 0.0938 3638.3
6.28E+08 0.0918 3633.56
6.44E+08 0.0869 3628.59
6.58E+08 0.0846 3624.57
6.70E+08 0.0833 3621.03
6.85E+08 0.0809 3616.92
7.01E+08 0.0779 3612.59
7.17E+08 0.0752 3608.42
7.34E+08 0.0724 3604.13
7.46E+08 0.0706 3601.09
7.65E+08 0.0676 3596.51
7.85E+08 0.0652 3592.16
8.07E+08 0.0620 3587.34
8.29E+08 0.0594 3582.82
8.51E+08 0.0559 3578.45
8.68E+08 0.0537 3575.16
8.93E+08 0.0513 3570.75
9.20E+08 0.0474 3566.13
9.45E+08 0.0452 3562.29
9.67E+08 0.0433 3558.89
9.90E+08 0.0412 3555.54
1.01E+09 0.0404 3552.85
1.03E+09 0.0380 3550.34
1.05E+09 0.0382 3547.88
1.07E+09 0.0378 3545.39
1.09E+09 0.0373 3543
1.11E+09 0.0375 3540.47
1.12E+09 0.0369 3538.34
1.14E+09 0.0364 3536.52
1.15E+09 0.0357 3534.49
1.17E+09 0.0365 3532.33
1.19E+09 0.0354 3529.87
1.21E+09 0.0359 3527.68
1.23E+09 0.0351 3525.22
1.25E+09 0.0357 3522.82
1.27E+09 0.0351 3520.36
1.29E+09 0.0349 3518.29
1.30E+09 0.0345 3516.08
1.32E+09 0.0345 3513.73
1.34E+09 0.0341 3511.42
1.37E+09 0.0335 3508.96
1.39E+09 0.0327 3506.59
1.41E+09 0.0333 3504.27
1.43E+09 0.0325 3501.96
1.45E+09 0.0321 3499.48
1.47E+09 0.0322 3497.04
1.49E+09 0.0318 3494.61
1.52E+09 0.0317 3492.25
1.54E+09 0.0310 3489.84
1.56E+09 0.0314 3487.34
1.59E+09 0.0302 3484.99
1.61E+09 0.0304 3482.49
1.63E+09 0.0296 3479.98
1.66E+09 0.0297 3477.56
1.68E+09 0.0294 3475.19
1.70E+09 0.0291 3472.99
1.73E+09 0.0282 3470.61
1.75E+09 0.0283 3468.2
1.78E+09 0.0277 3465.68
1.80E+09 0.0278 3463.4
1.83E+09 0.0277 3461.05
1.85E+09 0.0267 3458.77
1.88E+09 0.0268 3456.4
1.90E+09 0.0260 3454.24
1.92E+09 0.0263 3452.38
1.95E+09 0.0263 3449.99
1.98E+09 0.0259 3447.63
2.00E+09 0.0250 3445.33
2.03E+09 0.0247 3443.05
2.06E+09 0.0254 3440.81
2.08E+09 0.0244 3438.53
2.11E+09 0.0246 3436.29
2.14E+09 0.0240 3433.96
2.17E+09 0.0237 3431.56
2.19E+09 0.0234 3429.4
2.22E+09 0.0232 3427.07
2.25E+09 0.0232 3424.9
2.28E+09 0.0225 3422.85
2.30E+09 0.0220 3420.87
2.33E+09 0.0222 3418.77
2.36E+09 0.0220 3416.64
2.39E+09 0.0220 3414.3
2.42E+09 0.0217 3412.27
2.45E+09 0.0217 3410.12
2.48E+09 0.0215 3407.87
2.51E+09 0.0212 3405.67
2.54E+09 0.0209 3403.46
2.57E+09 0.0208 3401.23
2.60E+09 0.0202 3399.07
2.63E+09 0.0202 3396.75
2.66E+09 0.0200 3394.58
2.70E+09 0.0194 3392.48
2.73E+09 0.0195 3390.36
2.76E+09 0.0192 3388.36
2.79E+09 0.0192 3386.15
2.83E+09 0.0193 3383.98
2.86E+09 0.0186 3381.59
2.89E+09 0.0186 3379.47
2.93E+09 0.0181 3377.19
2.97E+09 0.0180 3375.01
3.00E+09 0.0181 3372.89
3.04E+09 0.0177 3370.6
3.07E+09 0.0176 3368.48
3.11E+09 0.0172 3366.18
3.15E+09 0.0170 3363.97
3.19E+09 0.0166 3361.75
3.23E+09 0.0165 3359.77
3.26E+09 0.0166 3357.76
3.30E+09 0.0164 3355.77
3.33E+09 0.0159 3353.79
3.37E+09 0.0161 3351.75
3.41E+09 0.0154 3349.48
3.45E+09 0.0151 3347.31
3.49E+09 0.0145 3345.25
3.54E+09 0.0152 3343.12
3.58E+09 0.0145 3340.99
3.62E+09 0.0145 3339.01
3.66E+09 0.0143 3336.82
3.71E+09 0.0139 3334.69
3.75E+09 0.0134 3332.67
3.79E+09 0.0137 3330.63
3.84E+09 0.0132 3328.58
3.88E+09 0.0136 3326.5
3.93E+09 0.0134 3324.46
3.97E+09 0.0135 3322.42
4.02E+09 0.0133 3320.32
4.06E+09 0.0132 3318.42
4.11E+09 0.0128 3316.39
4.15E+09 0.0126 3314.42
4.20E+09 0.0131 3312.62
4.24E+09 0.0130 3310.79
4.29E+09 0.0125 3308.66
4.33E+09 0.0124 3306.63
4.38E+09 0.0125 3304.7
4.43E+09 0.0125 3302.69
4.47E+09 0.0129 3300.7
4.52E+09 0.0125 3298.54
4.57E+09 0.0124 3296.48
4.62E+09 0.0124 3294.46
4.66E+09 0.0126 3292.54
4.71E+09 0.0124 3290.37
4.76E+09 0.0128 3288.3
4.81E+09 0.0126 3286.27
4.86E+09 0.0127 3284.25
4.90E+09 0.0127 3282.33
4.95E+09 0.0125 3280.22
5.00E+09 0.0131 3278.18
