0.00E+00 -0.5626 5280.11
9.02E+07 0.3058 5225.54
1.39E+08 0.2814 5177.41
1.74E+08 0.2731 5144.7
2.27E+08 0.2741 5095.4
2.87E+08 0.2760 5039.37
3.14E+08 0.2664 5014.57
3.38E+08 0.2694 4993.17
3.57E+08 0.2614 4976.1
3.73E+08 0.2585 4962.84
3.89E+08 0.2595 4948.45
4.05E+08 0.2595 4934.54
4.22E+08 0.2554 4920.2
4.37E+08 0.2533 4906.9
4.51E+08 0.2508 4894.87
4.64E+08 0.2473 4884.55
4.79E+08 0.2494 4871.73
4.96E+08 0.2489 4857.38
5.09E+08 0.2460 4846.86
5.22E+08 0.2422 4836.09
5.37E+08 0.2376 4824.15
5.51E+08 0.2390 4813.13
5.65E+08 0.2385 4801.2
5.77E+08 0.2360 4791.86
5.90E+08 0.2308 4781.67
6.00E+08 0.2306 4773.54
6.13E+08 0.2275 4763.68
6.26E+08 0.2327 4753.74
6.42E+08 0.2283 4741.71
6.58E+08 0.2210 4729.4
6.69E+08 0.2147 4721.22
6.82E+08 0.2201 4711.68
6.94E+08 0.2107 4702.98
7.05E+08 0.2102 4695.39
7.21E+08 0.2089 4683.81
7.34E+08 0.2046 4675.31
7.40E+08 0.1975 4670.73
7.52E+08 0.1925 4662.93
7.70E+08 0.2064 4650.72
7.84E+08 0.1953 4641.49
7.95E+08 0.1928 4634.33
8.04E+08 0.1823 4628.36
8.15E+08 0.1695 4622.08
8.24E+08 0.1863 4616.4
8.39E+08 0.1842 4607.26
8.51E+08 0.1774 4600.08
8.62E+08 0.1697 4593.15
8.75E+08 0.1706 4586.39
8.84E+08 0.1763 4580.57
8.97E+08 0.1752 4573.05
9.06E+08 0.1685 4567.7
9.14E+08 0.1531 4563.33
9.28E+08 0.1738 4555.63
9.36E+08 0.1662 4550.82
9.48E+08 0.1661 4544.26
9.57E+08 0.1647 4539.25
9.68E+08 0.1575 4533.25
9.76E+08 0.1627 4528.84
9.89E+08 0.1578 4522.28
9.99E+08 0.1625 4516.65
1.01E+09 0.1553 4512.01
1.02E+09 0.1508 4508.07
1.03E+09 0.1608 4502.96
1.03E+09 0.1607 4497.7
1.05E+09 0.1585 4490.82
1.06E+09 0.1582 4484.43
1.07E+09 0.1546 4479.22
1.08E+09 0.1531 4473.77
1.09E+09 0.1476 4469.59
1.10E+09 0.1619 4462.15
1.12E+09 0.1555 4454.63
1.13E+09 0.1464 4447.42
1.14E+09 0.1519 4440.49
1.16E+09 0.1436 4435.11
1.17E+09 0.1390 4430.47
1.18E+09 0.1368 4425.78
1.18E+09 0.1377 4421.41
1.19E+09 0.1329 4417.7
1.20E+09 0.1477 4413.19
1.21E+09 0.1398 4407.91
1.23E+09 0.1422 4402.06
1.24E+09 0.1362 4397.13
1.25E+09 0.1318 4392.27
1.26E+09 0.1461 4386.96
1.27E+09 0.1466 4381.05
1.28E+09 0.1375 4374.47
1.29E+09 0.1357 4369.59
1.31E+09 0.1294 4364.13
1.32E+09 0.1291 4359.49
1.33E+09 0.1338 4354.52
1.34E+09 0.1267 4349.49
1.35E+09 0.1313 4344.56
1.36E+09 0.1329 4339.9
1.38E+09 0.1301 4333.93
1.39E+09 0.1289 4327.95
1.40E+09 0.1255 4322.38
1.42E+09 0.1309 4316.63
1.42E+09 0.1272 4312.88
1.44E+09 0.1191 4307.6
1.45E+09 0.1276 4302.56
1.46E+09 0.1230 4298.66
1.47E+09 0.1206 4293.54
1.48E+09 0.1227 4288.77
1.50E+09 0.1157 4283.91
1.51E+09 0.1187 4279.53
1.52E+09 0.1197 4274.79
1.53E+09 0.1143 4268.99
1.55E+09 0.1185 4263.84
1.56E+09 0.1218 4259.25
1.57E+09 0.1185 4252.68
1.59E+09 0.1149 4248.46
1.60E+09 0.1120 4243.36
1.61E+09 0.1116 4238.55
1.62E+09 0.1050 4235.01
1.63E+09 0.1122 4230.27
1.65E+09 0.1098 4225.54
1.66E+09 0.1071 4220.82
1.67E+09 0.1068 4215.72
1.69E+09 0.1079 4210.94
1.70E+09 0.1016 4205.83
1.71E+09 0.1029 4201.6
1.73E+09 0.1048 4196.03
1.74E+09 0.1056 4192.15
1.76E+09 0.1028 4186.86
1.77E+09 0.1023 4181.49
1.79E+09 0.0983 4176.4
1.80E+09 0.0967 4171.93
1.82E+09 0.0975 4167.22
1.83E+09 0.1005 4162.33
1.85E+09 0.0997 4157.1
1.86E+09 0.0921 4152.98
1.87E+09 0.0900 4148.52
1.89E+09 0.0987 4144.34
1.90E+09 0.0972 4138.93
1.91E+09 0.0985 4135.44
1.93E+09 0.0897 4131.43
1.94E+09 0.0910 4127.28
1.96E+09 0.0920 4122.34
1.97E+09 0.0886 4117.58
1.99E+09 0.0924 4113.19
2.00E+09 0.0912 4108.98
2.02E+09 0.0908 4103.67
2.03E+09 0.0886 4099.17
2.05E+09 0.0874 4093.75
2.07E+09 0.0854 4088.7
2.09E+09 0.0853 4083.42
2.10E+09 0.0820 4079.11
2.12E+09 0.0875 4073.65
2.14E+09 0.0860 4068.51
2.16E+09 0.0819 4063.04
2.18E+09 0.0830 4057.29
2.20E+09 0.0815 4052.05
2.22E+09 0.0842 4046.32
2.23E+09 0.0826 4041.72
2.26E+09 0.0749 4036.26
2.27E+09 0.0738 4032.33
2.29E+09 0.0731 4028.78
2.30E+09 0.0796 4024.1
2.32E+09 0.0803 4019.04
2.34E+09 0.0761 4015.02
2.36E+09 0.0713 4010.58
2.38E+09 0.0749 4005.86
2.39E+09 0.0738 4001.35
2.41E+09 0.0703 3996.79
2.43E+09 0.0700 3991.84
2.45E+09 0.0693 3987.06
2.48E+09 0.0707 3982.16
2.50E+09 0.0726 3976.6
2.52E+09 0.0723 3970.56
2.54E+09 0.0692 3965.33
2.56E+09 0.0623 3961.15
2.58E+09 0.0654 3956.83
2.60E+09 0.0655 3952.7
2.62E+09 0.0617 3948.4
2.65E+09 0.0685 3943.3
2.66E+09 0.0649 3939.21
2.68E+09 0.0567 3935.13
2.71E+09 0.0662 3929.99
2.72E+09 0.0639 3926.33
2.74E+09 0.0568 3922.62
2.76E+09 0.0565 3919.2
2.78E+09 0.0564 3915.37
2.80E+09 0.0565 3911.87
2.82E+09 0.0577 3907.53
2.84E+09 0.0597 3903.18
2.86E+09 0.0555 3899.51
2.88E+09 0.0545 3895.71
2.91E+09 0.0585 3891.16
2.92E+09 0.0553 3888.37
2.94E+09 0.0497 3884.54
2.97E+09 0.0576 3880.3
2.99E+09 0.0576 3875.2
3.01E+09 0.0560 3871.22
3.03E+09 0.0490 3867.81
3.06E+09 0.0538 3863.6
3.08E+09 0.0535 3858.67
3.11E+09 0.0492 3854.86
3.13E+09 0.0482 3850.89
3.16E+09 0.0483 3846.89
3.18E+09 0.0487 3842.73
3.21E+09 0.0477 3838.36
3.23E+09 0.0471 3834.51
3.26E+09 0.0446 3830.35
3.28E+09 0.0432 3826.76
3.30E+09 0.0424 3823.88
3.33E+09 0.0434 3820.48
3.35E+09 0.0454 3817.33
3.37E+09 0.0427 3814.51
3.40E+09 0.0403 3810.74
3.42E+09 0.0447 3806.77
3.45E+09 0.0437 3802.43
3.48E+09 0.0409 3799.07
3.50E+09 0.0408 3795.26
3.53E+09 0.0398 3792.15
3.55E+09 0.0380 3788.92
3.58E+09 0.0415 3785.8
3.61E+09 0.0409 3781.27
3.64E+09 0.0392 3777.7
3.67E+09 0.0395 3773.9
3.69E+09 0.0361 3771
3.72E+09 0.0390 3767.59
3.74E+09 0.0407 3764.93
3.76E+09 0.0346 3761.42
3.79E+09 0.0357 3758.17
3.82E+09 0.0360 3755.22
3.84E+09 0.0331 3752.11
3.87E+09 0.0341 3749.21
3.89E+09 0.0316 3746.67
3.92E+09 0.0350 3743.71
3.94E+09 0.0355 3740.94
3.97E+09 0.0319 3738.12
4.00E+09 0.0321 3734.98
4.02E+09 0.0356 3732.01
4.04E+09 0.0331 3729.55
4.07E+09 0.0294 3726.56
4.09E+09 0.0321 3724.2
4.12E+09 0.0306 3721.15
4.15E+09 0.0286 3718.76
4.18E+09 0.0286 3715.85
4.21E+09 0.0313 3712.59
4.24E+09 0.0310 3709.79
4.27E+09 0.0300 3706.98
4.30E+09 0.0277 3704.05
4.32E+09 0.0321 3701.25
4.35E+09 0.0305 3699.03
4.38E+09 0.0281 3695.98
4.41E+09 0.0290 3692.98
4.43E+09 0.0291 3690.84
4.46E+09 0.0262 3687.79
4.50E+09 0.0256 3684.89
4.53E+09 0.0283 3682.11
4.56E+09 0.0248 3679.4
4.59E+09 0.0260 3676.85
4.62E+09 0.0257 3673.93
4.65E+09 0.0272 3671.6
4.68E+09 0.0250 3668.91
4.71E+09 0.0255 3666.17
4.74E+09 0.0243 3663.77
4.78E+09 0.0225 3661.08
4.81E+09 0.0227 3658.82
4.83E+09 0.0226 3656.66
4.87E+09 0.0230 3654.19
4.89E+09 0.0218 3652.01
4.93E+09 0.0212 3649.52
4.96E+09 0.0208 3647.4
5.00E+09 0.0218 3644.89
