0.00E+00 -0.8197 6030.11
7.62E+07 0.2538 5966.36
1.39E+08 0.2289 5894.41
1.75E+08 0.2379 5853.78
1.90E+08 0.2203 5836.88
2.06E+08 0.2443 5819.91
2.22E+08 0.2294 5802.47
2.37E+08 0.2153 5786.05
2.53E+08 0.2311 5769.66
2.68E+08 0.2212 5752.91
2.84E+08 0.2091 5737.03
3.00E+08 0.2175 5721.41
3.15E+08 0.2125 5705.41
3.31E+08 0.2027 5690.08
3.47E+08 0.2006 5675.29
3.62E+08 0.1966 5660.46
3.78E+08 0.1920 5646.02
3.87E+08 0.1871 5637.46
3.95E+08 0.1858 5630.59
4.03E+08 0.1854 5623.75
4.11E+08 0.1868 5616.83
4.19E+08 0.1903 5609.83
4.26E+08 0.1852 5602.91
4.34E+08 0.1822 5596.12
4.42E+08 0.1786 5589.46
4.50E+08 0.1784 5582.86
4.58E+08 0.1784 5576.26
4.66E+08 0.1779 5569.65
4.73E+08 0.1785 5563.04
4.81E+08 0.1764 5556.48
4.89E+08 0.1735 5550.01
4.97E+08 0.1721 5543.62
5.05E+08 0.1681 5537.31
5.12E+08 0.1702 5531.04
5.20E+08 0.1675 5524.78
5.28E+08 0.1674 5518.61
5.36E+08 0.1709 5512.36
5.44E+08 0.1679 5506.13
5.51E+08 0.1647 5500
5.59E+08 0.1630 5493.93
5.67E+08 0.1634 5487.95
5.75E+08 0.1609 5481.98
5.83E+08 0.1580 5476.09
5.91E+08 0.1580 5470.22
5.98E+08 0.1568 5464.41
6.06E+08 0.1558 5458.6
6.14E+08 0.1574 5452.87
6.22E+08 0.1540 5447.13
6.30E+08 0.1543 5441.43
6.37E+08 0.1537 5435.73
6.45E+08 0.1512 5430.11
6.53E+08 0.1543 5424.45
6.61E+08 0.1538 5418.74
6.69E+08 0.1564 5413.04
6.76E+08 0.1544 5407.28
6.84E+08 0.1625 5401.45
6.92E+08 0.1643 5395.46
6.98E+08 0.1815 5390.5
7.01E+08 0.2068 5387.59
7.06E+08 0.2747 5382.03
7.14E+08 0.2710 5372.4
7.21E+08 0.2569 5362.68
7.29E+08 0.2486 5353.35
7.37E+08 0.2499 5344.21
7.45E+08 0.2500 5334.98
7.53E+08 0.2479 5325.74
7.60E+08 0.2475 5316.6
7.68E+08 0.2467 5307.46
7.76E+08 0.2465 5298.35
7.84E+08 0.2454 5289.26
7.92E+08 0.2452 5280.21
7.99E+08 0.2439 5271.17
8.07E+08 0.2424 5262.19
8.15E+08 0.2424 5253.19
8.23E+08 0.2409 5244.27
8.31E+08 0.2404 5235.37
8.39E+08 0.2398 5226.5
8.46E+08 0.2390 5217.65
8.54E+08 0.2387 5208.83
8.62E+08 0.2477 5199.96
8.70E+08 0.2449 5190.61
8.78E+08 0.2256 5181.96
8.85E+08 0.2184 5173.81
8.93E+08 0.2219 5165.64
9.01E+08 0.2117 5157.62
9.09E+08 0.2069 5149.93
9.17E+08 0.2050 5142.28
9.24E+08 0.1994 5134.83
9.32E+08 0.1972 5127.48
9.40E+08 0.1972 5120.22
9.48E+08 0.1959 5112.93
9.56E+08 0.1904 5105.83
9.63E+08 0.1935 5098.73
9.71E+08 0.1884 5091.64
9.79E+08 0.1868 5084.73
9.87E+08 0.1858 5077.83
9.95E+08 0.1823 5071.04
1.00E+09 0.1808 5064.33
1.01E+09 0.1779 5057.71
1.02E+09 0.1759 5051.17
1.03E+09 0.1736 5044.72
1.03E+09 0.1715 5038.34
1.04E+09 0.1694 5032.04
1.05E+09 0.1674 5025.82
1.06E+09 0.1653 5019.67
1.07E+09 0.1632 5013.6
1.07E+09 0.1611 5007.61
1.08E+09 0.1590 5001.7
1.09E+09 0.1568 4995.86
1.10E+09 0.1545 4990.11
1.10E+09 0.1522 4984.45
1.11E+09 0.1499 4978.87
1.12E+09 0.1475 4973.37
1.13E+09 0.1451 4967.97
1.14E+09 0.1427 4962.65
1.14E+09 0.1404 4957.42
1.15E+09 0.1382 4952.27
1.16E+09 0.1366 4947.2
1.17E+09 0.1378 4942.15
1.17E+09 0.1417 4936.98
1.18E+09 0.1468 4931.65
1.19E+09 0.1513 4926.14
1.20E+09 0.1572 4920.44
1.21E+09 0.1632 4914.51
1.21E+09 0.1684 4908.38
1.22E+09 0.1722 4902.08
1.23E+09 0.1742 4895.68
1.24E+09 0.1753 4889.22
1.24E+09 0.1754 4882.73
1.25E+09 0.1747 4876.26
1.26E+09 0.1748 4869.81
1.27E+09 0.1705 4863.32
1.28E+09 0.1568 4857.33
1.28E+09 0.1559 4851.58
1.29E+09 0.1554 4845.81
1.30E+09 0.1490 4840.17
1.31E+09 0.1423 4834.8
1.32E+09 0.1387 4829.63
1.32E+09 0.1420 4824.45
1.33E+09 0.1456 4819.13
1.34E+09 0.1452 4813.74
1.35E+09 0.1491 4808.35
1.35E+09 0.1638 4802.57
1.36E+09 0.1725 4796.32
1.37E+09 0.1748 4789.9
1.38E+09 0.1789 4783.37
1.39E+09 0.1808 4776.71
1.39E+09 0.1790 4770.06
1.40E+09 0.1770 4763.48
1.41E+09 0.1749 4756.98
1.42E+09 0.1726 4750.56
1.42E+09 0.1704 4744.22
1.43E+09 0.1676 4737.98
1.44E+09 0.1647 4731.84
1.45E+09 0.1619 4725.8
1.46E+09 0.1590 4719.87
1.46E+09 0.1560 4714.05
1.47E+09 0.1532 4708.34
1.48E+09 0.1505 4702.73
1.49E+09 0.1478 4697.22
1.49E+09 0.1451 4691.81
1.50E+09 0.1426 4686.49
1.51E+09 0.1402 4681.27
1.52E+09 0.1384 4676.13
1.53E+09 0.1382 4671.02
1.53E+09 0.1399 4665.89
1.54E+09 0.1429 4660.67
1.55E+09 0.1461 4655.32
1.56E+09 0.1469 4649.9
1.57E+09 0.1450 4644.5
1.57E+09 0.1418 4639.2
1.58E+09 0.1407 4633.99
1.59E+09 0.1375 4628.84
1.60E+09 0.1335 4623.84
1.60E+09 0.1295 4618.98
1.61E+09 0.1258 4614.27
1.62E+09 0.1244 4609.65
1.63E+09 0.1212 4605.11
1.64E+09 0.1187 4600.68
1.64E+09 0.1154 4596.35
1.65E+09 0.1159 4592.09
1.66E+09 0.1174 4587.8
1.67E+09 0.1217 4583.35
1.67E+09 0.1143 4578.96
1.68E+09 0.1036 4574.94
1.69E+09 0.0975 4571.25
1.70E+09 0.1015 4567.6
1.71E+09 0.1074 4563.76
1.71E+09 0.1128 4559.64
1.72E+09 0.1108 4555.51
1.73E+09 0.1083 4551.46
1.74E+09 0.1077 4547.48
1.74E+09 0.1058 4543.52
1.75E+09 0.1065 4539.61
1.76E+09 0.0981 4535.81
1.77E+09 0.0951 4532.28
1.78E+09 0.0971 4528.73
1.78E+09 0.1020 4525.06
1.79E+09 0.1026 4521.26
1.80E+09 0.1011 4517.51
1.81E+09 0.1031 4513.74
1.82E+09 0.0966 4510.03
1.82E+09 0.0899 4506.6
1.83E+09 0.0903 4503.3
1.84E+09 0.0938 4499.89
1.85E+09 0.0977 4496.34
1.85E+09 0.0955 4492.76
1.86E+09 0.0935 4489.27
1.87E+09 0.0912 4485.86
1.88E+09 0.0915 4482.5
1.89E+09 0.0945 4479.05
1.89E+09 0.0868 4475.68
1.90E+09 0.0789 4472.63
1.91E+09 0.0762 4469.79
1.92E+09 0.0793 4466.91
1.92E+09 0.0833 4463.92
1.93E+09 0.0899 4460.73
1.94E+09 0.0924 4457.33
1.95E+09 0.0916 4453.92
1.96E+09 0.0903 4450.56
1.96E+09 0.0904 4447.22
1.97E+09 0.0899 4443.89
1.98E+09 0.0885 4440.59
1.99E+09 0.0861 4437.36
1.99E+09 0.0828 4434.25
2.00E+09 0.0810 4431.22
2.01E+09 0.0797 4428.25
2.02E+09 0.0812 4425.29
2.03E+09 0.0815 4422.27
2.03E+09 0.0783 4419.31
2.04E+09 0.0740 4416.5
2.05E+09 0.0698 4413.85
2.06E+09 0.0693 4411.3
2.07E+09 0.0730 4408.67
2.07E+09 0.0774 4405.89
2.08E+09 0.0808 4402.97
2.09E+09 0.0837 4399.92
2.10E+09 0.0775 4396.94
2.10E+09 0.0706 4394.22
2.11E+09 0.0686 4391.66
2.12E+09 0.0725 4389.07
2.13E+09 0.0748 4386.34
2.14E+09 0.0770 4383.53
2.14E+09 0.0765 4381.73
2.14E+09 0.0759 4380.33
2.15E+09 0.0756 4378.93
2.15E+09 0.0759 4377.53
2.16E+09 0.0760 4376.13
2.16E+09 0.0752 4374.73
2.16E+09 0.0741 4373.35
2.17E+09 0.0730 4371.99
2.17E+09 0.0723 4370.65
2.18E+09 0.0717 4369.32
2.18E+09 0.0706 4368
2.18E+09 0.0707 4366.7
2.19E+09 0.0704 4365.39
2.19E+09 0.0683 4364.11
2.19E+09 0.0650 4362.88
2.20E+09 0.0623 4361.71
2.20E+09 0.0605 4360.57
2.21E+09 0.0594 4359.47
2.21E+09 0.0594 4358.37
2.21E+09 0.0605 4357.26
2.22E+09 0.0627 4356.12
2.22E+09 0.0646 4354.95
2.23E+09 0.0664 4353.74
2.23E+09 0.0681 4352.5
2.23E+09 0.0694 4351.22
2.24E+09 0.0700 4349.93
2.24E+09 0.0699 4348.64
2.25E+09 0.0696 4347.35
2.25E+09 0.0695 4346.07
2.25E+09 0.0697 4344.78
2.26E+09 0.0697 4343.49
2.26E+09 0.0686 4342.22
2.27E+09 0.0686 4340.95
2.27E+09 0.0673 4339.69
2.27E+09 0.0639 4338.48
2.28E+09 0.0605 4337.33
2.28E+09 0.0577 4336.24
2.28E+09 0.0558 4335.19
2.29E+09 0.0550 4334.17
2.29E+09 0.0549 4333.16
2.30E+09 0.0553 4332.14
2.30E+09 0.0571 4331.1
2.30E+09 0.0593 4330.03
2.31E+09 0.0615 4328.91
2.31E+09 0.0643 4327.75
2.32E+09 0.0659 4326.54
2.32E+09 0.0660 4325.32
2.32E+09 0.0657 4324.11
2.33E+09 0.0655 4322.9
2.33E+09 0.0654 4321.69
2.34E+09 0.0654 4320.48
2.34E+09 0.0652 4319.27
2.34E+09 0.0650 4318.07
2.35E+09 0.0646 4316.87
2.35E+09 0.0639 4315.68
2.36E+09 0.0621 4314.52
2.36E+09 0.0610 4313.38
2.36E+09 0.0602 4312.27
2.37E+09 0.0587 4311.16
2.37E+09 0.0568 4310.1
2.37E+09 0.0557 4309.06
2.38E+09 0.0554 4308.04
2.38E+09 0.0555 4307.01
2.39E+09 0.0555 4305.99
2.39E+09 0.0553 4304.96
2.39E+09 0.0549 4303.94
2.40E+09 0.0541 4302.94
2.40E+09 0.0535 4301.94
2.41E+09 0.0532 4300.96
2.41E+09 0.0532 4299.98
2.41E+09 0.0539 4298.99
2.42E+09 0.0547 4297.98
2.42E+09 0.0549 4296.97
2.43E+09 0.0546 4295.96
2.43E+09 0.0536 4294.96
2.43E+09 0.0529 4293.97
2.44E+09 0.0527 4293
2.44E+09 0.0531 4292.02
2.44E+09 0.0542 4291.03
2.45E+09 0.0558 4290.01
2.45E+09 0.0570 4288.97
2.46E+09 0.0580 4287.91
2.46E+09 0.0589 4286.83
2.46E+09 0.0594 4285.74
2.47E+09 0.0591 4284.64
2.47E+09 0.0583 4283.55
2.48E+09 0.0576 4282.48
2.48E+09 0.0571 4281.42
2.48E+09 0.0569 4280.37
2.49E+09 0.0569 4279.32
2.49E+09 0.0565 4278.27
2.50E+09 0.0560 4277.23
2.50E+09 0.0555 4276.2
2.50E+09 0.0551 4275.18
2.51E+09 0.0548 4274.16
2.51E+09 0.0540 4273.16
2.52E+09 0.0532 4272.17
2.52E+09 0.0520 4271.2
2.52E+09 0.0504 4270.25
2.53E+09 0.0491 4269.33
2.53E+09 0.0483 4268.43
2.53E+09 0.0482 4267.54
2.54E+09 0.0486 4266.65
2.54E+09 0.0488 4265.75
2.55E+09 0.0489 4264.85
2.55E+09 0.0490 4263.94
2.55E+09 0.0490 4263.04
2.56E+09 0.0490 4262.13
2.56E+09 0.0491 4261.22
2.57E+09 0.0492 4260.32
2.57E+09 0.0492 4259.41
2.57E+09 0.0486 4258.5
2.58E+09 0.0479 4257.61
2.58E+09 0.0482 4256.72
2.59E+09 0.0494 4255.82
2.59E+09 0.0499 4254.9
2.59E+09 0.0488 4253.99
2.60E+09 0.0474 4253.1
2.60E+09 0.0462 4252.24
2.61E+09 0.0456 4251.39
2.61E+09 0.0453 4250.55
2.61E+09 0.0459 4249.71
2.62E+09 0.0466 4248.85
2.62E+09 0.0476 4247.98
2.62E+09 0.0482 4247.1
2.63E+09 0.0484 4246.21
2.63E+09 0.0485 4245.31
2.64E+09 0.0486 4244.41
2.64E+09 0.0486 4243.51
2.64E+09 0.0486 4242.62
2.65E+09 0.0482 4241.72
2.65E+09 0.0477 4240.83
2.66E+09 0.0472 4239.96
2.66E+09 0.0469 4239.09
2.66E+09 0.0461 4238.23
2.67E+09 0.0455 4237.38
2.67E+09 0.0453 4236.55
2.68E+09 0.0459 4235.7
2.68E+09 0.0468 4234.85
2.68E+09 0.0469 4233.98
2.69E+09 0.0464 4233.12
2.69E+09 0.0463 4232.26
2.69E+09 0.0463 4231.4
2.70E+09 0.0464 4230.55
2.70E+09 0.0462 4229.69
2.71E+09 0.0458 4228.84
2.71E+09 0.0453 4228
2.71E+09 0.0448 4227.17
2.72E+09 0.0444 4226.34
2.72E+09 0.0443 4225.53
2.73E+09 0.0444 4224.71
2.73E+09 0.0446 4223.88
2.73E+09 0.0450 4223.06
2.74E+09 0.0451 4222.22
2.74E+09 0.0448 4221.39
2.75E+09 0.0436 4220.57
2.75E+09 0.0419 4219.78
2.75E+09 0.0404 4219.02
2.76E+09 0.0391 4218.29
2.76E+09 0.0382 4217.58
2.77E+09 0.0377 4216.88
2.77E+09 0.0377 4216.18
2.77E+09 0.0382 4215.48
2.78E+09 0.0393 4214.77
2.78E+09 0.0411 4214.03
2.78E+09 0.0430 4213.25
2.79E+09 0.0443 4212.44
2.79E+09 0.0451 4211.61
2.80E+09 0.0455 4210.78
2.80E+09 0.0456 4209.93
2.80E+09 0.0451 4209.09
2.81E+09 0.0441 4208.27
2.81E+09 0.0429 4207.47
2.82E+09 0.0418 4206.68
2.82E+09 0.0410 4205.92
2.82E+09 0.0404 4205.17
2.83E+09 0.0401 4204.42
2.83E+09 0.0398 4203.69
2.84E+09 0.0395 4202.95
2.84E+09 0.0393 4202.23
2.84E+09 0.0390 4201.5
2.85E+09 0.0387 4200.78
2.85E+09 0.0386 4200.07
2.86E+09 0.0385 4199.36
2.86E+09 0.0385 4198.65
2.86E+09 0.0385 4197.94
2.87E+09 0.0384 4197.22
2.87E+09 0.0382 4196.52
2.87E+09 0.0379 4195.81
2.88E+09 0.0375 4195.12
2.88E+09 0.0370 4194.43
2.89E+09 0.0365 4193.75
2.89E+09 0.0365 4193.08
2.89E+09 0.0369 4192.4
2.90E+09 0.0381 4191.71
2.90E+09 0.0393 4190.99
2.91E+09 0.0399 4190.26
2.91E+09 0.0399 4189.52
2.91E+09 0.0396 4188.79
2.92E+09 0.0392 4188.06
2.92E+09 0.0387 4187.34
2.93E+09 0.0384 4186.63
2.93E+09 0.0381 4185.92
2.93E+09 0.0380 4185.22
2.94E+09 0.0383 4184.51
2.94E+09 0.0385 4183.8
2.94E+09 0.0387 4183.09
2.95E+09 0.0384 4182.38
2.95E+09 0.0376 4181.68
2.96E+09 0.0365 4180.99
2.96E+09 0.0354 4180.33
2.96E+09 0.0345 4179.68
2.97E+09 0.0337 4179.05
2.97E+09 0.0328 4178.44
2.98E+09 0.0320 4177.84
2.98E+09 0.0312 4177.26
2.98E+09 0.0305 4176.69
2.99E+09 0.0297 4176.13
2.99E+09 0.0293 4175.59
3.00E+09 0.0298 4175.04
3.00E+09 0.0312 4174.48
3.00E+09 0.0330 4173.88
3.01E+09 0.0346 4173.26
3.01E+09 0.0354 4172.61
3.02E+09 0.0357 4171.95
3.02E+09 0.0358 4171.29
3.02E+09 0.0359 4170.63
3.03E+09 0.0360 4169.96
3.03E+09 0.0359 4169.3
3.03E+09 0.0358 4168.64
3.04E+09 0.0358 4167.98
3.04E+09 0.0357 4167.31
3.05E+09 0.0355 4166.66
3.05E+09 0.0352 4166
3.05E+09 0.0347 4165.36
3.06E+09 0.0344 4164.72
3.06E+09 0.0340 4164.09
3.07E+09 0.0336 4163.46
3.07E+09 0.0331 4162.85
3.07E+09 0.0325 4162.24
3.08E+09 0.0319 4161.64
3.08E+09 0.0314 4161.06
3.09E+09 0.0310 4160.48
3.09E+09 0.0307 4159.91
3.09E+09 0.0303 4159.35
3.10E+09 0.0301 4158.79
3.10E+09 0.0297 4158.24
3.11E+09 0.0292 4157.69
3.11E+09 0.0287 4157.16
3.11E+09 0.0286 4156.63
3.12E+09 0.0288 4156.1
3.12E+09 0.0292 4155.57
3.12E+09 0.0295 4155.02
3.13E+09 0.0302 4154.47
3.13E+09 0.0310 4153.91
3.14E+09 0.0314 4153.33
3.14E+09 0.0312 4152.75
3.14E+09 0.0305 4152.18
3.15E+09 0.0297 4151.62
3.15E+09 0.0291 4151.08
3.16E+09 0.0286 4150.55
3.16E+09 0.0282 4150.02
3.16E+09 0.0282 4149.5
3.17E+09 0.0284 4148.98
3.17E+09 0.0288 4148.45
3.18E+09 0.0295 4147.91
3.18E+09 0.0302 4147.36
3.18E+09 0.0308 4146.8
3.19E+09 0.0311 4146.23
3.19E+09 0.0313 4145.65
3.19E+09 0.0312 4145.07
3.20E+09 0.0309 4144.5
3.20E+09 0.0304 4143.93
3.21E+09 0.0298 4143.37
3.21E+09 0.0291 4142.83
3.21E+09 0.0285 4142.3
3.22E+09 0.0281 4141.78
3.22E+09 0.0277 4141.26
3.23E+09 0.0274 4140.75
3.23E+09 0.0271 4140.25
3.23E+09 0.0268 4139.75
3.24E+09 0.0266 4139.26
3.24E+09 0.0262 4138.77
3.25E+09 0.0262 4138.29
3.25E+09 0.0266 4137.8
3.25E+09 0.0274 4137.3
3.26E+09 0.0280 4136.79
3.26E+09 0.0281 4136.27
3.27E+09 0.0278 4135.75
3.27E+09 0.0272 4135.24
3.27E+09 0.0268 4134.75
3.28E+09 0.0267 4134.25
3.28E+09 0.0266 4133.76
3.28E+09 0.0266 4133.27
3.29E+09 0.0265 4132.78
3.29E+09 0.0264 4132.29
3.30E+09 0.0264 4131.8
3.30E+09 0.0266 4131.31
3.30E+09 0.0264 4130.82
3.31E+09 0.0262 4130.33
3.31E+09 0.0264 4129.85
3.32E+09 0.0268 4129.36
3.32E+09 0.0272 4128.86
3.32E+09 0.0278 4128.35
3.33E+09 0.0280 4127.83
3.33E+09 0.0280 4127.32
3.34E+09 0.0278 4126.8
3.34E+09 0.0272 4126.29
3.34E+09 0.0265 4125.79
3.35E+09 0.0259 4125.31
3.35E+09 0.0255 4124.84
3.36E+09 0.0253 4124.37
3.36E+09 0.0255 4123.9
3.36E+09 0.0260 4123.42
3.37E+09 0.0265 4122.94
3.37E+09 0.0270 4122.44
3.37E+09 0.0275 4121.94
3.38E+09 0.0280 4121.43
3.38E+09 0.0284 4120.9
3.39E+09 0.0287 4120.38
3.39E+09 0.0290 4119.84
3.39E+09 0.0292 4119.3
3.40E+09 0.0290 4118.77
3.40E+09 0.0287 4118.23
3.41E+09 0.0282 4117.71
3.41E+09 0.0277 4117.19
3.41E+09 0.0271 4116.69
3.42E+09 0.0265 4116.19
3.42E+09 0.0260 4115.71
3.43E+09 0.0255 4115.23
3.43E+09 0.0251 4114.76
3.43E+09 0.0248 4114.3
3.44E+09 0.0245 4113.85
3.44E+09 0.0245 4113.4
3.44E+09 0.0244 4112.94
3.45E+09 0.0243 4112.5
3.45E+09 0.0244 4112.05
3.46E+09 0.0244 4111.6
3.46E+09 0.0246 4111.14
3.46E+09 0.0249 4110.69
3.47E+09 0.0255 4110.22
3.47E+09 0.0263 4109.74
3.48E+09 0.0270 4109.25
3.48E+09 0.0275 4108.74
3.48E+09 0.0278 4108.23
3.49E+09 0.0276 4107.72
3.49E+09 0.0274 4107.21
3.50E+09 0.0271 4106.71
3.50E+09 0.0268 4106.21
3.50E+09 0.0264 4105.72
3.51E+09 0.0260 4105.23
3.51E+09 0.0255 4104.76
3.52E+09 0.0249 4104.29
3.52E+09 0.0244 4103.84
3.52E+09 0.0238 4103.39
3.53E+09 0.0232 4102.96
3.53E+09 0.0226 4102.54
3.53E+09 0.0224 4102.12
3.54E+09 0.0222 4101.71
3.54E+09 0.0222 4101.3
3.55E+09 0.0223 4100.89
3.55E+09 0.0223 4100.47
3.55E+09 0.0220 4100.06
3.56E+09 0.0217 4099.66
3.56E+09 0.0215 4099.26
3.57E+09 0.0214 4098.87
3.57E+09 0.0213 4098.47
3.57E+09 0.0213 4098.08
3.58E+09 0.0213 4097.69
3.58E+09 0.0213 4097.29
3.59E+09 0.0213 4096.9
3.59E+09 0.0213 4096.5
3.59E+09 0.0211 4096.11
3.60E+09 0.0210 4095.72
3.60E+09 0.0210 4095.34
3.61E+09 0.0210 4094.95
3.61E+09 0.0212 4094.56
3.61E+09 0.0214 4094.16
3.62E+09 0.0217 4093.76
3.62E+09 0.0220 4093.36
3.62E+09 0.0223 4092.95
3.63E+09 0.0228 4092.53
3.63E+09 0.0233 4092.11
3.64E+09 0.0236 4091.68
3.64E+09 0.0240 4091.24
3.64E+09 0.0242 4090.79
3.65E+09 0.0243 4090.34
3.65E+09 0.0245 4089.89
3.66E+09 0.0247 4089.44
3.66E+09 0.0249 4088.98
3.66E+09 0.0250 4088.52
3.67E+09 0.0250 4088.06
3.67E+09 0.0247 4087.6
3.68E+09 0.0244 4087.14
3.68E+09 0.0239 4086.7
3.68E+09 0.0233 4086.26
3.69E+09 0.0228 4085.83
3.69E+09 0.0223 4085.42
3.69E+09 0.0217 4085.01
3.70E+09 0.0213 4084.61
3.70E+09 0.0210 4084.22
3.71E+09 0.0207 4083.84
3.71E+09 0.0205 4083.46
3.71E+09 0.0205 4083.08
3.72E+09 0.0204 4082.7
3.72E+09 0.0204 4082.32
3.73E+09 0.0206 4081.95
3.73E+09 0.0211 4081.56
3.73E+09 0.0216 4081.17
3.74E+09 0.0223 4080.76
3.74E+09 0.0229 4080.35
3.75E+09 0.0234 4079.92
3.75E+09 0.0236 4079.48
3.75E+09 0.0235 4079.05
3.76E+09 0.0232 4078.62
3.76E+09 0.0227 4078.19
3.77E+09 0.0221 4077.78
3.77E+09 0.0216 4077.38
3.77E+09 0.0211 4076.98
3.78E+09 0.0208 4076.6
3.78E+09 0.0204 4076.21
3.78E+09 0.0201 4075.84
3.79E+09 0.0198 4075.47
3.79E+09 0.0195 4075.11
3.80E+09 0.0190 4074.75
3.80E+09 0.0185 4074.41
3.80E+09 0.0181 4074.07
3.81E+09 0.0177 4073.74
3.81E+09 0.0173 4073.41
3.82E+09 0.0170 4073.1
3.82E+09 0.0168 4072.78
3.82E+09 0.0166 4072.48
3.83E+09 0.0164 4072.17
3.83E+09 0.0160 4071.87
3.84E+09 0.0155 4071.58
3.84E+09 0.0151 4071.3
3.84E+09 0.0148 4071.02
3.85E+09 0.0146 4070.75
3.85E+09 0.0145 4070.48
3.86E+09 0.0145 4070.22
3.86E+09 0.0148 4069.95
3.86E+09 0.0153 4069.67
3.87E+09 0.0159 4069.38
3.87E+09 0.0167 4069.08
3.87E+09 0.0174 4068.76
3.88E+09 0.0181 4068.43
3.88E+09 0.0189 4068.09
3.89E+09 0.0197 4067.74
3.89E+09 0.0204 4067.37
3.89E+09 0.0210 4066.98
3.90E+09 0.0213 4066.59
3.90E+09 0.0214 4066.2
3.91E+09 0.0212 4065.8
3.91E+09 0.0210 4065.41
3.91E+09 0.0207 4065.03
3.92E+09 0.0204 4064.65
3.92E+09 0.0202 4064.27
3.93E+09 0.0200 4063.9
3.93E+09 0.0198 4063.53
3.93E+09 0.0195 4063.17
3.94E+09 0.0194 4062.81
3.94E+09 0.0194 4062.45
3.94E+09 0.0193 4062.09
3.95E+09 0.0193 4061.74
3.95E+09 0.0190 4061.38
3.96E+09 0.0187 4061.04
3.96E+09 0.0183 4060.69
3.96E+09 0.0179 4060.36
3.97E+09 0.0176 4060.03
3.97E+09 0.0175 4059.71
3.98E+09 0.0175 4059.38
3.98E+09 0.0177 4059.06
3.98E+09 0.0179 4058.73
3.99E+09 0.0182 4058.4
3.99E+09 0.0186 4058.06
4.00E+09 0.0189 4057.71
4.00E+09 0.0192 4057.36
4.00E+09 0.0193 4057
4.01E+09 0.0194 4056.64
4.01E+09 0.0193 4056.29
4.02E+09 0.0191 4055.93
4.02E+09 0.0188 4055.58
4.02E+09 0.0185 4055.24
4.03E+09 0.0181 4054.9
4.03E+09 0.0177 4054.57
4.03E+09 0.0173 4054.24
4.04E+09 0.0170 4053.93
4.04E+09 0.0166 4053.62
4.05E+09 0.0164 4053.31
4.05E+09 0.0163 4053.01
4.05E+09 0.0162 4052.71
4.06E+09 0.0162 4052.41
4.06E+09 0.0162 4052.11
4.07E+09 0.0163 4051.81
4.07E+09 0.0164 4051.51
4.07E+09 0.0165 4051.2
4.08E+09 0.0165 4050.9
4.08E+09 0.0165 4050.59
4.09E+09 0.0166 4050.29
4.09E+09 0.0167 4049.98
4.09E+09 0.0167 4049.67
4.10E+09 0.0169 4049.36
4.10E+09 0.0171 4049.05
4.10E+09 0.0172 4048.83
4.11E+09 0.0173 4048.67
4.11E+09 0.0174 4048.51
4.11E+09 0.0175 4048.35
4.11E+09 0.0176 4048.19
4.11E+09 0.0176 4048.03
4.12E+09 0.0177 4047.86
4.12E+09 0.0178 4047.7
4.12E+09 0.0179 4047.53
4.12E+09 0.0179 4047.37
4.12E+09 0.0179 4047.2
4.13E+09 0.0179 4047.04
4.13E+09 0.0179 4046.87
4.13E+09 0.0179 4046.71
4.13E+09 0.0179 4046.54
4.13E+09 0.0179 4046.38
4.14E+09 0.0179 4046.21
4.14E+09 0.0179 4046.04
4.14E+09 0.0179 4045.88
4.14E+09 0.0179 4045.71
4.14E+09 0.0179 4045.55
4.14E+09 0.0178 4045.38
4.15E+09 0.0178 4045.22
4.15E+09 0.0178 4045.05
4.15E+09 0.0177 4044.89
4.15E+09 0.0176 4044.73
4.15E+09 0.0175 4044.57
4.16E+09 0.0174 4044.41
4.16E+09 0.0173 4044.24
4.16E+09 0.0172 4044.09
4.16E+09 0.0171 4043.93
4.16E+09 0.0170 4043.77
4.17E+09 0.0169 4043.61
4.17E+09 0.0168 4043.46
4.17E+09 0.0167 4043.3
4.17E+09 0.0166 4043.15
4.17E+09 0.0164 4043
4.18E+09 0.0163 4042.84
4.18E+09 0.0162 4042.69
4.18E+09 0.0161 4042.55
4.18E+09 0.0160 4042.4
4.18E+09 0.0159 4042.25
4.19E+09 0.0158 4042.1
4.19E+09 0.0157 4041.96
4.19E+09 0.0156 4041.81
4.19E+09 0.0156 4041.67
4.19E+09 0.0156 4041.52
4.20E+09 0.0156 4041.38
4.20E+09 0.0155 4041.24
4.20E+09 0.0155 4041.09
4.20E+09 0.0155 4040.95
4.20E+09 0.0155 4040.81
4.21E+09 0.0154 4040.67
4.21E+09 0.0154 4040.52
4.21E+09 0.0153 4040.38
4.21E+09 0.0153 4040.24
4.21E+09 0.0152 4040.1
4.22E+09 0.0151 4039.96
4.22E+09 0.0151 4039.82
4.22E+09 0.0150 4039.68
4.22E+09 0.0150 4039.54
4.22E+09 0.0150 4039.4
4.22E+09 0.0150 4039.26
4.23E+09 0.0150 4039.13
4.23E+09 0.0150 4038.99
4.23E+09 0.0149 4038.85
4.23E+09 0.0149 4038.71
4.23E+09 0.0149 4038.57
4.24E+09 0.0149 4038.44
4.24E+09 0.0150 4038.3
4.24E+09 0.0151 4038.16
4.24E+09 0.0151 4038.02
4.24E+09 0.0151 4037.88
4.25E+09 0.0151 4037.74
4.25E+09 0.0151 4037.6
4.25E+09 0.0151 4037.46
4.25E+09 0.0151 4037.32
4.25E+09 0.0150 4037.18
4.26E+09 0.0150 4037.04
4.26E+09 0.0150 4036.91
4.26E+09 0.0149 4036.77
4.26E+09 0.0149 4036.63
4.26E+09 0.0149 4036.49
4.27E+09 0.0147 4036.35
4.27E+09 0.0146 4036.22
4.27E+09 0.0145 4036.09
4.27E+09 0.0144 4035.95
4.27E+09 0.0143 4035.82
4.28E+09 0.0142 4035.69
4.28E+09 0.0141 4035.56
4.28E+09 0.0141 4035.43
4.28E+09 0.0140 4035.3
4.28E+09 0.0140 4035.17
4.29E+09 0.0140 4035.04
4.29E+09 0.0139 4034.91
4.29E+09 0.0139 4034.78
4.29E+09 0.0139 4034.65
4.29E+09 0.0139 4034.52
4.30E+09 0.0140 4034.39
4.30E+09 0.0140 4034.27
4.30E+09 0.0140 4034.14
4.30E+09 0.0140 4034.01
4.30E+09 0.0141 4033.88
4.31E+09 0.0141 4033.75
4.31E+09 0.0142 4033.62
4.31E+09 0.0143 4033.48
4.31E+09 0.0144 4033.35
4.31E+09 0.0145 4033.22
4.31E+09 0.0145 4033.08
4.32E+09 0.0146 4032.95
4.32E+09 0.0146 4032.82
4.32E+09 0.0147 4032.68
4.32E+09 0.0147 4032.54
4.32E+09 0.0147 4032.41
4.33E+09 0.0148 4032.27
4.33E+09 0.0148 4032.14
4.33E+09 0.0148 4032
4.33E+09 0.0148 4031.86
4.33E+09 0.0149 4031.72
4.34E+09 0.0149 4031.59
4.34E+09 0.0148 4031.45
4.34E+09 0.0148 4031.31
4.34E+09 0.0148 4031.18
4.34E+09 0.0148 4031.04
4.35E+09 0.0147 4030.9
4.35E+09 0.0147 4030.77
4.35E+09 0.0146 4030.63
4.35E+09 0.0146 4030.5
4.35E+09 0.0146 4030.36
4.36E+09 0.0145 4030.23
4.36E+09 0.0144 4030.1
4.36E+09 0.0143 4029.96
4.36E+09 0.0142 4029.83
4.36E+09 0.0141 4029.7
4.37E+09 0.0140 4029.57
4.37E+09 0.0138 4029.44
4.37E+09 0.0138 4029.31
4.37E+09 0.0137 4029.19
4.37E+09 0.0136 4029.06
4.38E+09 0.0136 4028.94
4.38E+09 0.0135 4028.81
4.38E+09 0.0135 4028.69
4.38E+09 0.0134 4028.56
4.38E+09 0.0134 4028.44
4.39E+09 0.0133 4028.32
4.39E+09 0.0133 4028.19
4.39E+09 0.0133 4028.07
4.39E+09 0.0133 4027.95
4.39E+09 0.0133 4027.82
4.39E+09 0.0133 4027.7
4.40E+09 0.0134 4027.58
4.40E+09 0.0134 4027.45
4.40E+09 0.0135 4027.33
4.40E+09 0.0136 4027.2
4.40E+09 0.0137 4027.08
4.41E+09 0.0138 4026.95
4.41E+09 0.0139 4026.82
4.41E+09 0.0141 4026.69
4.41E+09 0.0142 4026.56
4.41E+09 0.0144 4026.43
4.42E+09 0.0145 4026.3
4.42E+09 0.0146 4026.16
4.42E+09 0.0147 4026.03
4.42E+09 0.0148 4025.89
4.42E+09 0.0149 4025.76
4.43E+09 0.0150 4025.62
4.43E+09 0.0150 4025.48
4.43E+09 0.0150 4025.34
4.43E+09 0.0150 4025.2
4.43E+09 0.0150 4025.06
4.44E+09 0.0150 4024.92
4.44E+09 0.0150 4024.79
4.44E+09 0.0149 4024.65
4.44E+09 0.0148 4024.51
4.44E+09 0.0147 4024.37
4.45E+09 0.0147 4024.24
4.45E+09 0.0146 4024.1
4.45E+09 0.0146 4023.97
4.45E+09 0.0145 4023.83
4.45E+09 0.0145 4023.7
4.46E+09 0.0144 4023.57
4.46E+09 0.0144 4023.43
4.46E+09 0.0144 4023.3
4.46E+09 0.0144 4023.17
4.46E+09 0.0144 4023.03
4.47E+09 0.0143 4022.9
4.47E+09 0.0143 4022.77
4.47E+09 0.0143 4022.64
4.47E+09 0.0142 4022.51
4.47E+09 0.0141 4022.37
4.47E+09 0.0140 4022.24
4.48E+09 0.0140 4022.11
4.48E+09 0.0139 4021.99
4.48E+09 0.0138 4021.86
4.48E+09 0.0137 4021.73
4.48E+09 0.0136 4021.6
4.49E+09 0.0136 4021.48
4.49E+09 0.0135 4021.35
4.49E+09 0.0134 4021.23
4.49E+09 0.0134 4021.11
4.49E+09 0.0133 4020.98
4.50E+09 0.0132 4020.86
4.50E+09 0.0131 4020.74
4.50E+09 0.0130 4020.62
4.50E+09 0.0129 4020.5
4.50E+09 0.0128 4020.38
4.51E+09 0.0127 4020.26
4.51E+09 0.0127 4020.14
4.51E+09 0.0126 4020.03
4.51E+09 0.0125 4019.91
4.51E+09 0.0124 4019.8
4.52E+09 0.0123 4019.68
4.52E+09 0.0122 4019.57
4.52E+09 0.0122 4019.46
4.52E+09 0.0121 4019.34
4.52E+09 0.0120 4019.23
4.53E+09 0.0120 4019.12
4.53E+09 0.0119 4019.01
4.53E+09 0.0118 4018.9
4.53E+09 0.0118 4018.79
4.53E+09 0.0117 4018.69
4.54E+09 0.0117 4018.58
4.54E+09 0.0117 4018.47
4.54E+09 0.0118 4018.36
4.54E+09 0.0118 4018.25
4.54E+09 0.0118 4018.14
4.55E+09 0.0119 4018.03
4.55E+09 0.0119 4017.92
4.55E+09 0.0120 4017.81
4.55E+09 0.0120 4017.7
4.55E+09 0.0121 4017.59
4.56E+09 0.0121 4017.48
4.56E+09 0.0122 4017.37
4.56E+09 0.0122 4017.25
4.56E+09 0.0123 4017.14
4.56E+09 0.0124 4017.03
4.56E+09 0.0125 4016.91
4.57E+09 0.0125 4016.8
4.57E+09 0.0126 4016.68
4.57E+09 0.0127 4016.56
4.57E+09 0.0128 4016.45
4.57E+09 0.0129 4016.33
4.58E+09 0.0129 4016.21
4.58E+09 0.0130 4016.09
4.58E+09 0.0131 4015.97
4.58E+09 0.0132 4015.84
4.58E+09 0.0133 4015.72
4.59E+09 0.0134 4015.6
4.59E+09 0.0135 4015.47
4.59E+09 0.0135 4015.35
4.59E+09 0.0136 4015.22
4.59E+09 0.0136 4015.1
4.60E+09 0.0137 4014.97
4.60E+09 0.0137 4014.85
4.60E+09 0.0137 4014.72
4.60E+09 0.0137 4014.59
4.60E+09 0.0137 4014.46
4.61E+09 0.0137 4014.34
4.61E+09 0.0136 4014.21
4.61E+09 0.0136 4014.09
4.61E+09 0.0135 4013.96
4.61E+09 0.0134 4013.84
4.62E+09 0.0133 4013.71
4.62E+09 0.0131 4013.59
4.62E+09 0.0130 4013.47
4.62E+09 0.0128 4013.35
4.62E+09 0.0127 4013.23
4.63E+09 0.0126 4013.12
4.63E+09 0.0124 4013
4.63E+09 0.0123 4012.89
4.63E+09 0.0122 4012.78
4.63E+09 0.0120 4012.66
4.64E+09 0.0119 4012.55
4.64E+09 0.0118 4012.44
4.64E+09 0.0117 4012.34
4.64E+09 0.0116 4012.23
4.64E+09 0.0115 4012.12
4.64E+09 0.0115 4012.01
4.65E+09 0.0114 4011.91
4.65E+09 0.0114 4011.8
4.65E+09 0.0113 4011.7
4.65E+09 0.0113 4011.59
4.65E+09 0.0113 4011.49
4.66E+09 0.0113 4011.39
4.66E+09 0.0113 4011.28
4.66E+09 0.0112 4011.18
4.66E+09 0.0112 4011.07
4.66E+09 0.0112 4010.97
4.67E+09 0.0112 4010.87
4.67E+09 0.0112 4010.76
4.67E+09 0.0112 4010.66
4.67E+09 0.0112 4010.56
4.67E+09 0.0112 4010.45
4.68E+09 0.0112 4010.35
4.68E+09 0.0112 4010.25
4.68E+09 0.0113 4010.14
4.68E+09 0.0113 4010.04
4.68E+09 0.0113 4009.93
4.69E+09 0.0114 4009.83
4.69E+09 0.0115 4009.72
4.69E+09 0.0115 4009.62
4.69E+09 0.0116 4009.51
4.69E+09 0.0116 4009.4
4.70E+09 0.0116 4009.3
4.70E+09 0.0117 4009.19
4.70E+09 0.0117 4009.08
4.70E+09 0.0117 4008.97
4.70E+09 0.0118 4008.86
4.71E+09 0.0118 4008.76
4.71E+09 0.0117 4008.65
4.71E+09 0.0117 4008.54
4.71E+09 0.0118 4008.43
4.71E+09 0.0118 4008.32
4.72E+09 0.0118 4008.21
4.72E+09 0.0119 4008.1
4.72E+09 0.0119 4007.99
4.72E+09 0.0120 4007.88
4.72E+09 0.0121 4007.77
4.72E+09 0.0121 4007.66
4.73E+09 0.0122 4007.55
4.73E+09 0.0123 4007.43
4.73E+09 0.0123 4007.32
4.73E+09 0.0124 4007.21
4.73E+09 0.0124 4007.09
4.74E+09 0.0124 4006.98
4.74E+09 0.0124 4006.86
4.74E+09 0.0125 4006.75
4.74E+09 0.0125 4006.63
4.74E+09 0.0126 4006.52
4.75E+09 0.0126 4006.4
4.75E+09 0.0126 4006.28
4.75E+09 0.0126 4006.17
4.75E+09 0.0126 4006.05
4.75E+09 0.0126 4005.93
4.76E+09 0.0126 4005.82
4.76E+09 0.0126 4005.7
4.76E+09 0.0125 4005.59
4.76E+09 0.0125 4005.47
4.76E+09 0.0124 4005.36
4.77E+09 0.0123 4005.24
4.77E+09 0.0122 4005.13
4.77E+09 0.0121 4005.02
4.77E+09 0.0119 4004.91
4.77E+09 0.0118 4004.8
4.78E+09 0.0117 4004.69
4.78E+09 0.0116 4004.58
4.78E+09 0.0115 4004.48
4.78E+09 0.0114 4004.37
4.78E+09 0.0113 4004.26
4.79E+09 0.0112 4004.16
4.79E+09 0.0112 4004.06
4.79E+09 0.0111 4003.95
4.79E+09 0.0111 4003.85
4.79E+09 0.0110 4003.75
4.80E+09 0.0110 4003.65
4.80E+09 0.0109 4003.55
4.80E+09 0.0109 4003.45
4.80E+09 0.0109 4003.35
4.80E+09 0.0109 4003.24
4.81E+09 0.0109 4003.14
4.81E+09 0.0109 4003.04
4.81E+09 0.0109 4002.94
4.81E+09 0.0109 4002.84
4.81E+09 0.0109 4002.74
4.81E+09 0.0109 4002.64
4.82E+09 0.0109 4002.54
4.82E+09 0.0108 4002.44
4.82E+09 0.0108 4002.34
4.82E+09 0.0108 4002.24
4.82E+09 0.0107 4002.14
4.83E+09 0.0107 4002.04
4.83E+09 0.0107 4001.94
4.83E+09 0.0106 4001.85
4.83E+09 0.0106 4001.75
4.83E+09 0.0106 4001.65
4.84E+09 0.0106 4001.55
4.84E+09 0.0106 4001.45
4.84E+09 0.0105 4001.36
4.84E+09 0.0105 4001.26
4.84E+09 0.0105 4001.16
4.85E+09 0.0105 4001.07
4.85E+09 0.0104 4000.97
4.85E+09 0.0104 4000.87
4.85E+09 0.0104 4000.78
4.85E+09 0.0103 4000.68
4.86E+09 0.0103 4000.59
4.86E+09 0.0103 4000.49
4.86E+09 0.0102 4000.4
4.86E+09 0.0102 4000.3
4.86E+09 0.0102 4000.21
4.87E+09 0.0101 4000.11
4.87E+09 0.0101 4000.02
4.87E+09 0.0101 3999.93
4.87E+09 0.0101 3999.83
4.87E+09 0.0101 3999.74
4.88E+09 0.0100 3999.65
4.88E+09 0.0100 3999.55
4.88E+09 0.0100 3999.46
4.88E+09 0.0099 3999.37
4.88E+09 0.0099 3999.28
4.89E+09 0.0099 3999.19
4.89E+09 0.0099 3999.1
4.89E+09 0.0099 3999.01
4.89E+09 0.0098 3998.91
4.89E+09 0.0098 3998.82
4.89E+09 0.0098 3998.73
4.90E+09 0.0098 3998.64
4.90E+09 0.0098 3998.55
4.90E+09 0.0098 3998.46
4.90E+09 0.0098 3998.37
4.90E+09 0.0097 3998.28
4.91E+09 0.0097 3998.19
4.91E+09 0.0097 3998.1
4.91E+09 0.0097 3998.01
4.91E+09 0.0097 3997.92
4.91E+09 0.0097 3997.83
4.92E+09 0.0096 3997.74
4.92E+09 0.0096 3997.66
4.92E+09 0.0096 3997.57
4.92E+09 0.0096 3997.48
4.92E+09 0.0096 3997.39
4.93E+09 0.0096 3997.3
4.93E+09 0.0096 3997.21
4.93E+09 0.0096 3997.12
4.93E+09 0.0096 3997.03
4.93E+09 0.0096 3996.94
4.94E+09 0.0096 3996.86
4.94E+09 0.0096 3996.77
4.94E+09 0.0096 3996.68
4.94E+09 0.0096 3996.59
4.94E+09 0.0096 3996.5
4.95E+09 0.0096 3996.41
4.95E+09 0.0096 3996.32
4.95E+09 0.0096 3996.24
4.95E+09 0.0095 3996.15
4.95E+09 0.0095 3996.06
4.96E+09 0.0095 3995.97
4.96E+09 0.0095 3995.88
4.96E+09 0.0094 3995.8
4.96E+09 0.0094 3995.71
4.96E+09 0.0094 3995.62
4.97E+09 0.0093 3995.54
4.97E+09 0.0093 3995.45
4.97E+09 0.0093 3995.36
4.97E+09 0.0092 3995.28
4.97E+09 0.0092 3995.19
4.97E+09 0.0091 3995.11
4.98E+09 0.0091 3995.02
4.98E+09 0.0091 3994.94
4.98E+09 0.0090 3994.86
4.98E+09 0.0090 3994.77
4.98E+09 0.0089 3994.69
4.99E+09 0.0089 3994.61
4.99E+09 0.0088 3994.53
4.99E+09 0.0088 3994.45
4.99E+09 0.0087 3994.37
4.99E+09 0.0087 3994.28
5.00E+09 0.0086 3994.21
5.00E+09 0.0086 3994.13
