0.00E+00 -0.3123 4053.01
6.84E+07 0.1872 4019.4
1.05E+08 0.2014 3984.58
1.65E+08 0.1734 3931.42
2.26E+08 0.1774 3881.52
2.99E+08 0.1636 3823.69
3.59E+08 0.1601 3776.7
4.08E+08 0.1491 3741.42
4.49E+08 0.1371 3713.59
4.79E+08 0.1269 3694.76
5.03E+08 0.1217 3680.32
5.29E+08 0.1220 3665.06
5.54E+08 0.1161 3651.19
5.79E+08 0.1076 3637.7
6.07E+08 0.1058 3623.39
6.33E+08 0.1004 3610.88
6.62E+08 0.0975 3597.19
6.90E+08 0.0932 3584.39
7.21E+08 0.0867 3571.43
7.45E+08 0.0824 3561.88
7.72E+08 0.0794 3551.25
7.99E+08 0.0756 3541.61
8.26E+08 0.0717 3532.06
8.53E+08 0.0675 3523.31
8.79E+08 0.0648 3515.15
9.07E+08 0.0604 3506.83
9.34E+08 0.0577 3499.34
9.61E+08 0.0537 3492.13
9.90E+08 0.0506 3485.19
1.02E+09 0.0467 3478.35
1.05E+09 0.0434 3472.1
1.08E+09 0.0409 3466.64
1.10E+09 0.0393 3462.44
1.13E+09 0.0345 3456.17
1.17E+09 0.0321 3450.72
1.21E+09 0.0285 3445
1.25E+09 0.0251 3439.27
1.29E+09 0.0227 3435.06
1.34E+09 0.0196 3430.18
1.40E+09 0.0155 3425.37
1.46E+09 0.0129 3421.1
1.53E+09 0.0112 3417.69
1.58E+09 0.0098 3415.2
1.62E+09 0.0098 3413.15
1.66E+09 0.0094 3411.19
1.71E+09 0.0088 3409.23
1.75E+09 0.0085 3407.4
1.80E+09 0.0081 3405.54
1.85E+09 0.0081 3403.64
1.89E+09 0.0083 3401.8
1.94E+09 0.0079 3399.99
1.99E+09 0.0076 3398.27
2.04E+09 0.0073 3396.56
2.09E+09 0.0070 3394.87
2.14E+09 0.0070 3393.11
2.19E+09 0.0068 3391.39
2.24E+09 0.0065 3389.65
2.30E+09 0.0064 3387.96
2.35E+09 0.0063 3386.33
2.40E+09 0.0065 3384.76
2.45E+09 0.0066 3383.3
2.49E+09 0.0065 3382.05
2.53E+09 0.0073 3380.77
2.58E+09 0.0077 3379.01
2.63E+09 0.0070 3377.23
2.68E+09 0.0074 3375.47
2.73E+09 0.0068 3373.91
2.78E+09 0.0064 3372.27
2.84E+09 0.0065 3370.58
2.90E+09 0.0063 3368.72
2.96E+09 0.0063 3366.86
3.02E+09 0.0059 3365.16
3.07E+09 0.0061 3363.82
3.12E+09 0.0063 3362.35
3.16E+09 0.0064 3360.97
3.23E+09 0.0062 3359.06
3.28E+09 0.0057 3357.51
3.33E+09 0.0055 3356.28
3.37E+09 0.0057 3355.21
3.42E+09 0.0063 3353.79
3.47E+09 0.0061 3352.25
3.52E+09 0.0058 3350.81
3.57E+09 0.0056 3349.63
3.62E+09 0.0065 3347.93
3.69E+09 0.0058 3346.05
3.75E+09 0.0058 3344.44
3.81E+09 0.0053 3342.73
3.88E+09 0.0059 3341.02
3.93E+09 0.0055 3339.47
3.99E+09 0.0063 3338.02
4.05E+09 0.0061 3336.25
4.10E+09 0.0054 3334.8
4.15E+09 0.0055 3333.44
4.21E+09 0.0059 3331.89
4.27E+09 0.0055 3330.28
4.33E+09 0.0061 3328.69
4.40E+09 0.0061 3326.71
4.46E+09 0.0059 3324.83
4.53E+09 0.0056 3322.98
4.60E+09 0.0053 3321.09
4.68E+09 0.0049 3319.26
4.76E+09 0.0049 3317.36
4.84E+09 0.0047 3315.61
4.92E+09 0.0049 3313.82
4.99E+09 0.0053 3311.85
