0.00E+00 -0.6396 5431.37
1.97E+08 0.1864 5303.77
2.61E+08 0.1746 5258.02
3.12E+08 0.1626 5223.42
3.54E+08 0.1491 5195.67
3.93E+08 0.1510 5171.06
4.31E+08 0.1450 5148.08
4.64E+08 0.1406 5128.27
4.85E+08 0.1516 5115.32
4.91E+08 0.1809 5111.57
4.99E+08 0.2292 5104.57
5.19E+08 0.2225 5085.33
5.66E+08 0.2076 5043.33
6.14E+08 0.2165 5000.91
6.38E+08 0.2288 4978.08
7.20E+08 0.1882 4909.92
8.13E+08 0.1701 4839.89
8.89E+08 0.1614 4787.65
9.47E+08 0.1700 4748.12
9.96E+08 0.1496 4715.38
1.05E+09 0.1790 4678.01
1.11E+09 0.1726 4639.62
1.17E+09 0.1601 4595.3
1.20E+09 0.1557 4574.59
1.22E+09 0.1555 4559.68
1.24E+09 0.1482 4548.09
1.27E+09 0.1339 4533.65
1.29E+09 0.1433 4521.18
1.31E+09 0.1392 4509.42
1.33E+09 0.1296 4498.86
1.35E+09 0.1362 4487.14
1.37E+09 0.1299 4475.43
1.39E+09 0.1230 4465.83
1.41E+09 0.1311 4455.39
1.42E+09 0.1275 4446.02
1.44E+09 0.1174 4437.97
1.46E+09 0.1171 4428.48
1.48E+09 0.1073 4419.23
1.49E+09 0.1226 4411.87
1.51E+09 0.1208 4402.23
1.53E+09 0.1164 4393.06
1.55E+09 0.1091 4385.08
1.57E+09 0.1114 4374.9
1.59E+09 0.1085 4366.32
1.61E+09 0.1021 4358.54
1.63E+09 0.1036 4350.78
1.65E+09 0.1065 4340.58
1.67E+09 0.0986 4332.95
1.69E+09 0.0926 4325.01
1.70E+09 0.0854 4319.73
1.72E+09 0.0964 4311.55
1.75E+09 0.0980 4302.03
1.77E+09 0.0895 4294.12
1.78E+09 0.0941 4287.78
1.80E+09 0.0868 4279.8
1.82E+09 0.0958 4271.77
1.85E+09 0.0849 4263.59
1.87E+09 0.0900 4253.85
1.89E+09 0.0831 4246.57
1.91E+09 0.0782 4239.49
1.93E+09 0.0843 4232.76
1.96E+09 0.0806 4225.13
1.98E+09 0.0768 4217.88
2.00E+09 0.0749 4209.67
2.03E+09 0.0812 4201.48
2.06E+09 0.0788 4191.46
2.08E+09 0.0714 4184.88
2.11E+09 0.0706 4176.29
2.14E+09 0.0717 4168.53
2.17E+09 0.0720 4159.39
2.19E+09 0.0678 4152.55
2.22E+09 0.0689 4143.17
2.24E+09 0.0611 4137.27
2.27E+09 0.0647 4130.66
2.30E+09 0.0587 4121.13
2.33E+09 0.0626 4113.94
2.35E+09 0.0619 4108.27
2.38E+09 0.0585 4101.19
2.41E+09 0.0558 4094.12
2.44E+09 0.0530 4087.32
2.48E+09 0.0571 4079.93
2.51E+09 0.0521 4072.98
2.53E+09 0.0516 4066.96
2.56E+09 0.0542 4061.05
2.59E+09 0.0540 4054.54
2.62E+09 0.0520 4046.93
2.66E+09 0.0487 4039.98
2.70E+09 0.0504 4031.66
2.72E+09 0.0441 4025.75
2.77E+09 0.0482 4018.02
2.80E+09 0.0442 4010.5
2.84E+09 0.0413 4004.47
2.87E+09 0.0420 3999.29
2.91E+09 0.0388 3992.34
2.95E+09 0.0440 3985.71
2.99E+09 0.0403 3977.88
3.04E+09 0.0370 3970.23
3.08E+09 0.0372 3964.15
3.12E+09 0.0316 3957.72
3.16E+09 0.0366 3952.52
3.19E+09 0.0274 3948.5
3.23E+09 0.0356 3943.2
3.27E+09 0.0283 3938.49
3.31E+09 0.0339 3933.48
3.35E+09 0.0309 3927.45
3.40E+09 0.0290 3921.71
3.45E+09 0.0304 3915.97
3.49E+09 0.0275 3909.96
3.54E+09 0.0278 3904.36
3.59E+09 0.0277 3898.75
3.64E+09 0.0273 3892.92
3.69E+09 0.0255 3887.19
3.75E+09 0.0256 3881.32
3.81E+09 0.0248 3875.25
3.86E+09 0.0227 3869.58
3.92E+09 0.0234 3864.01
3.98E+09 0.0210 3858.66
4.03E+09 0.0203 3853.79
4.09E+09 0.0214 3848.41
4.15E+09 0.0191 3843.44
4.21E+09 0.0190 3838.79
4.26E+09 0.0176 3834.72
4.32E+09 0.0179 3830.6
4.38E+09 0.0169 3826.25
4.43E+09 0.0164 3822.35
4.49E+09 0.0149 3818.7
4.55E+09 0.0166 3815.21
4.61E+09 0.0169 3810.82
4.66E+09 0.0150 3807.17
4.72E+09 0.0137 3803.92
4.77E+09 0.0136 3800.7
4.83E+09 0.0131 3797.67
4.88E+09 0.0129 3794.56
4.94E+09 0.0131 3791.53
5.00E+09 0.0131 3788.53
