0.00E+00 -0.6529 5703.7
2.28E+08 0.1760 5506.31
3.12E+08 0.1622 5430.34
3.77E+08 0.1632 5373.4
4.35E+08 0.1517 5325.23
4.76E+08 0.1461 5292.78
5.16E+08 0.1381 5262.39
5.52E+08 0.1408 5236.42
5.59E+08 0.1635 5230.22
5.74E+08 0.1767 5217.27
5.96E+08 0.1894 5195.27
6.42E+08 0.1915 5148.46
6.89E+08 0.2299 5098.19
7.55E+08 0.1803 5028.55
8.67E+08 0.1512 4930.55
9.90E+08 0.1289 4839.2
1.11E+09 0.1770 4751.17
1.22E+09 0.1417 4654.03
1.35E+09 0.1214 4564.56
1.44E+09 0.1081 4510.69
1.52E+09 0.1120 4466.31
1.58E+09 0.1154 4428.88
1.64E+09 0.1107 4391.46
1.67E+09 0.1092 4373.33
1.71E+09 0.0998 4354.48
1.74E+09 0.0901 4337.83
1.77E+09 0.0824 4325.71
1.79E+09 0.0941 4312.61
1.82E+09 0.0978 4297.99
1.85E+09 0.0923 4283.09
1.88E+09 0.0833 4268.2
1.91E+09 0.0788 4257.73
1.94E+09 0.0891 4244.83
1.97E+09 0.0817 4231.86
2.00E+09 0.0771 4219.77
2.03E+09 0.0829 4207.69
2.06E+09 0.0801 4194.6
2.08E+09 0.0759 4182.5
2.12E+09 0.0686 4169.73
2.15E+09 0.0777 4158.34
2.18E+09 0.0721 4146.31
2.22E+09 0.0628 4133.11
2.24E+09 0.0617 4124.12
2.27E+09 0.0690 4113.54
2.30E+09 0.0667 4102.41
2.33E+09 0.0619 4092.3
2.37E+09 0.0544 4080.36
2.41E+09 0.0627 4069.61
2.45E+09 0.0573 4056.78
2.48E+09 0.0517 4046.84
2.52E+09 0.0489 4036.79
2.55E+09 0.0555 4026.98
2.60E+09 0.0532 4014.68
2.63E+09 0.0485 4004.81
2.68E+09 0.0415 3992.33
2.72E+09 0.0405 3984.44
2.76E+09 0.0478 3974.91
2.81E+09 0.0421 3962.69
2.86E+09 0.0374 3952.56
2.90E+09 0.0439 3944.82
2.94E+09 0.0426 3934.82
2.99E+09 0.0409 3923.54
3.04E+09 0.0377 3913.61
3.08E+09 0.0343 3904.71
3.14E+09 0.0333 3895.3
3.18E+09 0.0362 3887.22
3.23E+09 0.0346 3877.38
3.29E+09 0.0318 3866.96
3.35E+09 0.0269 3858.73
3.39E+09 0.0264 3852.17
3.45E+09 0.0309 3843.28
3.51E+09 0.0282 3833.89
3.57E+09 0.0261 3824.46
3.64E+09 0.0233 3816.33
3.68E+09 0.0230 3810.29
3.76E+09 0.0248 3801.55
3.82E+09 0.0207 3793.42
3.87E+09 0.0198 3787.76
3.94E+09 0.0195 3780.81
4.01E+09 0.0224 3772.43
4.09E+09 0.0212 3764.15
4.16E+09 0.0203 3756.41
4.24E+09 0.0192 3748.15
4.31E+09 0.0183 3740.37
4.39E+09 0.0165 3733.52
4.47E+09 0.0147 3726.9
4.53E+09 0.0134 3722.14
4.61E+09 0.0113 3716.77
4.69E+09 0.0117 3712.06
4.77E+09 0.0119 3706.97
4.85E+09 0.0152 3700.78
4.94E+09 0.0139 3693.83
