0.00E+00 -0.8294 6192.12
1.35E+08 0.2813 6083.33
1.80E+08 0.2770 6040.59
2.12E+08 0.2581 6009.58
2.40E+08 0.2661 5984.63
2.69E+08 0.2519 5959.32
2.89E+08 0.2516 5941.66
3.14E+08 0.2389 5921.02
3.32E+08 0.2390 5906.23
3.51E+08 0.2346 5890.72
3.70E+08 0.2315 5875.43
3.87E+08 0.2285 5861.78
4.05E+08 0.2310 5847.85
4.18E+08 0.2387 5837.27
4.26E+08 0.2626 5830.63
4.29E+08 0.2967 5827.88
4.33E+08 0.3445 5822.73
4.42E+08 0.3768 5812.19
4.59E+08 0.3544 5789.89
4.85E+08 0.3404 5759.53
5.11E+08 0.3536 5729.01
5.28E+08 0.3691 5707.42
5.45E+08 0.3664 5684.62
5.85E+08 0.3389 5636.44
6.31E+08 0.3210 5584.81
6.80E+08 0.3030 5531.87
7.24E+08 0.2843 5487.73
7.64E+08 0.2658 5449.14
7.98E+08 0.2588 5419.27
8.27E+08 0.2467 5394.06
8.56E+08 0.2438 5369.36
8.82E+08 0.2339 5348.06
9.06E+08 0.2251 5329.36
9.33E+08 0.2182 5308.71
9.51E+08 0.2514 5293.53
9.82E+08 0.3037 5263.1
1.00E+09 0.2911 5240.11
1.01E+09 0.2855 5230.36
1.03E+09 0.2580 5217.41
1.04E+09 0.2870 5204.54
1.05E+09 0.2804 5192.91
1.07E+09 0.2714 5179.38
1.08E+09 0.2658 5168.91
1.09E+09 0.2625 5159.44
1.10E+09 0.2539 5150.04
1.11E+09 0.2649 5140.08
1.12E+09 0.2581 5132.81
1.13E+09 0.2480 5122.42
1.14E+09 0.2433 5114.61
1.15E+09 0.2485 5105.6
1.16E+09 0.2578 5096.67
1.17E+09 0.2412 5086.82
1.19E+09 0.2582 5076.95
1.20E+09 0.2518 5066.44
1.21E+09 0.2337 5055.37
1.22E+09 0.2298 5049.18
1.23E+09 0.2354 5040.34
1.24E+09 0.2453 5030.25
1.25E+09 0.2359 5021.19
1.26E+09 0.2352 5013.02
1.28E+09 0.2304 5001.22
1.29E+09 0.2359 4992.72
1.30E+09 0.2231 4983.39
1.31E+09 0.2332 4973.96
1.32E+09 0.2204 4964.18
1.34E+09 0.2192 4955.15
1.35E+09 0.2152 4947.59
1.36E+09 0.2190 4938.19
1.37E+09 0.2197 4928.07
1.38E+09 0.2155 4918.49
1.40E+09 0.2070 4909.6
1.41E+09 0.2132 4899.65
1.43E+09 0.2104 4888.21
1.44E+09 0.2105 4878.57
1.45E+09 0.1945 4868.61
1.47E+09 0.2070 4859.33
1.48E+09 0.2005 4850.89
1.49E+09 0.2001 4840.56
1.51E+09 0.1958 4832.12
1.52E+09 0.1968 4821.58
1.54E+09 0.1971 4812.36
1.55E+09 0.1885 4801.26
1.57E+09 0.1859 4792.77
1.58E+09 0.1838 4785.68
1.59E+09 0.1875 4776.61
1.60E+09 0.1805 4769.18
1.62E+09 0.1796 4757.43
1.64E+09 0.1780 4749.14
1.65E+09 0.1857 4738.66
1.67E+09 0.1766 4729.29
1.68E+09 0.1748 4719.35
1.70E+09 0.1721 4710.14
1.71E+09 0.1692 4702.3
1.73E+09 0.1720 4694.07
1.75E+09 0.1641 4682.99
1.76E+09 0.1562 4677.6
1.77E+09 0.1614 4671.05
1.78E+09 0.1545 4662.99
1.80E+09 0.1656 4655.33
1.82E+09 0.1591 4644.91
1.83E+09 0.1544 4635.15
1.85E+09 0.1485 4627.68
1.86E+09 0.1501 4620.8
1.88E+09 0.1508 4611.62
1.90E+09 0.1525 4602.9
1.91E+09 0.1470 4594.06
1.93E+09 0.1394 4586.1
1.94E+09 0.1488 4579.26
1.96E+09 0.1425 4570.7
1.98E+09 0.1398 4560.46
2.00E+09 0.1360 4551.94
2.01E+09 0.1292 4545.06
2.03E+09 0.1361 4535.35
2.05E+09 0.1294 4526.06
2.07E+09 0.1281 4518.94
2.09E+09 0.1319 4512.36
2.10E+09 0.1282 4503.94
2.12E+09 0.1264 4495.75
2.14E+09 0.1270 4487.7
2.16E+09 0.1184 4481.91
2.18E+09 0.1184 4473.48
2.20E+09 0.1199 4464.99
2.22E+09 0.1225 4455.8
2.23E+09 0.1134 4449.31
2.25E+09 0.1128 4442.2
2.27E+09 0.1173 4434.41
2.29E+09 0.1144 4427.8
2.31E+09 0.1117 4418.91
2.33E+09 0.1083 4410.99
2.35E+09 0.1088 4403.1
2.38E+09 0.1085 4393.79
2.41E+09 0.1020 4384.02
2.43E+09 0.1012 4376.05
2.45E+09 0.1026 4368.75
2.47E+09 0.0976 4360.79
2.50E+09 0.0928 4353.09
2.52E+09 0.1032 4345.36
2.54E+09 0.0916 4338.43
2.57E+09 0.0939 4330.32
2.59E+09 0.0885 4322.72
2.62E+09 0.0866 4315.17
2.64E+09 0.0896 4308.51
2.66E+09 0.0851 4301.44
2.68E+09 0.0788 4294.57
2.71E+09 0.0837 4287.96
2.73E+09 0.0803 4281.23
2.76E+09 0.0791 4274.15
2.78E+09 0.0780 4268.17
2.80E+09 0.0801 4261.46
2.83E+09 0.0801 4254.33
2.86E+09 0.0795 4247.02
2.88E+09 0.0785 4239.67
2.91E+09 0.0762 4231.67
2.94E+09 0.0750 4223.87
2.97E+09 0.0737 4216.34
3.00E+09 0.0711 4209.3
3.03E+09 0.0658 4202.8
3.06E+09 0.0660 4196.56
3.08E+09 0.0663 4190.1
3.11E+09 0.0667 4183.64
3.14E+09 0.0637 4176.95
3.17E+09 0.0628 4170.88
3.20E+09 0.0601 4164.49
3.23E+09 0.0619 4158.21
3.26E+09 0.0588 4152.23
3.29E+09 0.0593 4145.8
3.32E+09 0.0582 4139.74
3.35E+09 0.0564 4134.06
3.38E+09 0.0545 4127.95
3.41E+09 0.0550 4122.36
3.44E+09 0.0529 4116.41
3.48E+09 0.0538 4110.7
3.51E+09 0.0511 4104.92
3.54E+09 0.0510 4099.11
3.57E+09 0.0484 4093.37
3.61E+09 0.0490 4087.91
3.64E+09 0.0477 4082.31
3.68E+09 0.0471 4076.7
3.71E+09 0.0453 4071.43
3.74E+09 0.0457 4066.33
3.77E+09 0.0431 4061.42
3.81E+09 0.0437 4056.46
3.84E+09 0.0418 4051.49
3.87E+09 0.0407 4047
3.91E+09 0.0412 4042.18
3.94E+09 0.0407 4037.28
3.98E+09 0.0390 4032.31
4.01E+09 0.0393 4027.27
4.05E+09 0.0386 4022.3
4.09E+09 0.0378 4017.51
4.12E+09 0.0358 4012.88
4.16E+09 0.0366 4008.34
4.20E+09 0.0350 4003.99
4.23E+09 0.0351 3999.35
4.27E+09 0.0337 3995.03
4.31E+09 0.0348 3990.72
4.34E+09 0.0325 3986.41
4.38E+09 0.0317 3982.25
4.42E+09 0.0319 3977.99
4.46E+09 0.0307 3973.64
4.50E+09 0.0305 3969.37
4.54E+09 0.0301 3965.32
4.58E+09 0.0287 3961.26
4.62E+09 0.0293 3957.48
4.66E+09 0.0281 3953.51
4.70E+09 0.0281 3949.69
4.74E+09 0.0279 3945.98
4.78E+09 0.0261 3942.33
4.82E+09 0.0266 3938.56
4.86E+09 0.0249 3934.7
4.90E+09 0.0244 3931.34
4.94E+09 0.0239 3928.03
4.98E+09 0.0233 3924.98
