0.00E+00 -0.8768 6395.92
1.67E+08 0.2649 6197.09
2.30E+08 0.2658 6115.4
2.77E+08 0.2545 6056.65
3.19E+08 0.2375 6006.92
3.54E+08 0.2288 5966.7
3.87E+08 0.2299 5930.51
4.22E+08 0.2166 5892.55
4.50E+08 0.2120 5862.67
4.80E+08 0.2125 5831.34
5.09E+08 0.2011 5802.29
5.33E+08 0.2032 5778.69
5.62E+08 0.1943 5750.99
5.84E+08 0.1876 5729.94
6.05E+08 0.1838 5710.99
6.25E+08 0.1809 5692.88
6.44E+08 0.1800 5675.93
6.64E+08 0.1784 5659.16
6.83E+08 0.1752 5642.31
7.03E+08 0.1814 5625.26
7.22E+08 0.1843 5608.48
7.33E+08 0.1998 5597.79
7.37E+08 0.2273 5593.79
7.44E+08 0.2710 5585.48
7.60E+08 0.2929 5561.84
7.95E+08 0.2700 5514.52
8.39E+08 0.2688 5457.06
8.75E+08 0.2709 5410.33
9.07E+08 0.2924 5367.53
9.72E+08 0.2247 5288.79
1.06E+09 0.2030 5199.39
1.16E+09 0.1775 5108.68
1.27E+09 0.1443 5019.02
1.36E+09 0.1887 4940.17
1.45E+09 0.1510 4875.1
1.52E+09 0.1857 4817.04
1.58E+09 0.1666 4762.73
1.64E+09 0.1468 4721.49
1.70E+09 0.1573 4678.97
1.74E+09 0.1401 4650.06
1.75E+09 0.1446 4641.24
1.76E+09 0.1294 4630.81
1.79E+09 0.1124 4616.32
1.82E+09 0.1201 4601.64
1.84E+09 0.1127 4588.53
1.86E+09 0.1082 4574.67
1.89E+09 0.1061 4561.64
1.92E+09 0.1184 4546.42
1.95E+09 0.1139 4530.43
1.97E+09 0.0961 4518.66
2.00E+09 0.0977 4504.27
2.02E+09 0.1085 4491.97
2.05E+09 0.0907 4481.4
2.08E+09 0.0840 4469.16
2.11E+09 0.1032 4455.68
2.14E+09 0.0955 4439.87
2.17E+09 0.0920 4423.27
2.20E+09 0.0876 4410.54
2.24E+09 0.0779 4397.24
2.27E+09 0.0742 4384.89
2.30E+09 0.0767 4372.52
2.33E+09 0.0821 4363.14
2.36E+09 0.0674 4351.06
2.40E+09 0.0648 4340.31
2.43E+09 0.0679 4328.68
2.46E+09 0.0648 4319.68
2.50E+09 0.0631 4308.58
2.53E+09 0.0659 4298.88
2.56E+09 0.0614 4287.2
2.59E+09 0.0696 4277.98
2.63E+09 0.0562 4267.94
2.67E+09 0.0525 4257.33
2.70E+09 0.0627 4247.1
2.74E+09 0.0560 4236.31
2.78E+09 0.0544 4225.57
2.82E+09 0.0494 4215.44
2.86E+09 0.0478 4205.84
2.90E+09 0.0490 4196.64
2.94E+09 0.0483 4187.35
2.98E+09 0.0469 4177.31
3.03E+09 0.0429 4167.47
3.07E+09 0.0408 4158.77
3.11E+09 0.0434 4150.49
3.15E+09 0.0428 4141.84
3.20E+09 0.0402 4132.65
3.24E+09 0.0374 4123.77
3.29E+09 0.0396 4115.33
3.34E+09 0.0345 4106.7
3.38E+09 0.0367 4098.57
3.43E+09 0.0351 4091.02
3.47E+09 0.0352 4083.2
3.52E+09 0.0313 4075.83
3.57E+09 0.0296 4068.27
3.61E+09 0.0333 4061.21
3.66E+09 0.0307 4053.34
3.72E+09 0.0288 4045.95
3.76E+09 0.0293 4039.37
3.82E+09 0.0283 4031.96
3.87E+09 0.0261 4025.19
3.92E+09 0.0260 4018.73
3.97E+09 0.0259 4011.77
4.03E+09 0.0233 4004.93
4.09E+09 0.0229 3998.49
4.14E+09 0.0223 3992.01
4.20E+09 0.0229 3985.87
4.26E+09 0.0221 3979.3
4.32E+09 0.0204 3973.45
4.38E+09 0.0194 3967.34
4.44E+09 0.0191 3961.36
4.50E+09 0.0187 3955.84
4.56E+09 0.0184 3950.47
4.62E+09 0.0167 3945.28
4.69E+09 0.0183 3939.83
4.75E+09 0.0159 3934.94
4.82E+09 0.0163 3929.72
4.88E+09 0.0161 3924.8
4.95E+09 0.0151 3919.53
