0.00E+00 -0.4039 4478.66
3.54E+08 0.0952 4356.01
4.06E+08 0.1027 4328.95
4.97E+08 0.1001 4275.43
6.79E+08 0.0842 4190.45
7.90E+08 0.0894 4135.85
8.77E+08 0.0975 4092.23
9.69E+08 0.0875 4047.72
1.06E+09 0.0809 4007.35
1.14E+09 0.0761 3975.53
1.20E+09 0.0707 3951.94
1.25E+09 0.0683 3932.92
1.30E+09 0.0601 3914.9
1.37E+09 0.0565 3895.52
1.42E+09 0.0564 3878.55
1.48E+09 0.0505 3862.67
1.54E+09 0.0462 3846.69
1.61E+09 0.0406 3831.72
1.65E+09 0.0417 3821.47
1.72E+09 0.0393 3806.46
1.79E+09 0.0366 3792.07
1.86E+09 0.0304 3780.16
1.90E+09 0.0263 3774.23
1.94E+09 0.0222 3769.28
1.98E+09 0.0281 3762.78
2.02E+09 0.0257 3757.32
2.06E+09 0.0223 3752.31
2.10E+09 0.0231 3747.17
2.14E+09 0.0225 3742.55
2.19E+09 0.0230 3737.27
2.22E+09 0.0250 3732.45
2.27E+09 0.0219 3726.97
2.31E+09 0.0201 3721.98
2.35E+09 0.0191 3717.76
2.40E+09 0.0195 3712.54
2.45E+09 0.0204 3708.42
2.49E+09 0.0214 3703.52
2.54E+09 0.0182 3698.46
2.59E+09 0.0177 3693.93
2.63E+09 0.0170 3689.64
2.68E+09 0.0170 3685.53
2.73E+09 0.0168 3680.46
2.79E+09 0.0160 3675.82
2.85E+09 0.0165 3670.45
2.90E+09 0.0147 3666.09
2.96E+09 0.0143 3661.89
3.02E+09 0.0131 3657.32
3.08E+09 0.0149 3652.55
3.13E+09 0.0140 3648.52
3.19E+09 0.0122 3644.49
3.25E+09 0.0129 3640.63
3.31E+09 0.0110 3637.11
3.37E+09 0.0115 3633.23
3.44E+09 0.0128 3628.73
3.51E+09 0.0121 3624.2
3.58E+09 0.0116 3619.93
3.65E+09 0.0120 3615.6
3.72E+09 0.0115 3611.03
3.79E+09 0.0102 3606.75
3.87E+09 0.0097 3602.84
3.94E+09 0.0091 3599.28
4.02E+09 0.0091 3595.8
4.10E+09 0.0079 3592.21
4.17E+09 0.0082 3588.92
4.25E+09 0.0088 3585.25
4.34E+09 0.0079 3581.46
4.42E+09 0.0079 3578.27
4.49E+09 0.0067 3575.23
4.58E+09 0.0057 3572.56
4.66E+09 0.0074 3569.71
4.74E+09 0.0071 3566.48
4.83E+09 0.0073 3563.2
4.92E+09 0.0067 3559.9
