0.00E+00 -0.3974 4482.74
2.86E+07 0.2315 4476.14
3.39E+07 0.2761 4472.88
3.88E+07 0.3009 4469.58
4.50E+07 0.3122 4464.98
5.53E+07 0.2847 4457.76
7.13E+07 0.2778 4447.04
9.34E+07 0.2522 4433.14
1.12E+08 0.2616 4422.36
1.29E+08 0.2553 4411.47
1.42E+08 0.2796 4403.13
1.59E+08 0.2836 4392.19
1.70E+08 0.2783 4384.87
1.79E+08 0.2716 4379.01
1.89E+08 0.2706 4372.42
1.99E+08 0.2648 4366.36
2.07E+08 0.2605 4360.83
2.15E+08 0.2592 4356.16
2.24E+08 0.2546 4350.6
2.31E+08 0.2513 4346.17
2.38E+08 0.2494 4342.28
2.44E+08 0.2488 4338.53
2.52E+08 0.2444 4334.06
2.59E+08 0.2400 4330.28
2.64E+08 0.2385 4326.95
2.72E+08 0.2339 4322.9
2.78E+08 0.2337 4319.43
2.83E+08 0.2324 4316.4
2.89E+08 0.2295 4313.31
2.95E+08 0.2268 4310.33
3.00E+08 0.2267 4307.49
3.06E+08 0.2236 4304.33
3.12E+08 0.2213 4301.09
3.18E+08 0.2187 4297.99
3.23E+08 0.2161 4295.22
3.29E+08 0.2148 4292.47
3.35E+08 0.2130 4289.45
3.41E+08 0.2105 4286.16
3.47E+08 0.2080 4283.21
3.53E+08 0.2047 4280.23
3.60E+08 0.2032 4276.86
3.68E+08 0.2012 4273.23
3.75E+08 0.1986 4269.65
3.83E+08 0.1953 4266.14
3.89E+08 0.1930 4263.11
3.96E+08 0.1895 4260.13
4.03E+08 0.1901 4257.2
4.10E+08 0.1852 4253.82
4.18E+08 0.1846 4250.47
4.25E+08 0.1815 4247.35
4.32E+08 0.1805 4244.5
4.39E+08 0.1782 4241.52
4.45E+08 0.1752 4238.96
4.50E+08 0.1735 4236.65
4.56E+08 0.1735 4234.27
4.62E+08 0.1712 4231.83
4.68E+08 0.1707 4229.58
4.73E+08 0.1690 4227.5
4.78E+08 0.1680 4225.43
4.84E+08 0.1670 4223.22
4.88E+08 0.1671 4221.3
4.95E+08 0.1659 4218.89
5.00E+08 0.1662 4216.62
5.06E+08 0.1631 4214.48
5.10E+08 0.1633 4212.79
5.15E+08 0.1628 4210.83
5.21E+08 0.1611 4208.71
5.26E+08 0.1617 4206.88
5.31E+08 0.1608 4204.88
5.36E+08 0.1600 4203
5.40E+08 0.1597 4201.47
5.44E+08 0.1593 4199.7
5.49E+08 0.1586 4197.87
5.54E+08 0.1578 4196.16
5.58E+08 0.1565 4194.72
5.62E+08 0.1571 4193.25
5.66E+08 0.1567 4191.51
5.72E+08 0.1566 4189.48
5.78E+08 0.1549 4187.31
5.83E+08 0.1544 4185.27
5.88E+08 0.1546 4183.47
5.94E+08 0.1532 4181.31
5.99E+08 0.1532 4179.51
6.05E+08 0.1527 4177.35
6.11E+08 0.1528 4175.28
6.18E+08 0.1521 4172.68
6.24E+08 0.1501 4170.47
6.29E+08 0.1511 4168.62
6.35E+08 0.1509 4166.51
6.41E+08 0.1494 4164.49
6.45E+08 0.1505 4162.86
6.51E+08 0.1505 4160.96
6.57E+08 0.1488 4158.7
6.63E+08 0.1479 4156.6
6.68E+08 0.1480 4154.75
6.75E+08 0.1475 4152.58
6.80E+08 0.1473 4150.57
6.87E+08 0.1474 4148.28
6.93E+08 0.1471 4146.21
6.99E+08 0.1470 4143.94
7.05E+08 0.1469 4141.97
7.11E+08 0.1459 4139.97
7.16E+08 0.1452 4138.1
7.22E+08 0.1452 4136.23
7.27E+08 0.1447 4134.49
7.31E+08 0.1453 4132.95
7.37E+08 0.1447 4130.8
7.44E+08 0.1436 4128.68
7.50E+08 0.1432 4126.63
7.56E+08 0.1437 4124.5
7.62E+08 0.1428 4122.54
7.67E+08 0.1427 4120.66
7.73E+08 0.1416 4118.6
7.79E+08 0.1424 4116.63
7.85E+08 0.1421 4114.62
7.92E+08 0.1412 4112.26
7.98E+08 0.1411 4110.47
8.04E+08 0.1406 4108.31
8.10E+08 0.1396 4106.31
8.16E+08 0.1393 4104.4
8.22E+08 0.1403 4102.44
8.28E+08 0.1397 4100.25
8.35E+08 0.1388 4097.94
8.41E+08 0.1386 4095.93
8.47E+08 0.1387 4094.21
8.52E+08 0.1381 4092.34
8.59E+08 0.1381 4090.17
8.66E+08 0.1369 4087.81
8.72E+08 0.1368 4085.94
8.78E+08 0.1370 4083.83
8.85E+08 0.1368 4081.74
8.91E+08 0.1371 4079.69
8.98E+08 0.1360 4077.6
9.04E+08 0.1371 4075.45
9.11E+08 0.1360 4073.32
9.18E+08 0.1363 4071.16
9.25E+08 0.1350 4068.8
9.31E+08 0.1345 4066.79
9.38E+08 0.1352 4064.73
9.44E+08 0.1347 4062.62
9.51E+08 0.1338 4060.39
9.59E+08 0.1335 4058.07
9.67E+08 0.1329 4055.57
9.73E+08 0.1324 4053.48
9.78E+08 0.1325 4051.86
9.84E+08 0.1318 4049.97
9.91E+08 0.1313 4047.87
9.98E+08 0.1316 4045.86
1.00E+09 0.1300 4043.92
1.01E+09 0.1300 4041.89
1.02E+09 0.1308 4040.01
1.02E+09 0.1296 4038.24
1.03E+09 0.1296 4036.49
1.03E+09 0.1278 4034.49
1.04E+09 0.1286 4032.49
1.05E+09 0.1287 4030.37
1.05E+09 0.1278 4028.38
1.06E+09 0.1276 4026.35
1.07E+09 0.1269 4024.4
1.07E+09 0.1273 4022.45
1.08E+09 0.1268 4020.2
1.09E+09 0.1266 4017.97
1.09E+09 0.1256 4016.28
1.10E+09 0.1245 4014.41
1.11E+09 0.1252 4012.38
1.12E+09 0.1253 4010.23
1.12E+09 0.1249 4008.29
1.13E+09 0.1251 4006.27
1.14E+09 0.1243 4004.18
1.14E+09 0.1243 4001.86
1.15E+09 0.1236 3999.99
1.16E+09 0.1247 3997.93
1.16E+09 0.1230 3995.77
1.17E+09 0.1230 3993.58
1.18E+09 0.1228 3991.31
1.19E+09 0.1223 3989.31
1.19E+09 0.1220 3987.42
1.20E+09 0.1215 3985.35
1.21E+09 0.1214 3983.18
1.21E+09 0.1217 3981.24
1.22E+09 0.1202 3979.14
1.23E+09 0.1205 3977.04
1.24E+09 0.1195 3974.54
1.24E+09 0.1190 3972.54
1.25E+09 0.1199 3970.52
1.26E+09 0.1200 3968.63
1.27E+09 0.1187 3966.48
1.27E+09 0.1181 3964.52
1.28E+09 0.1186 3962.48
1.29E+09 0.1168 3960.51
1.29E+09 0.1165 3958.59
1.30E+09 0.1173 3956.71
1.31E+09 0.1165 3954.75
1.32E+09 0.1177 3952.7
1.32E+09 0.1160 3950.22
1.33E+09 0.1158 3948.3
1.34E+09 0.1156 3946.44
1.35E+09 0.1156 3944.29
1.35E+09 0.1160 3942.44
1.36E+09 0.1149 3940.57
1.37E+09 0.1144 3938.36
1.38E+09 0.1144 3936.37
1.38E+09 0.1132 3934.31
1.39E+09 0.1132 3932.39
1.40E+09 0.1132 3930.25
1.41E+09 0.1130 3928.27
1.41E+09 0.1131 3926.32
1.42E+09 0.1122 3924.22
1.43E+09 0.1121 3922
1.44E+09 0.1121 3919.91
1.45E+09 0.1117 3917.66
1.45E+09 0.1112 3915.38
1.46E+09 0.1116 3913.29
1.47E+09 0.1109 3911.08
1.48E+09 0.1108 3908.86
1.49E+09 0.1102 3906.78
1.49E+09 0.1091 3904.77
1.50E+09 0.1098 3902.53
1.51E+09 0.1090 3900.53
1.52E+09 0.1093 3898.38
1.53E+09 0.1080 3896.34
1.54E+09 0.1077 3894.15
1.54E+09 0.1076 3891.8
1.55E+09 0.1076 3889.68
1.56E+09 0.1065 3887.73
1.57E+09 0.1069 3885.9
1.58E+09 0.1064 3883.5
1.59E+09 0.1061 3881.39
1.59E+09 0.1053 3879.36
1.60E+09 0.1057 3877.47
1.61E+09 0.1045 3875.44
1.62E+09 0.1050 3873.63
1.63E+09 0.1045 3871.58
1.63E+09 0.1044 3869.46
1.64E+09 0.1041 3867.25
1.65E+09 0.1043 3865.07
1.66E+09 0.1035 3863.14
1.67E+09 0.1038 3861.31
1.68E+09 0.1027 3859.02
1.69E+09 0.1027 3856.87
1.69E+09 0.1023 3854.79
1.70E+09 0.1016 3852.64
1.71E+09 0.1017 3850.5
1.72E+09 0.1016 3848.41
1.73E+09 0.1008 3846.43
1.74E+09 0.1010 3844.45
1.75E+09 0.1004 3842.26
1.76E+09 0.0997 3839.99
1.76E+09 0.0995 3837.98
1.77E+09 0.0995 3835.57
1.78E+09 0.0993 3833.74
1.79E+09 0.0986 3831.74
1.80E+09 0.0987 3829.91
1.81E+09 0.0984 3827.94
1.82E+09 0.0974 3825.84
1.83E+09 0.0974 3823.68
1.83E+09 0.0971 3821.56
1.84E+09 0.0971 3819.37
1.85E+09 0.0961 3817.35
1.86E+09 0.0958 3815.37
1.87E+09 0.0948 3813.29
1.88E+09 0.0949 3811.28
1.89E+09 0.0945 3809.42
1.90E+09 0.0944 3807.41
1.91E+09 0.0951 3805.33
1.92E+09 0.0946 3803.3
1.92E+09 0.0934 3801.25
1.93E+09 0.0942 3799.22
1.94E+09 0.0931 3797.14
1.95E+09 0.0925 3795.25
1.96E+09 0.0929 3793.4
1.97E+09 0.0919 3791.47
1.98E+09 0.0918 3789.45
1.99E+09 0.0920 3787.44
2.00E+09 0.0913 3785.37
2.01E+09 0.0909 3783.27
2.02E+09 0.0911 3781.29
2.02E+09 0.0906 3779.35
2.03E+09 0.0900 3777.38
2.04E+09 0.0901 3775.16
2.05E+09 0.0899 3772.94
2.06E+09 0.0896 3770.95
2.08E+09 0.0887 3768.7
2.08E+09 0.0877 3767
2.09E+09 0.0879 3765.26
2.10E+09 0.0885 3763.25
2.11E+09 0.0880 3761.26
2.12E+09 0.0871 3759.32
2.13E+09 0.0864 3757.25
2.14E+09 0.0870 3755.3
2.15E+09 0.0863 3753.41
2.16E+09 0.0862 3751.42
2.17E+09 0.0864 3749.74
2.17E+09 0.0863 3748.13
2.18E+09 0.0856 3746.56
2.19E+09 0.0855 3744.87
2.20E+09 0.0851 3743.17
2.21E+09 0.0850 3741.15
2.22E+09 0.0847 3739.32
2.23E+09 0.0841 3737.45
2.24E+09 0.0843 3735.41
2.25E+09 0.0837 3733.79
2.26E+09 0.0830 3732
2.26E+09 0.0829 3730.66
2.27E+09 0.0832 3728.98
2.28E+09 0.0827 3727.26
2.29E+09 0.0828 3725.45
2.30E+09 0.0821 3723.5
2.31E+09 0.0818 3721.8
2.32E+09 0.0812 3719.99
2.33E+09 0.0812 3718.11
2.34E+09 0.0812 3716.07
2.35E+09 0.0809 3714.11
2.36E+09 0.0805 3712.26
2.36E+09 0.0801 3710.85
2.37E+09 0.0796 3709.44
2.38E+09 0.0799 3707.86
2.39E+09 0.0798 3706.24
2.40E+09 0.0788 3704.47
2.41E+09 0.0794 3702.81
2.42E+09 0.0787 3700.91
2.43E+09 0.0788 3698.88
2.44E+09 0.0786 3697.05
2.45E+09 0.0778 3695.01
2.46E+09 0.0776 3692.97
2.47E+09 0.0774 3691.03
2.48E+09 0.0771 3689.09
2.49E+09 0.0768 3687.27
2.50E+09 0.0766 3685.49
2.51E+09 0.0763 3683.59
2.52E+09 0.0760 3681.65
2.53E+09 0.0758 3679.7
2.54E+09 0.0750 3677.8
2.56E+09 0.0752 3675.77
2.57E+09 0.0748 3673.91
2.58E+09 0.0748 3671.94
2.59E+09 0.0746 3670.1
2.60E+09 0.0746 3667.95
2.61E+09 0.0737 3665.89
2.62E+09 0.0735 3664.26
2.63E+09 0.0737 3662.51
2.64E+09 0.0727 3660.69
2.65E+09 0.0732 3659.12
2.66E+09 0.0724 3657.36
2.67E+09 0.0724 3655.66
2.68E+09 0.0718 3653.91
2.69E+09 0.0715 3652.17
2.70E+09 0.0717 3650.26
2.71E+09 0.0717 3648.39
2.72E+09 0.0712 3646.63
2.73E+09 0.0710 3645.03
2.74E+09 0.0714 3643.09
2.76E+09 0.0704 3641.09
2.77E+09 0.0697 3639.05
2.78E+09 0.0697 3636.98
2.79E+09 0.0689 3635.03
2.81E+09 0.0694 3633.04
2.82E+09 0.0686 3630.95
2.83E+09 0.0686 3629.19
2.84E+09 0.0683 3627.31
2.85E+09 0.0675 3625.51
2.86E+09 0.0677 3623.82
2.87E+09 0.0676 3622.29
2.88E+09 0.0672 3620.56
2.89E+09 0.0675 3618.87
2.90E+09 0.0671 3617
2.92E+09 0.0671 3615.31
2.93E+09 0.0664 3613.55
2.94E+09 0.0661 3612.15
2.95E+09 0.0655 3610.35
2.96E+09 0.0656 3608.45
2.97E+09 0.0660 3606.29
2.98E+09 0.0658 3604.48
3.00E+09 0.0652 3602.74
3.01E+09 0.0650 3601.11
3.02E+09 0.0647 3599.36
3.03E+09 0.0644 3597.58
3.04E+09 0.0640 3595.88
3.05E+09 0.0636 3594.21
3.06E+09 0.0636 3592.52
3.07E+09 0.0631 3590.9
3.08E+09 0.0633 3589.39
3.10E+09 0.0627 3587.65
3.11E+09 0.0627 3586.16
3.12E+09 0.0622 3584.4
3.13E+09 0.0626 3582.69
3.14E+09 0.0620 3580.96
3.15E+09 0.0620 3579.23
3.16E+09 0.0604 3577.42
3.18E+09 0.0615 3575.88
3.19E+09 0.0612 3574.3
3.20E+09 0.0609 3572.99
3.21E+09 0.0605 3571.33
3.22E+09 0.0606 3569.89
3.23E+09 0.0602 3568.16
3.24E+09 0.0598 3566.4
3.25E+09 0.0594 3564.53
3.27E+09 0.0593 3562.74
3.28E+09 0.0594 3561.07
3.29E+09 0.0589 3559.2
3.31E+09 0.0586 3557.23
3.32E+09 0.0587 3555.34
3.33E+09 0.0585 3553.65
3.34E+09 0.0583 3552.22
3.35E+09 0.0576 3550.64
3.37E+09 0.0569 3549.06
3.38E+09 0.0576 3547.46
3.39E+09 0.0571 3545.72
3.40E+09 0.0568 3544.12
3.41E+09 0.0561 3542.6
3.43E+09 0.0568 3540.75
3.44E+09 0.0561 3538.65
3.46E+09 0.0561 3536.86
3.47E+09 0.0565 3535
3.48E+09 0.0557 3533.19
3.50E+09 0.0554 3531.4
3.51E+09 0.0553 3529.79
3.52E+09 0.0550 3527.86
3.54E+09 0.0544 3525.85
3.55E+09 0.0544 3524.11
3.57E+09 0.0542 3522.37
3.58E+09 0.0539 3520.65
3.59E+09 0.0539 3519.09
3.61E+09 0.0534 3517.33
3.62E+09 0.0527 3515.64
3.63E+09 0.0529 3514.04
3.65E+09 0.0526 3512.44
3.66E+09 0.0526 3510.68
3.67E+09 0.0520 3509.06
3.69E+09 0.0520 3507.36
3.70E+09 0.0516 3505.65
3.71E+09 0.0518 3503.91
3.73E+09 0.0513 3502.05
3.74E+09 0.0507 3500.27
3.76E+09 0.0511 3498.63
3.77E+09 0.0516 3497.24
3.78E+09 0.0504 3495.4
3.80E+09 0.0509 3493.59
3.81E+09 0.0501 3491.82
3.83E+09 0.0498 3489.97
3.84E+09 0.0498 3488.26
3.86E+09 0.0502 3486.94
3.87E+09 0.0500 3485.54
3.88E+09 0.0495 3483.89
3.90E+09 0.0493 3482.21
3.91E+09 0.0494 3480.42
3.93E+09 0.0489 3478.69
3.94E+09 0.0488 3477.25
3.95E+09 0.0486 3475.73
3.97E+09 0.0479 3473.83
3.98E+09 0.0472 3472.05
4.00E+09 0.0478 3470.45
4.01E+09 0.0477 3468.77
4.03E+09 0.0475 3467.18
4.04E+09 0.0471 3465.57
4.06E+09 0.0471 3463.75
4.07E+09 0.0471 3462.22
4.09E+09 0.0470 3460.67
4.10E+09 0.0465 3458.97
4.12E+09 0.0459 3457.2
4.13E+09 0.0458 3455.65
4.15E+09 0.0452 3453.95
4.16E+09 0.0456 3452.32
4.18E+09 0.0448 3450.54
4.19E+09 0.0449 3448.9
4.21E+09 0.0445 3447.17
4.23E+09 0.0450 3445.4
4.24E+09 0.0449 3443.71
4.26E+09 0.0442 3441.9
4.28E+09 0.0441 3440.23
4.29E+09 0.0434 3438.73
4.31E+09 0.0436 3437.06
4.33E+09 0.0435 3435.01
4.34E+09 0.0430 3433.29
4.36E+09 0.0426 3431.43
4.38E+09 0.0428 3429.8
4.39E+09 0.0425 3428.1
4.41E+09 0.0423 3426.33
4.43E+09 0.0420 3424.53
4.45E+09 0.0418 3422.7
4.47E+09 0.0409 3421.02
4.48E+09 0.0411 3419.51
4.50E+09 0.0412 3417.85
4.52E+09 0.0406 3416.21
4.53E+09 0.0404 3414.8
4.55E+09 0.0402 3413.03
4.57E+09 0.0401 3411.14
4.59E+09 0.0404 3409.47
4.60E+09 0.0395 3407.65
4.62E+09 0.0397 3406.21
4.64E+09 0.0393 3404.6
4.66E+09 0.0392 3402.93
4.67E+09 0.0388 3401.39
4.69E+09 0.0388 3399.75
4.71E+09 0.0389 3398.06
4.73E+09 0.0387 3396.47
4.74E+09 0.0387 3394.75
4.76E+09 0.0383 3392.98
4.78E+09 0.0381 3391.41
4.80E+09 0.0383 3390.01
4.81E+09 0.0378 3388.53
4.83E+09 0.0375 3386.81
4.85E+09 0.0375 3385.11
4.87E+09 0.0370 3383.37
4.89E+09 0.0373 3381.79
4.91E+09 0.0370 3380.32
4.92E+09 0.0367 3378.62
4.94E+09 0.0366 3377.19
4.96E+09 0.0364 3375.59
4.98E+09 0.0360 3374.11
4.99E+09 0.0365 3372.58
