0.00E+00 -0.3984 4288.73
1.06E+08 0.1609 4256.09
1.24E+08 0.1574 4248.49
1.52E+08 0.1425 4237.54
2.03E+08 0.1391 4218.85
2.63E+08 0.1431 4196.77
2.99E+08 0.1371 4183.34
3.29E+08 0.1418 4172.54
3.53E+08 0.1390 4163.85
3.74E+08 0.1369 4156.46
3.93E+08 0.1325 4149.53
4.11E+08 0.1320 4143.55
4.25E+08 0.1244 4138.9
4.34E+08 0.1215 4135.97
4.47E+08 0.1195 4131.76
4.59E+08 0.1233 4128.12
4.69E+08 0.1252 4124.65
4.79E+08 0.1255 4121.31
4.92E+08 0.1277 4117.03
5.05E+08 0.1231 4112.8
5.14E+08 0.1191 4110.03
5.23E+08 0.1179 4107.34
5.32E+08 0.1138 4104.51
5.40E+08 0.1106 4102.23
5.47E+08 0.1100 4100.2
5.56E+08 0.1040 4097.79
5.64E+08 0.1031 4095.52
5.72E+08 0.1043 4093.28
5.80E+08 0.1062 4091.08
5.89E+08 0.1084 4088.72
5.98E+08 0.1125 4086.07
6.06E+08 0.1151 4083.71
6.13E+08 0.1159 4081.43
6.20E+08 0.1141 4079.38
6.27E+08 0.1121 4077.37
6.32E+08 0.1115 4075.73
6.40E+08 0.1056 4073.72
6.44E+08 0.1048 4072.52
6.54E+08 0.0950 4069.91
6.62E+08 0.0930 4067.84
6.71E+08 0.0928 4065.83
6.79E+08 0.0934 4063.92
6.87E+08 0.0956 4061.94
6.95E+08 0.0952 4059.8
7.03E+08 0.0948 4057.79
7.12E+08 0.0965 4055.62
7.17E+08 0.0973 4054.4
7.28E+08 0.0954 4051.47
7.36E+08 0.0970 4049.57
7.44E+08 0.0945 4047.46
7.53E+08 0.0902 4045.28
7.60E+08 0.0878 4043.6
7.71E+08 0.0827 4041.29
7.81E+08 0.0808 4039.1
7.89E+08 0.0826 4037.38
7.98E+08 0.0882 4035.51
8.08E+08 0.0911 4033.07
8.17E+08 0.0908 4030.9
8.27E+08 0.0872 4028.63
8.36E+08 0.0829 4026.61
8.46E+08 0.0787 4024.51
8.57E+08 0.0784 4022.19
8.65E+08 0.0807 4020.61
8.73E+08 0.0814 4018.91
8.81E+08 0.0786 4017.14
8.95E+08 0.0762 4014.35
9.05E+08 0.0748 4012.5
9.14E+08 0.0763 4010.58
9.23E+08 0.0733 4008.83
9.37E+08 0.0730 4006.35
9.46E+08 0.0733 4004.66
9.59E+08 0.0716 4002.07
9.70E+08 0.0696 4000.17
9.80E+08 0.0746 3998.22
9.92E+08 0.0713 3995.86
1.00E+09 0.0709 3993.68
1.02E+09 0.0733 3991.24
1.03E+09 0.0720 3989.39
1.04E+09 0.0675 3987.32
1.05E+09 0.0691 3985.74
1.06E+09 0.0650 3983.77
1.07E+09 0.0656 3981.91
1.08E+09 0.0618 3979.85
1.09E+09 0.0616 3978.15
1.10E+09 0.0619 3976.62
1.11E+09 0.0639 3975.08
1.12E+09 0.0633 3973.37
1.13E+09 0.0628 3971.87
1.14E+09 0.0616 3970.3
1.15E+09 0.0627 3969.07
1.16E+09 0.0618 3967.62
1.17E+09 0.0601 3966.17
1.17E+09 0.0618 3964.65
1.19E+09 0.0627 3963
1.19E+09 0.0623 3961.45
1.20E+09 0.0627 3960.17
1.21E+09 0.0626 3958.93
1.22E+09 0.0613 3957.67
1.22E+09 0.0610 3956.6
1.23E+09 0.0616 3955.43
1.24E+09 0.0601 3954.27
1.25E+09 0.0634 3953.2
1.25E+09 0.0595 3951.79
1.26E+09 0.0589 3950.43
1.27E+09 0.0605 3949.14
1.28E+09 0.0622 3947.96
1.29E+09 0.0636 3946.9
1.29E+09 0.0642 3945.83
1.30E+09 0.0620 3944.69
1.31E+09 0.0615 3943.41
1.31E+09 0.0611 3942.23
1.32E+09 0.0606 3940.86
1.33E+09 0.0614 3939.61
1.34E+09 0.0605 3938.4
1.35E+09 0.0598 3937.2
1.35E+09 0.0589 3936.18
1.36E+09 0.0634 3935.14
1.37E+09 0.0618 3933.75
1.38E+09 0.0616 3932.39
1.38E+09 0.0602 3931.1
1.39E+09 0.0610 3929.72
1.40E+09 0.0612 3928.55
1.41E+09 0.0616 3927.34
1.42E+09 0.0614 3925.98
1.43E+09 0.0594 3924.46
1.43E+09 0.0604 3923.11
1.44E+09 0.0599 3921.89
1.45E+09 0.0599 3920.62
1.46E+09 0.0596 3919.32
1.47E+09 0.0609 3917.97
1.48E+09 0.0580 3916.49
1.49E+09 0.0595 3915.12
1.49E+09 0.0595 3913.68
1.50E+09 0.0595 3912.29
1.51E+09 0.0592 3910.96
1.52E+09 0.0598 3909.77
1.53E+09 0.0574 3908.42
1.54E+09 0.0608 3906.92
1.55E+09 0.0612 3905.56
1.56E+09 0.0580 3904.05
1.56E+09 0.0594 3902.75
1.58E+09 0.0597 3901.18
1.59E+09 0.0585 3899.44
1.60E+09 0.0605 3897.81
1.61E+09 0.0587 3896.22
1.62E+09 0.0573 3894.73
1.63E+09 0.0582 3893.16
1.64E+09 0.0590 3891.59
1.65E+09 0.0572 3890.09
1.66E+09 0.0594 3888.42
1.67E+09 0.0592 3886.83
1.68E+09 0.0578 3885.21
1.69E+09 0.0565 3883.38
1.70E+09 0.0553 3881.9
1.71E+09 0.0554 3880.39
1.72E+09 0.0582 3879.29
1.73E+09 0.0560 3877.76
1.74E+09 0.0561 3876.14
1.75E+09 0.0550 3874.31
1.77E+09 0.0559 3872.28
1.78E+09 0.0560 3870.53
1.79E+09 0.0556 3868.62
1.80E+09 0.0568 3867
1.81E+09 0.0551 3865.53
1.82E+09 0.0539 3863.98
1.83E+09 0.0529 3862.56
1.85E+09 0.0552 3860.99
1.86E+09 0.0550 3859.52
1.86E+09 0.0534 3858.26
1.87E+09 0.0549 3856.85
1.89E+09 0.0576 3855.24
1.90E+09 0.0574 3853.71
1.91E+09 0.0526 3852.12
1.92E+09 0.0523 3850.51
1.93E+09 0.0533 3848.72
1.94E+09 0.0536 3847.2
1.95E+09 0.0541 3845.83
1.96E+09 0.0535 3844.21
1.98E+09 0.0513 3842.64
1.99E+09 0.0498 3840.96
2.00E+09 0.0507 3839.38
2.01E+09 0.0518 3837.89
2.02E+09 0.0513 3836.47
2.03E+09 0.0492 3834.91
2.05E+09 0.0520 3833.21
2.06E+09 0.0529 3831.62
2.07E+09 0.0486 3829.95
2.08E+09 0.0485 3828.21
2.10E+09 0.0509 3826.58
2.11E+09 0.0520 3824.75
2.12E+09 0.0511 3822.86
2.14E+09 0.0500 3821.27
2.15E+09 0.0504 3819.39
2.16E+09 0.0499 3817.6
2.18E+09 0.0513 3815.55
2.19E+09 0.0486 3813.73
2.21E+09 0.0480 3811.9
2.22E+09 0.0475 3810.1
2.24E+09 0.0485 3808.47
2.25E+09 0.0478 3806.37
2.27E+09 0.0473 3804.67
2.28E+09 0.0475 3803.12
2.29E+09 0.0482 3801.91
2.30E+09 0.0470 3800.42
2.31E+09 0.0473 3798.9
2.33E+09 0.0441 3797.31
2.34E+09 0.0455 3795.92
2.35E+09 0.0459 3794.3
2.36E+09 0.0467 3792.99
2.38E+09 0.0434 3791.3
2.38E+09 0.0461 3790.32
2.40E+09 0.0447 3788.97
2.41E+09 0.0435 3787.07
2.43E+09 0.0450 3785.41
2.44E+09 0.0457 3784.14
2.45E+09 0.0439 3782.61
2.46E+09 0.0463 3780.99
2.48E+09 0.0469 3779.14
2.49E+09 0.0449 3777.57
2.50E+09 0.0424 3776.18
2.52E+09 0.0429 3774.88
2.53E+09 0.0418 3773.09
2.55E+09 0.0439 3771.66
2.56E+09 0.0450 3769.89
2.57E+09 0.0447 3768.28
2.59E+09 0.0430 3766.73
2.60E+09 0.0427 3765.27
2.62E+09 0.0426 3763.61
2.63E+09 0.0415 3762.19
2.64E+09 0.0401 3760.7
2.66E+09 0.0399 3759.43
2.67E+09 0.0399 3758.17
2.68E+09 0.0378 3756.75
2.69E+09 0.0378 3755.38
2.71E+09 0.0389 3753.94
2.72E+09 0.0403 3752.34
2.74E+09 0.0411 3750.82
2.76E+09 0.0401 3749.07
2.78E+09 0.0389 3746.98
2.79E+09 0.0409 3745.25
2.81E+09 0.0402 3743.39
2.83E+09 0.0395 3741.54
2.84E+09 0.0401 3739.72
2.86E+09 0.0395 3737.78
2.88E+09 0.0384 3735.99
2.90E+09 0.0369 3734.25
2.91E+09 0.0392 3732.62
2.93E+09 0.0395 3730.92
2.95E+09 0.0399 3729.47
2.96E+09 0.0377 3728.14
2.97E+09 0.0354 3726.59
2.99E+09 0.0363 3725.22
3.01E+09 0.0375 3723.69
3.02E+09 0.0390 3722.26
3.03E+09 0.0385 3720.85
3.05E+09 0.0380 3719.62
3.06E+09 0.0372 3718.23
3.08E+09 0.0357 3716.77
3.09E+09 0.0345 3715.39
3.10E+09 0.0347 3714.3
3.11E+09 0.0348 3713.28
3.13E+09 0.0358 3712.13
3.14E+09 0.0374 3711.02
3.15E+09 0.0360 3709.77
3.17E+09 0.0349 3708.17
3.18E+09 0.0336 3706.7
3.20E+09 0.0359 3705.4
3.21E+09 0.0362 3704.28
3.23E+09 0.0371 3702.83
3.24E+09 0.0370 3701.53
3.25E+09 0.0352 3700.2
3.27E+09 0.0335 3699
3.28E+09 0.0334 3698.14
3.29E+09 0.0320 3697.11
3.30E+09 0.0329 3696.15
3.31E+09 0.0340 3695.19
3.32E+09 0.0338 3694.06
3.34E+09 0.0325 3692.8
3.35E+09 0.0321 3691.74
3.36E+09 0.0319 3690.64
3.37E+09 0.0328 3689.71
3.39E+09 0.0331 3688.74
3.40E+09 0.0319 3687.56
3.41E+09 0.0326 3686.83
3.42E+09 0.0369 3685.92
3.43E+09 0.0368 3684.76
3.44E+09 0.0335 3683.43
3.46E+09 0.0316 3682.01
3.48E+09 0.0310 3680.82
3.49E+09 0.0309 3679.68
3.50E+09 0.0309 3678.72
3.51E+09 0.0324 3677.89
3.52E+09 0.0328 3677.23
3.53E+09 0.0307 3676.15
3.55E+09 0.0307 3675.07
3.55E+09 0.0331 3674.37
3.57E+09 0.0316 3673.01
3.59E+09 0.0312 3671.67
3.60E+09 0.0304 3670.42
3.62E+09 0.0308 3669.22
3.63E+09 0.0303 3668.2
3.64E+09 0.0308 3667.39
3.65E+09 0.0325 3666.26
3.67E+09 0.0308 3665.04
3.69E+09 0.0302 3663.75
3.70E+09 0.0306 3662.61
3.71E+09 0.0307 3661.39
3.73E+09 0.0300 3660.16
3.75E+09 0.0316 3658.92
3.76E+09 0.0321 3658
3.77E+09 0.0301 3656.62
3.79E+09 0.0293 3655.39
3.81E+09 0.0285 3654.2
3.82E+09 0.0283 3653.02
3.84E+09 0.0281 3651.76
3.85E+09 0.0286 3650.68
3.87E+09 0.0274 3649.53
3.88E+09 0.0287 3648.6
3.90E+09 0.0291 3647.52
3.91E+09 0.0284 3646.35
3.92E+09 0.0276 3645.37
3.94E+09 0.0264 3644.43
3.95E+09 0.0252 3643.48
3.97E+09 0.0258 3642.33
3.99E+09 0.0279 3641.17
4.00E+09 0.0280 3639.97
4.02E+09 0.0280 3638.93
4.03E+09 0.0267 3637.67
4.05E+09 0.0266 3636.67
4.06E+09 0.0259 3635.57
4.08E+09 0.0257 3634.66
4.09E+09 0.0253 3633.58
4.11E+09 0.0257 3632.56
4.13E+09 0.0262 3631.5
4.14E+09 0.0279 3630.44
4.15E+09 0.0281 3629.48
4.17E+09 0.0274 3628.21
4.19E+09 0.0274 3626.88
4.21E+09 0.0274 3625.75
4.22E+09 0.0263 3624.67
4.24E+09 0.0263 3623.51
4.25E+09 0.0265 3622.57
4.27E+09 0.0252 3621.51
4.28E+09 0.0242 3620.33
4.30E+09 0.0236 3619.2
4.32E+09 0.0244 3618.17
4.34E+09 0.0245 3617.13
4.36E+09 0.0239 3615.9
4.37E+09 0.0238 3614.84
4.39E+09 0.0241 3613.99
4.40E+09 0.0251 3613.12
4.41E+09 0.0253 3612.32
4.42E+09 0.0248 3611.49
4.44E+09 0.0237 3610.31
4.46E+09 0.0239 3609.45
4.47E+09 0.0235 3608.48
4.49E+09 0.0236 3607.6
4.50E+09 0.0227 3606.5
4.52E+09 0.0231 3605.36
4.54E+09 0.0241 3604.11
4.56E+09 0.0253 3603.12
4.57E+09 0.0249 3602.14
4.59E+09 0.0235 3600.87
4.61E+09 0.0228 3599.85
4.63E+09 0.0228 3598.77
4.64E+09 0.0237 3598.07
4.66E+09 0.0256 3596.96
4.68E+09 0.0259 3595.65
4.69E+09 0.0251 3594.6
4.71E+09 0.0243 3593.43
4.73E+09 0.0237 3592.32
4.75E+09 0.0233 3591.09
4.77E+09 0.0228 3589.94
4.79E+09 0.0226 3588.78
4.81E+09 0.0234 3587.66
4.82E+09 0.0237 3586.74
4.84E+09 0.0237 3585.61
4.86E+09 0.0241 3584.51
4.88E+09 0.0230 3583.31
4.90E+09 0.0227 3582.13
4.92E+09 0.0226 3580.91
4.93E+09 0.0224 3579.88
4.95E+09 0.0224 3578.72
4.97E+09 0.0222 3577.72
4.99E+09 0.0218 3576.63
