0.00E+00 -0.7239 5626.17
1.88E+08 0.2053 5483.65
2.45E+08 0.1900 5436.97
2.92E+08 0.1868 5400.24
3.39E+08 0.1789 5364.84
3.77E+08 0.1623 5337.27
4.06E+08 0.1637 5316.52
4.37E+08 0.1550 5295.42
4.61E+08 0.1544 5279.7
4.88E+08 0.1488 5262.25
5.12E+08 0.1467 5246.99
5.37E+08 0.1412 5232.16
5.59E+08 0.1401 5218.53
5.83E+08 0.1403 5204.45
6.03E+08 0.1463 5192.16
6.08E+08 0.1623 5189.07
6.11E+08 0.1966 5186.46
6.17E+08 0.2414 5181.29
6.28E+08 0.2341 5169.92
6.64E+08 0.2266 5134.69
7.00E+08 0.2266 5100
7.28E+08 0.2383 5072.63
7.75E+08 0.1938 5030.08
8.37E+08 0.1711 4982.4
9.04E+08 0.1575 4935.56
9.84E+08 0.1586 4883.03
1.05E+09 0.1820 4838.04
1.11E+09 0.1530 4792.86
1.19E+09 0.1810 4736.11
1.27E+09 0.1689 4676.72
1.34E+09 0.1553 4626.42
1.40E+09 0.1384 4588.32
1.42E+09 0.1381 4578.79
1.44E+09 0.1205 4566.36
1.47E+09 0.1120 4553.15
1.49E+09 0.1145 4541.75
1.51E+09 0.1166 4530.3
1.54E+09 0.1062 4517.95
1.56E+09 0.1064 4506.01
1.58E+09 0.1006 4498.76
1.60E+09 0.0968 4490.58
1.62E+09 0.1000 4482.79
1.64E+09 0.0970 4474.21
1.66E+09 0.0926 4465.67
1.68E+09 0.0923 4457.76
1.70E+09 0.0996 4449.54
1.73E+09 0.0912 4438.49
1.75E+09 0.0991 4430.38
1.77E+09 0.0892 4421.38
1.80E+09 0.0942 4411.57
1.82E+09 0.0795 4401.91
1.84E+09 0.0843 4394.53
1.86E+09 0.0841 4386.65
1.89E+09 0.0810 4377.91
1.91E+09 0.0846 4369.73
1.94E+09 0.0824 4359.33
1.96E+09 0.0777 4351.39
1.99E+09 0.0733 4343.77
2.01E+09 0.0762 4335.96
2.04E+09 0.0795 4327.54
2.07E+09 0.0702 4318.95
2.10E+09 0.0681 4309.88
2.12E+09 0.0658 4302.97
2.14E+09 0.0571 4297.09
2.17E+09 0.0714 4290.42
2.19E+09 0.0611 4283.43
2.22E+09 0.0628 4276.25
2.25E+09 0.0604 4269.3
2.28E+09 0.0598 4261.25
2.31E+09 0.0551 4253.87
2.34E+09 0.0605 4245.49
2.37E+09 0.0494 4238.9
2.40E+09 0.0518 4232.21
2.43E+09 0.0514 4226.42
2.46E+09 0.0540 4218.27
2.50E+09 0.0470 4210.19
2.54E+09 0.0537 4202.89
2.57E+09 0.0491 4195.79
2.61E+09 0.0465 4188.4
2.64E+09 0.0462 4182.64
2.67E+09 0.0423 4176.13
2.71E+09 0.0405 4169.99
2.74E+09 0.0456 4163.65
2.78E+09 0.0406 4156.84
2.82E+09 0.0405 4150.11
2.85E+09 0.0378 4144.17
2.89E+09 0.0369 4138.21
2.93E+09 0.0369 4131.77
2.96E+09 0.0351 4126.64
3.00E+09 0.0341 4121.68
3.04E+09 0.0343 4115.79
3.08E+09 0.0320 4110.07
3.12E+09 0.0316 4104.74
3.15E+09 0.0296 4099.9
3.20E+09 0.0241 4094.9
3.24E+09 0.0315 4089.99
3.28E+09 0.0260 4085.03
3.33E+09 0.0291 4079.97
3.36E+09 0.0249 4075.59
3.41E+09 0.0231 4071.05
3.45E+09 0.0298 4066.26
3.50E+09 0.0240 4061.21
3.55E+09 0.0259 4055.59
3.60E+09 0.0228 4050.36
3.65E+09 0.0236 4045.08
3.70E+09 0.0198 4040.25
3.76E+09 0.0209 4035.9
3.80E+09 0.0193 4031.83
3.85E+09 0.0178 4027.94
3.90E+09 0.0176 4024.07
3.96E+09 0.0146 4020.29
4.00E+09 0.0197 4016.81
4.06E+09 0.0157 4012.92
4.11E+09 0.0158 4009.21
4.17E+09 0.0145 4005.46
4.22E+09 0.0166 4002.29
4.28E+09 0.0135 3998.63
4.33E+09 0.0145 3995.46
4.38E+09 0.0136 3992.1
4.44E+09 0.0130 3988.72
4.49E+09 0.0134 3985.97
4.54E+09 0.0140 3983.15
4.60E+09 0.0105 3980.1
4.66E+09 0.0132 3977.22
4.72E+09 0.0102 3974.24
4.78E+09 0.0123 3971.42
4.84E+09 0.0112 3968.3
4.91E+09 0.0111 3965.21
4.96E+09 0.0127 3962.48
