0.00E+00 -0.3238 4094.66
3.88E+07 0.1801 4086.55
4.61E+07 0.2169 4082.72
5.32E+07 0.2379 4078.38
6.29E+07 0.2350 4072.22
8.30E+07 0.2184 4060.4
1.10E+08 0.1999 4045.66
1.36E+08 0.2009 4032.08
1.60E+08 0.1982 4019.46
1.79E+08 0.2091 4009.39
1.98E+08 0.2104 3998.57
2.15E+08 0.2050 3989.08
2.28E+08 0.2029 3982.04
2.40E+08 0.1954 3975.65
2.52E+08 0.1932 3969.74
2.62E+08 0.1904 3964.66
2.72E+08 0.1886 3959.4
2.83E+08 0.1843 3954.3
2.92E+08 0.1830 3949.72
3.02E+08 0.1784 3944.87
3.12E+08 0.1753 3940.23
3.22E+08 0.1747 3935.88
3.30E+08 0.1704 3932.16
3.37E+08 0.1662 3928.78
3.45E+08 0.1648 3925.18
3.54E+08 0.1618 3921.42
3.63E+08 0.1616 3917.78
3.70E+08 0.1586 3914.52
3.78E+08 0.1566 3911.29
3.87E+08 0.1544 3907.67
3.94E+08 0.1514 3904.7
4.01E+08 0.1500 3902.05
4.08E+08 0.1483 3899.36
4.15E+08 0.1469 3896.61
4.23E+08 0.1446 3893.53
4.30E+08 0.1414 3890.89
4.36E+08 0.1402 3888.53
4.43E+08 0.1377 3885.98
4.50E+08 0.1379 3883.49
4.58E+08 0.1358 3880.55
4.66E+08 0.1337 3877.65
4.75E+08 0.1309 3874.41
4.84E+08 0.1282 3871.3
4.93E+08 0.1268 3868.39
5.03E+08 0.1252 3865.19
5.13E+08 0.1216 3861.87
5.21E+08 0.1202 3859.34
5.30E+08 0.1193 3856.46
5.41E+08 0.1163 3853.07
5.51E+08 0.1145 3849.95
5.63E+08 0.1113 3846.34
5.75E+08 0.1098 3843
5.84E+08 0.1075 3840.4
5.95E+08 0.1062 3837.32
6.03E+08 0.1045 3834.87
6.12E+08 0.1030 3832.65
6.19E+08 0.1007 3830.54
6.25E+08 0.1008 3828.98
6.31E+08 0.0986 3827.35
6.37E+08 0.0996 3825.98
6.42E+08 0.0982 3824.51
6.48E+08 0.0973 3822.96
6.54E+08 0.0964 3821.44
6.59E+08 0.0967 3820.16
6.65E+08 0.0971 3818.6
6.72E+08 0.0962 3816.8
6.80E+08 0.0959 3814.87
6.89E+08 0.0942 3812.51
6.97E+08 0.0947 3810.46
7.06E+08 0.0938 3808.23
7.14E+08 0.0939 3806.42
7.22E+08 0.0929 3804.48
7.29E+08 0.0931 3802.7
7.35E+08 0.0931 3801.09
7.42E+08 0.0913 3799.35
7.49E+08 0.0910 3797.7
7.55E+08 0.0912 3796.37
7.62E+08 0.0906 3794.68
7.69E+08 0.0906 3792.86
7.78E+08 0.0907 3790.92
7.85E+08 0.0898 3789.06
7.93E+08 0.0903 3787.34
8.01E+08 0.0883 3785.29
8.10E+08 0.0892 3783.26
8.19E+08 0.0882 3781.08
8.29E+08 0.0879 3778.94
8.37E+08 0.0877 3777.02
8.46E+08 0.0870 3774.95
8.54E+08 0.0865 3772.98
8.62E+08 0.0860 3771.19
8.70E+08 0.0865 3769.37
8.79E+08 0.0853 3767.36
8.89E+08 0.0853 3765.11
8.98E+08 0.0846 3763.13
9.08E+08 0.0848 3760.76
9.19E+08 0.0841 3758.45
9.29E+08 0.0834 3756.1
9.39E+08 0.0839 3753.9
9.49E+08 0.0827 3751.85
9.58E+08 0.0832 3749.75
9.68E+08 0.0825 3747.64
9.77E+08 0.0823 3745.68
9.86E+08 0.0822 3743.66
9.96E+08 0.0816 3741.44
1.01E+09 0.0814 3739.2
1.02E+09 0.0813 3737.15
1.03E+09 0.0815 3734.98
1.04E+09 0.0800 3732.57
1.05E+09 0.0802 3730.47
1.06E+09 0.0798 3728.34
1.07E+09 0.0790 3726.19
1.08E+09 0.0800 3724.17
1.09E+09 0.0790 3721.93
1.10E+09 0.0791 3719.96
1.11E+09 0.0790 3718.04
1.12E+09 0.0778 3715.77
1.13E+09 0.0773 3713.47
1.14E+09 0.0781 3711.45
1.15E+09 0.0772 3709.01
1.16E+09 0.0777 3707.02
1.17E+09 0.0768 3705.27
1.18E+09 0.0770 3702.97
1.19E+09 0.0762 3700.66
1.20E+09 0.0762 3698.69
1.21E+09 0.0749 3696.48
1.22E+09 0.0754 3694.51
1.23E+09 0.0751 3692.6
1.24E+09 0.0750 3690.69
1.25E+09 0.0749 3688.7
1.26E+09 0.0742 3686.68
1.27E+09 0.0741 3684.45
1.29E+09 0.0733 3682.17
1.30E+09 0.0732 3680.12
1.31E+09 0.0733 3677.95
1.32E+09 0.0727 3675.79
1.33E+09 0.0727 3673.61
1.34E+09 0.0723 3671.7
1.35E+09 0.0716 3669.47
1.36E+09 0.0716 3667.57
1.37E+09 0.0709 3665.33
1.39E+09 0.0703 3663.13
1.40E+09 0.0703 3661.19
1.41E+09 0.0694 3658.92
1.42E+09 0.0703 3656.78
1.43E+09 0.0694 3654.63
1.44E+09 0.0689 3652.57
1.45E+09 0.0693 3650.45
1.47E+09 0.0687 3648.25
1.48E+09 0.0679 3646
1.49E+09 0.0682 3644.01
1.50E+09 0.0676 3641.86
1.51E+09 0.0674 3639.67
1.53E+09 0.0669 3637.42
1.54E+09 0.0667 3635.34
1.55E+09 0.0668 3633.38
1.56E+09 0.0664 3631.32
1.57E+09 0.0666 3629.26
1.59E+09 0.0650 3627.02
1.60E+09 0.0654 3625.08
1.61E+09 0.0649 3623.13
1.62E+09 0.0651 3620.92
1.63E+09 0.0636 3619
1.64E+09 0.0646 3617.11
1.66E+09 0.0636 3615.01
1.67E+09 0.0638 3613.1
1.68E+09 0.0633 3610.97
1.69E+09 0.0635 3608.76
1.71E+09 0.0622 3606.57
1.72E+09 0.0625 3604.17
1.73E+09 0.0621 3602.09
1.75E+09 0.0614 3599.92
1.76E+09 0.0615 3597.94
1.77E+09 0.0610 3595.81
1.78E+09 0.0608 3593.8
1.80E+09 0.0602 3591.76
1.81E+09 0.0601 3589.66
1.82E+09 0.0601 3587.66
1.83E+09 0.0591 3585.99
1.84E+09 0.0594 3584.32
1.86E+09 0.0588 3582.3
1.87E+09 0.0592 3580.42
1.88E+09 0.0583 3578.54
1.89E+09 0.0585 3576.78
1.90E+09 0.0584 3574.94
1.92E+09 0.0584 3572.93
1.93E+09 0.0572 3570.72
1.95E+09 0.0574 3568.58
1.96E+09 0.0571 3566.82
1.97E+09 0.0570 3565.09
1.98E+09 0.0571 3563.19
2.00E+09 0.0566 3561.04
2.01E+09 0.0563 3559.35
2.02E+09 0.0563 3557.3
2.04E+09 0.0557 3554.95
2.05E+09 0.0554 3552.71
2.07E+09 0.0550 3550.65
2.08E+09 0.0547 3548.74
2.09E+09 0.0538 3546.77
2.11E+09 0.0541 3544.81
2.12E+09 0.0538 3543
2.14E+09 0.0543 3540.89
2.15E+09 0.0533 3538.68
2.17E+09 0.0532 3536.48
2.18E+09 0.0526 3534.51
2.19E+09 0.0530 3532.51
2.21E+09 0.0521 3530.46
2.22E+09 0.0529 3528.54
2.24E+09 0.0519 3526.32
2.25E+09 0.0511 3524.24
2.27E+09 0.0512 3522.26
2.28E+09 0.0516 3520.47
2.30E+09 0.0504 3518.53
2.31E+09 0.0496 3516.71
2.32E+09 0.0497 3514.87
2.34E+09 0.0495 3513.27
2.35E+09 0.0493 3511.48
2.36E+09 0.0495 3509.71
2.38E+09 0.0488 3507.9
2.39E+09 0.0487 3506.04
2.41E+09 0.0485 3504.37
2.42E+09 0.0485 3502.45
2.44E+09 0.0482 3500.45
2.45E+09 0.0487 3498.48
2.47E+09 0.0481 3496.35
2.48E+09 0.0481 3494.35
2.50E+09 0.0477 3492.43
2.52E+09 0.0467 3490.41
2.53E+09 0.0471 3488.3
2.55E+09 0.0469 3486.42
2.57E+09 0.0462 3484.22
2.58E+09 0.0464 3482.34
2.60E+09 0.0463 3480.32
2.61E+09 0.0459 3478.42
2.63E+09 0.0454 3476.55
2.64E+09 0.0456 3474.78
2.66E+09 0.0452 3472.73
2.68E+09 0.0449 3470.73
2.69E+09 0.0449 3468.79
2.71E+09 0.0440 3466.91
2.73E+09 0.0439 3464.94
2.74E+09 0.0437 3462.91
2.76E+09 0.0437 3460.81
2.78E+09 0.0428 3458.96
2.79E+09 0.0432 3457.04
2.81E+09 0.0428 3454.89
2.83E+09 0.0428 3452.87
2.85E+09 0.0423 3450.91
2.87E+09 0.0421 3449.09
2.88E+09 0.0417 3447.12
2.90E+09 0.0417 3445.21
2.92E+09 0.0411 3443.36
2.94E+09 0.0413 3441.44
2.95E+09 0.0412 3439.56
2.97E+09 0.0405 3437.7
2.99E+09 0.0408 3435.82
3.00E+09 0.0407 3434.13
3.02E+09 0.0400 3432.22
3.04E+09 0.0398 3430.29
3.05E+09 0.0396 3428.61
3.07E+09 0.0392 3426.72
3.09E+09 0.0394 3425.07
3.10E+09 0.0392 3423.48
3.12E+09 0.0391 3421.82
3.14E+09 0.0383 3419.99
3.16E+09 0.0381 3418.16
3.18E+09 0.0384 3416.21
3.19E+09 0.0381 3414.39
3.21E+09 0.0375 3412.52
3.23E+09 0.0374 3410.8
3.25E+09 0.0369 3409.08
3.26E+09 0.0370 3407.33
3.28E+09 0.0375 3405.47
3.30E+09 0.0369 3403.58
3.32E+09 0.0367 3401.56
3.34E+09 0.0367 3399.64
3.36E+09 0.0364 3397.68
3.38E+09 0.0361 3395.83
3.40E+09 0.0358 3394.02
3.42E+09 0.0358 3392.45
3.44E+09 0.0353 3390.92
3.45E+09 0.0355 3389.18
3.47E+09 0.0355 3387.44
3.49E+09 0.0349 3385.76
3.51E+09 0.0340 3384.05
3.53E+09 0.0346 3382.28
3.55E+09 0.0344 3380.25
3.57E+09 0.0341 3378.37
3.59E+09 0.0339 3376.62
3.61E+09 0.0334 3374.72
3.64E+09 0.0331 3372.68
3.66E+09 0.0331 3370.9
3.68E+09 0.0327 3369.15
3.70E+09 0.0327 3367.34
3.72E+09 0.0324 3365.57
3.74E+09 0.0321 3363.75
3.76E+09 0.0326 3362.02
3.78E+09 0.0321 3360.3
3.80E+09 0.0320 3358.64
3.82E+09 0.0315 3356.8
3.84E+09 0.0314 3355.14
3.86E+09 0.0314 3353.57
3.88E+09 0.0314 3351.88
3.90E+09 0.0311 3350.08
3.92E+09 0.0311 3348.23
3.95E+09 0.0305 3346.45
3.97E+09 0.0299 3344.44
4.00E+09 0.0301 3342.44
4.02E+09 0.0299 3340.59
4.04E+09 0.0297 3338.54
4.07E+09 0.0299 3336.68
4.09E+09 0.0292 3334.74
4.12E+09 0.0289 3332.93
4.14E+09 0.0288 3330.97
4.17E+09 0.0288 3329.17
4.19E+09 0.0288 3327.26
4.21E+09 0.0284 3325.61
4.24E+09 0.0280 3323.83
4.26E+09 0.0275 3322.08
4.28E+09 0.0279 3320.32
4.31E+09 0.0279 3318.74
4.33E+09 0.0276 3316.87
4.35E+09 0.0273 3315.11
4.37E+09 0.0275 3313.66
4.40E+09 0.0268 3311.91
4.42E+09 0.0266 3310.14
4.45E+09 0.0266 3308.34
4.47E+09 0.0262 3306.58
4.50E+09 0.0263 3304.9
4.52E+09 0.0257 3303.17
4.55E+09 0.0258 3301.56
4.57E+09 0.0259 3299.81
4.60E+09 0.0259 3298.18
4.62E+09 0.0255 3296.51
4.64E+09 0.0249 3295.01
4.67E+09 0.0252 3293.42
4.69E+09 0.0253 3291.82
4.71E+09 0.0248 3290.26
4.74E+09 0.0248 3288.6
4.76E+09 0.0248 3287.06
4.79E+09 0.0246 3285.35
4.81E+09 0.0245 3283.8
4.84E+09 0.0243 3282.24
4.86E+09 0.0244 3280.63
4.89E+09 0.0241 3278.88
4.91E+09 0.0238 3277.33
4.94E+09 0.0235 3275.76
4.96E+09 0.0234 3274.27
4.99E+09 0.0238 3272.86
