0.00E+00 -0.8080 5675.02
1.38E+08 0.2246 5589.51
1.79E+08 0.2253 5560.19
2.11E+08 0.2305 5538.57
2.43E+08 0.2048 5516.69
2.64E+08 0.2118 5503.26
2.88E+08 0.1983 5487.73
3.09E+08 0.2068 5474.68
3.33E+08 0.1933 5459.81
3.51E+08 0.1956 5448.85
3.70E+08 0.1919 5437.35
3.93E+08 0.1814 5424.46
4.09E+08 0.1852 5415.49
4.26E+08 0.1771 5405.97
4.41E+08 0.1747 5397.45
4.55E+08 0.1754 5390.27
4.68E+08 0.1760 5382.84
4.80E+08 0.1784 5376.59
4.86E+08 0.1866 5373.32
4.87E+08 0.1975 5372.41
4.88E+08 0.2213 5371.64
4.91E+08 0.2700 5369.43
4.97E+08 0.2992 5364.32
5.04E+08 0.3269 5357.71
5.06E+08 0.3529 5355.39
5.11E+08 0.3451 5350.46
5.28E+08 0.2795 5333.44
5.55E+08 0.2614 5312.01
5.81E+08 0.2638 5290.47
6.08E+08 0.2673 5268.94
6.29E+08 0.2764 5251.34
6.49E+08 0.2869 5233.86
6.71E+08 0.3082 5214.1
6.92E+08 0.2833 5194.48
7.25E+08 0.2478 5167.55
7.66E+08 0.2187 5138.52
8.01E+08 0.2407 5114.14
8.33E+08 0.2751 5088.98
8.82E+08 0.2831 5046.8
9.20E+08 0.2575 5015.2
9.45E+08 0.2373 4995.99
9.69E+08 0.2215 4979.41
9.93E+08 0.2165 4963.27
1.01E+09 0.2046 4951.6
1.03E+09 0.1959 4941.96
1.04E+09 0.1911 4933.11
1.06E+09 0.1881 4923.05
1.08E+09 0.1796 4912.55
1.09E+09 0.1781 4903.16
1.11E+09 0.1753 4895.8
1.12E+09 0.1668 4888.33
1.13E+09 0.1648 4882.24
1.15E+09 0.1567 4876.81
1.16E+09 0.1557 4871.3
1.17E+09 0.1514 4866.76
1.18E+09 0.1548 4861.69
1.18E+09 0.1546 4857.69
1.19E+09 0.1514 4853.7
1.20E+09 0.1505 4849.24
1.21E+09 0.1463 4844.01
1.23E+09 0.1495 4838.67
1.24E+09 0.1456 4831.54
1.25E+09 0.1428 4826.79
1.27E+09 0.1418 4821.17
1.28E+09 0.1385 4814.93
1.29E+09 0.1406 4808.88
1.31E+09 0.1352 4803.46
1.32E+09 0.1347 4799.49
1.33E+09 0.1324 4795.85
1.34E+09 0.1319 4791.75
1.35E+09 0.1301 4787.33
1.36E+09 0.1314 4783.04
1.37E+09 0.1303 4779.16
1.38E+09 0.1275 4774.97
1.39E+09 0.1311 4770.77
1.40E+09 0.1250 4766.46
1.41E+09 0.1278 4761.72
1.42E+09 0.1263 4757.35
1.43E+09 0.1251 4753.54
1.44E+09 0.1248 4749.08
1.45E+09 0.1243 4745.06
1.46E+09 0.1279 4741
1.48E+09 0.1237 4736.38
1.49E+09 0.1242 4731.98
1.50E+09 0.1224 4727.66
1.51E+09 0.1219 4723.63
1.52E+09 0.1209 4719.43
1.53E+09 0.1201 4715
1.54E+09 0.1190 4710.7
1.56E+09 0.1182 4706.61
1.56E+09 0.1178 4703.5
1.57E+09 0.1173 4699.46
1.59E+09 0.1172 4695.57
1.60E+09 0.1175 4691.14
1.61E+09 0.1180 4686.83
1.62E+09 0.1202 4683.14
1.63E+09 0.1172 4679.46
1.64E+09 0.1197 4675.26
1.65E+09 0.1185 4671.07
1.66E+09 0.1204 4666.72
1.68E+09 0.1169 4662.3
1.69E+09 0.1178 4658.12
1.70E+09 0.1140 4653.33
1.71E+09 0.1167 4649.5
1.72E+09 0.1177 4645.66
1.73E+09 0.1174 4641.85
1.75E+09 0.1175 4637.41
1.76E+09 0.1132 4632.81
1.77E+09 0.1184 4629.27
1.78E+09 0.1146 4624.7
1.80E+09 0.1109 4620.11
1.81E+09 0.1110 4615.7
1.82E+09 0.1096 4611.91
1.83E+09 0.1111 4607.92
1.84E+09 0.1084 4603.27
1.86E+09 0.1074 4598.7
1.87E+09 0.1106 4594.33
1.89E+09 0.1060 4589.67
1.90E+09 0.1071 4585.35
1.91E+09 0.1049 4580.73
1.93E+09 0.1042 4576.26
1.94E+09 0.1073 4571.87
1.95E+09 0.1042 4567.17
1.97E+09 0.1057 4563.26
1.98E+09 0.1054 4558.65
2.00E+09 0.1029 4553.87
2.01E+09 0.0984 4548.99
2.03E+09 0.1012 4544.91
2.04E+09 0.1012 4540.61
2.05E+09 0.0971 4535.91
2.07E+09 0.0979 4531.23
2.08E+09 0.0965 4526.7
2.10E+09 0.0959 4522.23
2.11E+09 0.0923 4517.93
2.13E+09 0.0920 4513.57
2.14E+09 0.0965 4509.38
2.16E+09 0.0904 4504.54
2.18E+09 0.0904 4500.45
2.19E+09 0.0891 4495.99
2.21E+09 0.0880 4491.13
2.23E+09 0.0885 4486.23
2.25E+09 0.0844 4481.27
2.26E+09 0.0898 4476.84
2.28E+09 0.0830 4471.91
2.30E+09 0.0838 4467.64
2.32E+09 0.0809 4462.71
2.34E+09 0.0816 4457.69
2.35E+09 0.0818 4453.9
2.37E+09 0.0778 4449.24
2.39E+09 0.0807 4444.6
2.41E+09 0.0762 4440.85
2.42E+09 0.0783 4436.49
2.44E+09 0.0757 4431.88
2.46E+09 0.0736 4427.53
2.48E+09 0.0751 4423.02
2.50E+09 0.0728 4419.14
2.52E+09 0.0733 4414.55
2.54E+09 0.0707 4410.53
2.56E+09 0.0688 4406.26
2.58E+09 0.0681 4402.15
2.59E+09 0.0724 4398.47
2.62E+09 0.0691 4394.11
2.63E+09 0.0664 4390.05
2.66E+09 0.0634 4385.6
2.67E+09 0.0675 4382.24
2.69E+09 0.0675 4377.96
2.72E+09 0.0608 4373.73
2.74E+09 0.0594 4369.89
2.75E+09 0.0654 4366.45
2.78E+09 0.0636 4362.22
2.79E+09 0.0616 4358.77
2.81E+09 0.0580 4354.97
2.84E+09 0.0587 4350.83
2.86E+09 0.0574 4347.14
2.88E+09 0.0571 4343.35
2.90E+09 0.0587 4339.93
2.91E+09 0.0579 4336.99
2.94E+09 0.0532 4333.21
2.96E+09 0.0556 4329.72
2.98E+09 0.0576 4326.48
3.00E+09 0.0555 4322.4
3.02E+09 0.0564 4319.28
3.04E+09 0.0527 4315.29
3.07E+09 0.0516 4311.42
3.09E+09 0.0532 4308.13
3.11E+09 0.0521 4304
3.13E+09 0.0513 4300.61
3.16E+09 0.0488 4297.29
3.18E+09 0.0485 4293.33
3.20E+09 0.0491 4290.02
3.22E+09 0.0484 4286.91
3.25E+09 0.0473 4283.55
3.27E+09 0.0468 4280.49
3.29E+09 0.0441 4277.48
3.31E+09 0.0453 4274.35
3.34E+09 0.0440 4271.17
3.36E+09 0.0455 4268.09
3.38E+09 0.0453 4264.68
3.40E+09 0.0417 4261.74
3.43E+09 0.0431 4258.86
3.45E+09 0.0416 4255.81
3.47E+09 0.0404 4253.1
3.49E+09 0.0414 4250.28
3.52E+09 0.0400 4247.21
3.54E+09 0.0417 4244.49
3.56E+09 0.0394 4241.56
3.59E+09 0.0373 4238.55
3.61E+09 0.0363 4235.72
3.64E+09 0.0389 4233.23
3.66E+09 0.0360 4230.47
3.68E+09 0.0389 4228.06
3.70E+09 0.0365 4225.4
3.73E+09 0.0359 4222.94
3.75E+09 0.0370 4220.43
3.77E+09 0.0347 4218.01
3.79E+09 0.0361 4215.37
3.82E+09 0.0338 4212.7
3.84E+09 0.0325 4210.79
3.86E+09 0.0320 4208.46
3.88E+09 0.0315 4206.08
3.91E+09 0.0299 4204.1
3.93E+09 0.0317 4201.84
3.95E+09 0.0338 4199.64
3.98E+09 0.0309 4197
4.00E+09 0.0306 4194.48
4.03E+09 0.0301 4192.07
4.05E+09 0.0299 4189.9
4.08E+09 0.0307 4187.45
4.11E+09 0.0285 4185.05
4.13E+09 0.0300 4182.78
4.16E+09 0.0297 4180.14
4.19E+09 0.0280 4177.81
4.21E+09 0.0262 4175.47
4.24E+09 0.0271 4173.26
4.27E+09 0.0267 4171.25
4.29E+09 0.0269 4169.31
4.32E+09 0.0272 4166.98
4.35E+09 0.0271 4164.62
4.37E+09 0.0268 4162.3
4.40E+09 0.0251 4160.25
4.43E+09 0.0257 4158.07
4.45E+09 0.0254 4156.01
4.48E+09 0.0255 4153.86
4.51E+09 0.0241 4151.79
4.53E+09 0.0244 4150.03
4.56E+09 0.0249 4148.23
4.58E+09 0.0243 4146.17
4.61E+09 0.0229 4143.96
4.64E+09 0.0228 4142.11
4.67E+09 0.0222 4140.23
4.70E+09 0.0242 4138
4.73E+09 0.0231 4135.8
4.76E+09 0.0213 4133.92
4.78E+09 0.0214 4132.1
4.81E+09 0.0211 4130.01
4.85E+09 0.0198 4127.9
4.88E+09 0.0210 4126.08
4.90E+09 0.0218 4124.31
4.93E+09 0.0207 4122.54
4.97E+09 0.0201 4120.32
4.99E+09 0.0197 4118.54
