0.00E+00 -0.2276 3574.14
4.86E+07 0.1236 3566.61
5.99E+07 0.1542 3561.8
7.86E+07 0.1546 3552.96
1.20E+08 0.1427 3534.11
1.72E+08 0.1508 3512.13
2.21E+08 0.1365 3491.11
2.55E+08 0.1293 3477.35
2.76E+08 0.1243 3469.64
2.90E+08 0.1194 3464.34
3.08E+08 0.1141 3458.05
3.28E+08 0.1123 3451.14
3.44E+08 0.1068 3445.85
3.59E+08 0.1075 3441.25
3.73E+08 0.1025 3436.72
3.87E+08 0.1000 3432.36
4.01E+08 0.0983 3428.17
4.17E+08 0.0964 3423.61
4.31E+08 0.0927 3419.66
4.43E+08 0.0912 3416.42
4.57E+08 0.0885 3412.57
4.72E+08 0.0863 3408.53
4.87E+08 0.0838 3404.78
5.00E+08 0.0819 3401.51
5.13E+08 0.0788 3398.46
5.27E+08 0.0765 3394.99
5.43E+08 0.0756 3391.48
5.59E+08 0.0726 3387.82
5.75E+08 0.0704 3384.49
5.91E+08 0.0676 3381.17
6.07E+08 0.0657 3377.92
6.24E+08 0.0639 3374.58
6.41E+08 0.0617 3371.34
6.58E+08 0.0591 3368.25
6.76E+08 0.0566 3365.15
6.94E+08 0.0549 3362.2
7.12E+08 0.0527 3359.26
7.30E+08 0.0502 3356.56
7.47E+08 0.0486 3354.02
7.68E+08 0.0461 3351.01
7.87E+08 0.0449 3348.36
8.06E+08 0.0428 3345.79
8.27E+08 0.0415 3343.2
8.43E+08 0.0403 3341.27
8.58E+08 0.0395 3339.46
8.72E+08 0.0382 3337.83
8.86E+08 0.0374 3336.28
8.98E+08 0.0376 3334.89
9.11E+08 0.0367 3333.47
9.24E+08 0.0370 3332
9.38E+08 0.0359 3330.48
9.51E+08 0.0359 3329.11
9.63E+08 0.0363 3327.78
9.76E+08 0.0360 3326.37
9.88E+08 0.0362 3325.09
1.00E+09 0.0356 3323.55
1.02E+09 0.0351 3321.87
1.03E+09 0.0348 3320.31
1.05E+09 0.0343 3318.68
1.06E+09 0.0340 3317.3
1.08E+09 0.0342 3315.83
1.09E+09 0.0335 3314.55
1.10E+09 0.0333 3313.24
1.11E+09 0.0325 3312
1.13E+09 0.0320 3310.67
1.14E+09 0.0326 3309.53
1.15E+09 0.0320 3308.19
1.17E+09 0.0324 3306.88
1.18E+09 0.0316 3305.72
1.19E+09 0.0314 3304.44
1.20E+09 0.0313 3303.3
1.22E+09 0.0310 3302.15
1.23E+09 0.0312 3300.89
1.24E+09 0.0314 3299.61
1.26E+09 0.0312 3298.25
1.27E+09 0.0309 3296.79
1.29E+09 0.0306 3295.32
1.31E+09 0.0304 3293.76
1.32E+09 0.0302 3292.2
1.34E+09 0.0301 3290.5
1.36E+09 0.0305 3288.83
1.38E+09 0.0305 3287.15
1.40E+09 0.0299 3285.38
1.42E+09 0.0299 3283.72
1.44E+09 0.0300 3282.14
1.45E+09 0.0298 3280.54
1.47E+09 0.0299 3279.25
1.48E+09 0.0297 3277.82
1.50E+09 0.0294 3276.38
1.52E+09 0.0292 3274.65
1.54E+09 0.0290 3272.93
1.56E+09 0.0290 3271.48
1.58E+09 0.0289 3269.76
1.60E+09 0.0284 3267.95
1.61E+09 0.0286 3266.42
1.63E+09 0.0282 3264.74
1.65E+09 0.0278 3263.1
1.67E+09 0.0278 3261.71
1.69E+09 0.0275 3260.24
1.71E+09 0.0275 3258.68
1.72E+09 0.0278 3257.16
1.74E+09 0.0270 3255.59
1.76E+09 0.0270 3253.95
1.78E+09 0.0264 3252.3
1.80E+09 0.0266 3250.72
1.82E+09 0.0262 3249.24
1.84E+09 0.0261 3247.68
1.86E+09 0.0261 3246.18
1.88E+09 0.0254 3244.66
1.90E+09 0.0257 3243.24
1.92E+09 0.0252 3241.7
1.94E+09 0.0252 3240.13
1.96E+09 0.0252 3238.52
1.98E+09 0.0250 3236.92
2.01E+09 0.0249 3235.19
2.03E+09 0.0248 3233.55
2.05E+09 0.0246 3231.82
2.07E+09 0.0242 3230.15
2.10E+09 0.0245 3228.54
2.12E+09 0.0246 3226.94
2.14E+09 0.0241 3225.43
2.16E+09 0.0241 3223.92
2.18E+09 0.0239 3222.45
2.20E+09 0.0231 3221.05
2.22E+09 0.0232 3219.68
2.24E+09 0.0233 3218.06
2.26E+09 0.0231 3216.52
2.29E+09 0.0226 3214.99
2.31E+09 0.0231 3213.32
2.34E+09 0.0225 3211.58
2.36E+09 0.0228 3210.18
2.38E+09 0.0222 3208.76
2.40E+09 0.0219 3207.28
2.42E+09 0.0223 3205.84
2.44E+09 0.0223 3204.34
2.47E+09 0.0216 3202.86
2.49E+09 0.0217 3201.43
2.51E+09 0.0218 3200.03
2.54E+09 0.0214 3198.32
2.57E+09 0.0215 3196.45
2.59E+09 0.0213 3194.71
2.62E+09 0.0208 3192.99
2.65E+09 0.0212 3191.34
2.67E+09 0.0208 3189.62
2.70E+09 0.0207 3187.76
2.73E+09 0.0202 3186.09
2.76E+09 0.0199 3184.42
2.78E+09 0.0200 3182.89
2.81E+09 0.0198 3181.41
2.84E+09 0.0199 3179.78
2.87E+09 0.0196 3178.02
2.89E+09 0.0193 3176.69
2.91E+09 0.0191 3175.31
2.94E+09 0.0192 3173.79
2.97E+09 0.0193 3172.2
2.99E+09 0.0193 3170.61
3.02E+09 0.0195 3169
3.05E+09 0.0187 3167.54
3.07E+09 0.0190 3165.97
3.10E+09 0.0188 3164.51
3.13E+09 0.0187 3163.03
3.15E+09 0.0184 3161.43
3.18E+09 0.0186 3159.98
3.21E+09 0.0186 3158.43
3.24E+09 0.0183 3156.91
3.27E+09 0.0183 3155.26
3.29E+09 0.0181 3153.68
3.32E+09 0.0180 3152.18
3.35E+09 0.0181 3150.61
3.38E+09 0.0180 3149
3.41E+09 0.0178 3147.58
3.44E+09 0.0174 3146.04
3.46E+09 0.0177 3144.57
3.49E+09 0.0174 3143.02
3.52E+09 0.0172 3141.51
3.55E+09 0.0170 3139.98
3.58E+09 0.0175 3138.52
3.61E+09 0.0171 3136.99
3.64E+09 0.0169 3135.37
3.67E+09 0.0172 3133.76
3.70E+09 0.0170 3132.18
3.74E+09 0.0171 3130.45
3.77E+09 0.0170 3128.9
3.80E+09 0.0168 3127.31
3.83E+09 0.0169 3125.69
3.86E+09 0.0171 3124.08
3.89E+09 0.0169 3122.5
3.92E+09 0.0170 3120.84
3.96E+09 0.0168 3119.28
3.98E+09 0.0170 3117.87
4.01E+09 0.0167 3116.34
4.05E+09 0.0168 3114.65
4.08E+09 0.0165 3113.02
4.11E+09 0.0170 3111.36
4.14E+09 0.0167 3109.78
4.17E+09 0.0171 3108.17
4.20E+09 0.0169 3106.69
4.23E+09 0.0167 3105.19
4.26E+09 0.0168 3103.67
4.29E+09 0.0166 3102.09
4.33E+09 0.0165 3100.55
4.36E+09 0.0169 3098.86
4.39E+09 0.0169 3097.19
4.42E+09 0.0169 3095.51
4.45E+09 0.0172 3094
4.48E+09 0.0175 3092.42
4.52E+09 0.0170 3090.81
4.55E+09 0.0167 3089.28
4.58E+09 0.0170 3087.62
4.61E+09 0.0168 3086.02
4.64E+09 0.0172 3084.38
4.67E+09 0.0174 3082.95
4.70E+09 0.0173 3081.48
4.73E+09 0.0174 3079.82
4.76E+09 0.0172 3078.23
4.79E+09 0.0175 3076.57
4.82E+09 0.0179 3075.06
4.85E+09 0.0171 3073.61
4.88E+09 0.0172 3072.02
4.91E+09 0.0176 3070.39
4.94E+09 0.0177 3068.95
4.97E+09 0.0175 3067.39
