0.00E+00 -0.3901 4338.04
1.74E+08 0.1379 4264.46
2.56E+08 0.1384 4223.65
3.33E+08 0.1307 4184.74
4.13E+08 0.1235 4146.33
4.56E+08 0.1150 4126.73
4.91E+08 0.1183 4111.63
5.13E+08 0.1146 4101.57
5.42E+08 0.1149 4089.56
5.75E+08 0.1092 4075.4
5.92E+08 0.1058 4068.21
6.16E+08 0.1075 4058.69
6.39E+08 0.1067 4049.36
6.62E+08 0.1053 4040.5
6.83E+08 0.1035 4032.24
7.04E+08 0.1003 4023.98
7.22E+08 0.0985 4017.22
7.46E+08 0.0960 4008.56
7.69E+08 0.0951 4000.23
7.88E+08 0.0913 3993.7
8.03E+08 0.0869 3988.43
8.24E+08 0.0892 3981.59
8.50E+08 0.0935 3972.47
8.67E+08 0.0902 3966.48
8.86E+08 0.0841 3960.26
8.99E+08 0.0801 3956.23
9.23E+08 0.0808 3949.09
9.49E+08 0.0834 3940.99
9.64E+08 0.0801 3936.39
9.85E+08 0.0717 3930.29
9.99E+08 0.0681 3926.81
1.02E+09 0.0644 3922.08
1.04E+09 0.0640 3917.22
1.06E+09 0.0646 3912.58
1.08E+09 0.0671 3905.36
1.10E+09 0.0656 3901.89
1.12E+09 0.0563 3897.75
1.14E+09 0.0673 3891.63
1.17E+09 0.0670 3885.79
1.21E+09 0.0622 3875.97
1.24E+09 0.0604 3868.44
1.28E+09 0.0535 3860.15
1.30E+09 0.0496 3855.8
1.32E+09 0.0451 3852.03
1.34E+09 0.0457 3848.09
1.36E+09 0.0440 3845.32
1.39E+09 0.0462 3839.89
1.42E+09 0.0433 3835.04
1.45E+09 0.0417 3830.69
1.47E+09 0.0400 3827.25
1.49E+09 0.0398 3823.84
1.52E+09 0.0427 3819.6
1.54E+09 0.0415 3815.83
1.56E+09 0.0390 3812.56
1.59E+09 0.0347 3809.21
1.61E+09 0.0378 3806.02
1.64E+09 0.0362 3802.41
1.66E+09 0.0373 3798.96
1.69E+09 0.0373 3795.23
1.71E+09 0.0340 3792.23
1.73E+09 0.0348 3789.59
1.76E+09 0.0345 3786.06
1.79E+09 0.0356 3782.46
1.81E+09 0.0351 3779.02
1.84E+09 0.0324 3775.78
1.86E+09 0.0326 3772.72
1.89E+09 0.0302 3769.79
1.91E+09 0.0349 3766.83
1.94E+09 0.0322 3763.32
1.97E+09 0.0305 3760.14
2.00E+09 0.0326 3756.56
2.03E+09 0.0311 3753.02
2.06E+09 0.0322 3749.64
2.08E+09 0.0304 3747.19
2.10E+09 0.0286 3744.07
2.13E+09 0.0300 3740.93
2.16E+09 0.0280 3737.63
2.19E+09 0.0292 3734.64
2.22E+09 0.0273 3731.21
2.25E+09 0.0271 3728.89
2.28E+09 0.0278 3725.55
2.31E+09 0.0289 3722.35
2.34E+09 0.0276 3719.05
2.37E+09 0.0275 3715.79
2.41E+09 0.0266 3712.43
2.44E+09 0.0246 3709.36
2.47E+09 0.0260 3706.17
2.51E+09 0.0252 3702.59
2.54E+09 0.0241 3699.23
2.58E+09 0.0249 3695.78
2.62E+09 0.0242 3691.93
2.66E+09 0.0223 3688.68
2.70E+09 0.0244 3685.42
2.74E+09 0.0246 3681.69
2.77E+09 0.0231 3678.29
2.81E+09 0.0223 3675.23
2.85E+09 0.0222 3671.87
2.89E+09 0.0197 3668.82
2.93E+09 0.0204 3665.97
2.96E+09 0.0206 3663.61
2.98E+09 0.0190 3661.61
3.02E+09 0.0197 3659.14
3.05E+09 0.0190 3656.52
3.09E+09 0.0185 3653.88
3.12E+09 0.0187 3651.49
3.16E+09 0.0172 3649.13
3.19E+09 0.0189 3647
3.22E+09 0.0176 3644.67
3.26E+09 0.0168 3642.38
3.30E+09 0.0186 3639.97
3.34E+09 0.0165 3637.13
3.38E+09 0.0173 3634.42
3.42E+09 0.0181 3631.6
3.46E+09 0.0164 3628.93
3.50E+09 0.0157 3627.02
3.54E+09 0.0158 3624.57
3.58E+09 0.0156 3622.08
3.62E+09 0.0154 3619.81
3.65E+09 0.0151 3617.83
3.69E+09 0.0144 3615.65
3.73E+09 0.0161 3613.6
3.77E+09 0.0161 3610.96
3.81E+09 0.0160 3608.61
3.86E+09 0.0154 3605.78
3.90E+09 0.0144 3603.22
3.94E+09 0.0146 3601.1
3.98E+09 0.0131 3598.89
4.03E+09 0.0140 3596.65
4.07E+09 0.0148 3594.14
4.12E+09 0.0139 3591.52
4.17E+09 0.0137 3589.28
4.21E+09 0.0147 3586.6
4.26E+09 0.0147 3584.23
4.30E+09 0.0132 3582
4.35E+09 0.0118 3579.7
4.39E+09 0.0124 3577.72
4.45E+09 0.0122 3575.11
4.49E+09 0.0128 3572.98
4.54E+09 0.0128 3570.89
4.59E+09 0.0118 3568.62
4.63E+09 0.0112 3566.5
4.69E+09 0.0116 3564.27
4.74E+09 0.0113 3561.98
4.79E+09 0.0118 3559.67
4.83E+09 0.0110 3557.88
4.88E+09 0.0113 3556.08
4.92E+09 0.0105 3554.16
4.97E+09 0.0108 3552.19
