0.00E+00 -0.4388 4675.74
3.03E+07 0.2609 4664.37
3.84E+07 0.3006 4657.95
4.48E+07 0.3353 4652.18
5.69E+07 0.3346 4640.74
6.72E+07 0.3235 4631.16
9.28E+07 0.2908 4608.95
1.18E+08 0.3097 4588.62
1.45E+08 0.3249 4564.03
1.78E+08 0.3176 4534.77
2.03E+08 0.3020 4513.18
2.22E+08 0.2924 4496.98
2.37E+08 0.2853 4484.49
2.47E+08 0.2778 4476.98
2.55E+08 0.2744 4470.58
2.65E+08 0.2739 4462.79
2.76E+08 0.2674 4454.11
2.87E+08 0.2642 4446.31
2.96E+08 0.2618 4439.25
3.05E+08 0.2577 4432.74
3.14E+08 0.2550 4426.43
3.25E+08 0.2509 4418.98
3.34E+08 0.2464 4412.7
3.40E+08 0.2436 4408.18
3.48E+08 0.2421 4402.57
3.58E+08 0.2379 4395.76
3.65E+08 0.2350 4391.2
3.74E+08 0.2300 4385.66
3.82E+08 0.2266 4380.2
3.90E+08 0.2253 4375.15
4.00E+08 0.2228 4369
4.07E+08 0.2190 4364.35
4.14E+08 0.2165 4360.25
4.21E+08 0.2139 4355.89
4.28E+08 0.2124 4351.49
4.36E+08 0.2093 4347.09
4.44E+08 0.2066 4342.21
4.53E+08 0.2028 4337.33
4.61E+08 0.2022 4332.69
4.70E+08 0.1970 4327.54
4.78E+08 0.1948 4323.09
4.87E+08 0.1919 4318.4
4.96E+08 0.1903 4313.26
5.06E+08 0.1878 4308.12
5.14E+08 0.1848 4303.7
5.24E+08 0.1799 4298.48
5.34E+08 0.1792 4293.52
5.45E+08 0.1746 4288
5.55E+08 0.1721 4283.35
5.65E+08 0.1695 4278.68
5.74E+08 0.1677 4274.1
5.83E+08 0.1653 4270.05
5.91E+08 0.1626 4266.38
5.99E+08 0.1618 4262.69
6.07E+08 0.1613 4258.81
6.16E+08 0.1601 4254.78
6.25E+08 0.1574 4250.8
6.32E+08 0.1558 4247.83
6.39E+08 0.1529 4244.95
6.45E+08 0.1533 4242.07
6.52E+08 0.1532 4239.13
6.60E+08 0.1513 4235.96
6.68E+08 0.1515 4232.51
6.75E+08 0.1505 4229.4
6.83E+08 0.1489 4226.21
6.88E+08 0.1505 4223.71
6.95E+08 0.1486 4220.94
7.02E+08 0.1477 4218.2
7.08E+08 0.1467 4215.32
7.16E+08 0.1473 4212.36
7.23E+08 0.1478 4209.23
7.31E+08 0.1465 4206.13
7.37E+08 0.1460 4203.65
7.43E+08 0.1464 4200.94
7.49E+08 0.1448 4198.53
7.56E+08 0.1434 4195.63
7.63E+08 0.1424 4192.98
7.71E+08 0.1435 4189.79
7.78E+08 0.1420 4186.96
7.85E+08 0.1421 4184.34
7.91E+08 0.1425 4181.86
7.99E+08 0.1394 4178.46
8.05E+08 0.1413 4176.34
8.12E+08 0.1401 4173.34
8.21E+08 0.1387 4169.93
8.28E+08 0.1395 4167.21
8.37E+08 0.1378 4163.86
8.45E+08 0.1367 4160.42
8.53E+08 0.1364 4157.36
8.61E+08 0.1359 4154.46
8.69E+08 0.1357 4151.56
8.77E+08 0.1348 4148.5
8.85E+08 0.1348 4145.16
8.94E+08 0.1326 4141.9
9.02E+08 0.1329 4138.87
9.10E+08 0.1324 4136.08
9.18E+08 0.1323 4132.85
9.28E+08 0.1319 4129.4
9.36E+08 0.1309 4126.5
9.43E+08 0.1293 4123.8
9.51E+08 0.1289 4120.87
9.59E+08 0.1296 4117.87
9.68E+08 0.1305 4114.75
9.76E+08 0.1268 4111.8
9.84E+08 0.1279 4108.77
9.94E+08 0.1271 4105.19
1.00E+09 0.1256 4101.98
1.01E+09 0.1251 4098.88
1.02E+09 0.1252 4095.78
1.03E+09 0.1240 4092.18
1.04E+09 0.1241 4088.85
1.05E+09 0.1238 4086.11
1.06E+09 0.1219 4083.2
1.07E+09 0.1211 4080.22
1.07E+09 0.1213 4077.29
1.08E+09 0.1195 4074.71
1.09E+09 0.1205 4072.08
1.10E+09 0.1206 4069.8
1.10E+09 0.1201 4067.76
1.11E+09 0.1200 4065.4
1.12E+09 0.1200 4062.74
1.13E+09 0.1174 4059.76
1.14E+09 0.1177 4056.75
1.14E+09 0.1177 4054.15
1.15E+09 0.1171 4051.28
1.16E+09 0.1164 4048.6
1.17E+09 0.1158 4046.31
1.17E+09 0.1142 4044.14
1.18E+09 0.1155 4041.89
1.19E+09 0.1142 4038.87
1.20E+09 0.1149 4036.23
1.21E+09 0.1148 4033.83
1.21E+09 0.1139 4031.73
1.22E+09 0.1115 4029.85
1.23E+09 0.1136 4027.35
1.23E+09 0.1133 4024.51
1.24E+09 0.1108 4021.83
1.25E+09 0.1108 4019.8
1.26E+09 0.1123 4017.66
1.27E+09 0.1111 4014.58
1.27E+09 0.1108 4012.06
1.28E+09 0.1108 4009.49
1.29E+09 0.1098 4006.85
1.30E+09 0.1096 4004.08
1.31E+09 0.1102 4000.87
1.32E+09 0.1090 3998.39
1.33E+09 0.1081 3996.38
1.34E+09 0.1078 3993.45
1.35E+09 0.1057 3990.45
1.36E+09 0.1057 3987.46
1.36E+09 0.1065 3984.72
1.37E+09 0.1050 3981.95
1.38E+09 0.1058 3978.99
1.39E+09 0.1051 3976.1
1.40E+09 0.1037 3972.9
1.41E+09 0.1031 3969.79
1.42E+09 0.1028 3966.87
1.43E+09 0.1039 3964.1
1.45E+09 0.1015 3960.9
1.46E+09 0.1012 3957.92
1.47E+09 0.1009 3954.89
1.48E+09 0.1006 3951.97
1.49E+09 0.0997 3948.54
1.50E+09 0.0990 3945.78
1.51E+09 0.0985 3942.91
1.52E+09 0.0979 3939.97
1.53E+09 0.0989 3937.62
1.54E+09 0.0979 3934.52
1.55E+09 0.0973 3931.33
1.56E+09 0.0974 3928.34
1.57E+09 0.0952 3925.17
1.59E+09 0.0952 3921.98
1.60E+09 0.0941 3919.28
1.61E+09 0.0954 3916.28
1.62E+09 0.0936 3913.2
1.63E+09 0.0937 3910.13
1.64E+09 0.0923 3907.37
1.65E+09 0.0928 3904.13
1.67E+09 0.0920 3900.99
1.68E+09 0.0906 3898.15
1.69E+09 0.0906 3895.04
1.70E+09 0.0905 3892.18
1.71E+09 0.0905 3889.35
1.72E+09 0.0894 3886.73
1.73E+09 0.0882 3883.71
1.74E+09 0.0892 3880.94
1.76E+09 0.0882 3877.78
1.77E+09 0.0874 3874.54
1.78E+09 0.0869 3871.45
1.79E+09 0.0868 3868.61
1.81E+09 0.0858 3865.52
1.82E+09 0.0862 3862.84
1.83E+09 0.0839 3859.8
1.84E+09 0.0852 3856.89
1.86E+09 0.0841 3853.94
1.87E+09 0.0842 3850.6
1.88E+09 0.0841 3847.52
1.90E+09 0.0818 3844.43
1.91E+09 0.0825 3841.35
1.92E+09 0.0823 3838.13
1.94E+09 0.0812 3835.27
1.95E+09 0.0809 3832.85
1.96E+09 0.0811 3830.16
1.97E+09 0.0791 3827.14
1.98E+09 0.0791 3824.31
2.00E+09 0.0790 3821.43
2.01E+09 0.0783 3818.63
2.02E+09 0.0787 3816.07
2.04E+09 0.0790 3812.95
2.05E+09 0.0775 3810.24
2.06E+09 0.0782 3807.57
2.07E+09 0.0765 3804.73
2.09E+09 0.0761 3801.87
2.10E+09 0.0754 3799.25
2.11E+09 0.0759 3796.69
2.13E+09 0.0754 3793.62
2.14E+09 0.0744 3790.33
2.15E+09 0.0735 3787.53
2.17E+09 0.0732 3784.7
2.18E+09 0.0722 3781.96
2.19E+09 0.0726 3779.31
2.21E+09 0.0717 3776.7
2.22E+09 0.0712 3774.29
2.23E+09 0.0715 3771.57
2.25E+09 0.0707 3768.66
2.26E+09 0.0707 3765.87
2.27E+09 0.0707 3763.08
2.29E+09 0.0697 3760.52
2.30E+09 0.0696 3758.03
2.31E+09 0.0687 3755.27
2.33E+09 0.0678 3752.86
2.34E+09 0.0680 3749.89
2.36E+09 0.0681 3746.9
2.37E+09 0.0674 3744.47
2.39E+09 0.0662 3741.67
2.40E+09 0.0662 3739.03
2.42E+09 0.0660 3736.07
2.43E+09 0.0650 3733.42
2.44E+09 0.0653 3730.74
2.46E+09 0.0647 3728.17
2.47E+09 0.0648 3725.61
2.49E+09 0.0647 3723.04
2.50E+09 0.0640 3720.47
2.52E+09 0.0636 3717.94
2.53E+09 0.0632 3715.31
2.55E+09 0.0628 3712.47
2.56E+09 0.0627 3709.63
2.58E+09 0.0621 3707.19
2.59E+09 0.0613 3704.5
2.61E+09 0.0611 3701.53
2.63E+09 0.0609 3698.65
2.64E+09 0.0606 3696.14
2.65E+09 0.0598 3693.82
2.67E+09 0.0603 3691.39
2.68E+09 0.0603 3688.85
2.70E+09 0.0590 3686.13
2.72E+09 0.0581 3683.27
2.73E+09 0.0579 3680.9
2.75E+09 0.0581 3678.42
2.76E+09 0.0577 3675.71
2.78E+09 0.0569 3672.86
2.80E+09 0.0572 3670.18
2.82E+09 0.0567 3667.32
2.83E+09 0.0563 3664.85
2.85E+09 0.0553 3662.06
2.86E+09 0.0558 3659.55
2.88E+09 0.0546 3656.89
2.90E+09 0.0543 3654.36
2.91E+09 0.0541 3652.1
2.93E+09 0.0545 3649.7
2.95E+09 0.0534 3647.09
2.96E+09 0.0534 3644.36
2.98E+09 0.0529 3641.94
3.00E+09 0.0528 3639.64
3.01E+09 0.0524 3637.25
3.03E+09 0.0516 3634.76
3.05E+09 0.0514 3632.28
3.06E+09 0.0512 3629.74
3.08E+09 0.0509 3627.07
3.10E+09 0.0500 3624.47
3.12E+09 0.0502 3621.87
3.14E+09 0.0501 3619.23
3.16E+09 0.0497 3616.47
3.17E+09 0.0487 3614.09
3.20E+09 0.0486 3611.28
3.21E+09 0.0477 3608.67
3.23E+09 0.0481 3606.36
3.25E+09 0.0470 3603.84
3.27E+09 0.0471 3601.23
3.29E+09 0.0464 3598.74
3.31E+09 0.0464 3596.44
3.32E+09 0.0466 3594.03
3.34E+09 0.0462 3591.49
3.36E+09 0.0453 3588.86
3.39E+09 0.0445 3586.2
3.40E+09 0.0452 3583.92
3.42E+09 0.0448 3581.58
3.44E+09 0.0444 3579.01
3.46E+09 0.0447 3577.04
3.48E+09 0.0436 3574.51
3.50E+09 0.0440 3571.99
3.52E+09 0.0434 3569.47
3.54E+09 0.0426 3566.96
3.56E+09 0.0428 3564.28
3.58E+09 0.0422 3562.08
3.60E+09 0.0416 3559.76
3.62E+09 0.0413 3557.39
3.64E+09 0.0413 3554.76
3.66E+09 0.0410 3552.47
3.69E+09 0.0406 3549.95
3.71E+09 0.0407 3547.57
3.73E+09 0.0401 3545.4
3.74E+09 0.0401 3543.32
3.77E+09 0.0395 3540.88
3.79E+09 0.0391 3538.3
3.82E+09 0.0392 3535.38
3.84E+09 0.0385 3532.65
3.86E+09 0.0384 3530.36
3.88E+09 0.0380 3527.88
3.91E+09 0.0374 3525.64
3.92E+09 0.0375 3523.79
3.94E+09 0.0368 3521.8
3.96E+09 0.0369 3519.52
3.99E+09 0.0368 3517.42
4.01E+09 0.0370 3515.03
4.03E+09 0.0362 3512.47
4.06E+09 0.0356 3510.22
4.08E+09 0.0350 3507.9
4.10E+09 0.0353 3505.4
4.13E+09 0.0346 3502.95
4.15E+09 0.0348 3500.36
4.18E+09 0.0342 3498.01
4.21E+09 0.0338 3495.53
4.23E+09 0.0333 3493.39
4.25E+09 0.0330 3490.97
4.28E+09 0.0325 3488.42
4.30E+09 0.0333 3486.31
4.33E+09 0.0320 3483.82
4.36E+09 0.0314 3481.55
4.38E+09 0.0317 3479.21
4.41E+09 0.0309 3476.65
4.44E+09 0.0309 3474.35
4.47E+09 0.0310 3471.94
4.49E+09 0.0307 3469.6
4.52E+09 0.0304 3467.12
4.55E+09 0.0296 3464.77
4.58E+09 0.0297 3462.3
4.61E+09 0.0291 3459.86
4.64E+09 0.0289 3457.44
4.67E+09 0.0289 3455.05
4.69E+09 0.0286 3453.06
4.72E+09 0.0279 3450.84
4.75E+09 0.0280 3448.56
4.78E+09 0.0278 3446.21
4.81E+09 0.0277 3443.9
4.84E+09 0.0274 3441.71
4.87E+09 0.0273 3439.33
4.90E+09 0.0264 3437.24
4.92E+09 0.0267 3435.08
4.95E+09 0.0263 3432.87
4.98E+09 0.0263 3430.59
