0.00E+00 -0.5090 5107.2
5.31E+07 0.3229 5060.77
9.08E+07 0.3190 5010.83
1.50E+08 0.2730 4941.29
2.35E+08 0.2749 4847.44
3.08E+08 0.2641 4769.75
3.87E+08 0.2382 4692.79
4.40E+08 0.2284 4642.95
4.70E+08 0.2113 4616.48
5.02E+08 0.2155 4588.58
5.28E+08 0.2077 4566.8
5.48E+08 0.2024 4550.15
5.65E+08 0.1981 4536.4
5.83E+08 0.1919 4522.74
6.06E+08 0.1910 4505.38
6.25E+08 0.1858 4490.68
6.39E+08 0.1774 4480.94
6.56E+08 0.1703 4468.6
6.74E+08 0.1698 4456.72
6.93E+08 0.1649 4444.22
7.12E+08 0.1723 4431.1
7.26E+08 0.1673 4421.2
7.39E+08 0.1685 4412.89
7.56E+08 0.1633 4401.61
7.73E+08 0.1569 4391.14
7.89E+08 0.1576 4380.96
8.10E+08 0.1529 4367.94
8.25E+08 0.1546 4358.93
8.42E+08 0.1436 4348.77
8.59E+08 0.1501 4338.88
8.71E+08 0.1480 4331.7
8.93E+08 0.1411 4319.32
9.11E+08 0.1424 4309.31
9.29E+08 0.1407 4298.96
9.50E+08 0.1330 4287.86
9.77E+08 0.1307 4273.5
9.96E+08 0.1304 4263.63
1.01E+09 0.1239 4256.23
1.03E+09 0.1231 4248.42
1.05E+09 0.1225 4238.23
1.07E+09 0.1194 4229.59
1.08E+09 0.1151 4222.81
1.10E+09 0.1166 4214.63
1.11E+09 0.1130 4207.38
1.12E+09 0.1120 4202.15
1.14E+09 0.1150 4196.27
1.15E+09 0.1144 4189.84
1.17E+09 0.1087 4181.56
1.19E+09 0.1074 4173.92
1.20E+09 0.1055 4167.31
1.22E+09 0.1077 4161.71
1.23E+09 0.1057 4154.85
1.25E+09 0.1060 4147.52
1.26E+09 0.1028 4141.88
1.28E+09 0.1021 4135.5
1.29E+09 0.1007 4129.26
1.31E+09 0.1021 4122.03
1.33E+09 0.1017 4115.85
1.34E+09 0.0989 4109.12
1.36E+09 0.0963 4104.44
1.37E+09 0.0978 4097.36
1.39E+09 0.0954 4091.23
1.41E+09 0.0915 4084.7
1.42E+09 0.0928 4078.57
1.44E+09 0.0880 4073.3
1.46E+09 0.0938 4066.85
1.48E+09 0.0921 4059.38
1.49E+09 0.0898 4053.59
1.51E+09 0.0893 4048.76
1.53E+09 0.0883 4041.69
1.55E+09 0.0854 4033.9
1.57E+09 0.0847 4025.27
1.60E+09 0.0853 4018.06
1.61E+09 0.0804 4012.9
1.63E+09 0.0826 4006.77
1.64E+09 0.0837 4002.19
1.66E+09 0.0777 3995.76
1.68E+09 0.0790 3989.98
1.71E+09 0.0761 3982.58
1.72E+09 0.0793 3977.43
1.74E+09 0.0763 3972.11
1.76E+09 0.0755 3965.5
1.79E+09 0.0723 3958.61
1.81E+09 0.0709 3951.89
1.83E+09 0.0728 3945.64
1.85E+09 0.0694 3939.35
1.87E+09 0.0721 3933.51
1.89E+09 0.0695 3928.05
1.91E+09 0.0721 3923.58
1.93E+09 0.0678 3916.59
1.96E+09 0.0653 3910
1.98E+09 0.0652 3904.79
2.00E+09 0.0618 3898.25
2.03E+09 0.0607 3892.07
2.05E+09 0.0590 3885.76
2.08E+09 0.0611 3879.49
2.10E+09 0.0601 3873.81
2.13E+09 0.0588 3867.2
2.16E+09 0.0592 3861.09
2.18E+09 0.0556 3855.08
2.21E+09 0.0579 3849.02
2.24E+09 0.0555 3842.32
2.26E+09 0.0566 3837.04
2.29E+09 0.0541 3831.24
2.32E+09 0.0532 3825.95
2.35E+09 0.0530 3818.88
2.38E+09 0.0493 3813.16
2.41E+09 0.0496 3807.29
2.43E+09 0.0474 3802.18
2.46E+09 0.0489 3796.37
2.49E+09 0.0486 3790.51
2.52E+09 0.0452 3784.68
2.55E+09 0.0462 3779.24
2.58E+09 0.0450 3773.76
2.61E+09 0.0425 3768.71
2.64E+09 0.0431 3763.4
2.68E+09 0.0407 3757.84
2.71E+09 0.0395 3752.67
2.74E+09 0.0407 3747.71
2.77E+09 0.0388 3742.23
2.80E+09 0.0388 3737.65
2.83E+09 0.0415 3732.89
2.86E+09 0.0372 3727.71
2.90E+09 0.0379 3722.82
2.94E+09 0.0377 3717.12
2.97E+09 0.0364 3711.35
3.01E+09 0.0345 3706.29
3.04E+09 0.0335 3701.55
3.08E+09 0.0341 3696.45
3.11E+09 0.0349 3692.1
3.15E+09 0.0320 3686.81
3.19E+09 0.0307 3682.35
3.22E+09 0.0321 3678.13
3.25E+09 0.0323 3674.22
3.29E+09 0.0297 3670.04
3.32E+09 0.0311 3666.14
3.35E+09 0.0299 3662.24
3.38E+09 0.0299 3658.53
3.42E+09 0.0286 3654.85
3.45E+09 0.0293 3651.24
3.48E+09 0.0278 3647.39
3.51E+09 0.0273 3643.76
3.55E+09 0.0276 3639.94
3.58E+09 0.0265 3636.3
3.61E+09 0.0270 3632.69
3.65E+09 0.0263 3628.88
3.69E+09 0.0257 3624.97
3.73E+09 0.0233 3621.25
3.76E+09 0.0248 3617.87
3.80E+09 0.0233 3614.47
3.83E+09 0.0244 3610.99
3.87E+09 0.0241 3607.41
3.91E+09 0.0239 3603.99
3.94E+09 0.0229 3600.41
3.98E+09 0.0226 3596.76
4.02E+09 0.0219 3593.46
4.06E+09 0.0217 3589.88
4.11E+09 0.0208 3586.22
4.15E+09 0.0207 3582.73
4.19E+09 0.0206 3579.49
4.23E+09 0.0204 3576.11
4.27E+09 0.0202 3572.74
4.31E+09 0.0193 3569.46
4.36E+09 0.0194 3565.99
4.40E+09 0.0186 3562.62
4.45E+09 0.0189 3559.29
4.49E+09 0.0185 3555.84
4.54E+09 0.0182 3552.63
4.58E+09 0.0172 3549.47
4.63E+09 0.0176 3546.36
4.67E+09 0.0175 3542.97
4.72E+09 0.0171 3539.88
4.76E+09 0.0178 3536.68
4.81E+09 0.0163 3533.42
4.86E+09 0.0156 3530.17
4.91E+09 0.0164 3527.25
4.96E+09 0.0163 3523.91
