0.00E+00 -0.9975 6528.32
2.00E+08 0.2745 6223.82
2.68E+08 0.2373 6118.57
3.23E+08 0.2195 6042
3.72E+08 0.2118 5976.38
4.18E+08 0.2055 5917.16
4.61E+08 0.1986 5864.29
5.04E+08 0.1939 5812.79
5.49E+08 0.1878 5761.26
5.94E+08 0.1816 5710.64
6.41E+08 0.1750 5660.36
6.88E+08 0.1687 5611.22
7.36E+08 0.1626 5563.86
7.82E+08 0.1543 5519.87
8.22E+08 0.1473 5483.32
8.60E+08 0.1438 5450.09
8.96E+08 0.1401 5419.04
9.32E+08 0.1394 5388.61
9.57E+08 0.1423 5367.94
9.79E+08 0.1531 5348.21
9.87E+08 0.2186 5340.46
9.93E+08 0.2538 5331.08
1.02E+09 0.2106 5296.51
1.08E+09 0.1557 5228.83
1.17E+09 0.1605 5142.67
1.27E+09 0.1452 5046.66
1.40E+09 0.1145 4946.74
1.57E+09 0.0974 4845.49
1.75E+09 0.0991 4721.11
1.90E+09 0.0791 4640.09
2.01E+09 0.0689 4594.94
2.10E+09 0.0744 4553.02
2.19E+09 0.0638 4518.42
2.27E+09 0.0496 4489.05
2.33E+09 0.0490 4472.66
2.39E+09 0.0411 4456.67
2.43E+09 0.0461 4445.09
2.47E+09 0.0470 4434.4
2.51E+09 0.0397 4422.63
2.55E+09 0.0428 4413.25
2.59E+09 0.0370 4403.53
2.63E+09 0.0379 4393.87
2.68E+09 0.0366 4384.31
2.72E+09 0.0373 4375.18
2.76E+09 0.0314 4365.49
2.81E+09 0.0284 4357.58
2.86E+09 0.0331 4348.51
2.90E+09 0.0306 4340.51
2.95E+09 0.0247 4332.19
3.00E+09 0.0313 4324.16
3.04E+09 0.0253 4316.33
3.09E+09 0.0270 4308.33
3.14E+09 0.0271 4300.95
3.19E+09 0.0221 4293.32
3.25E+09 0.0210 4285.84
3.29E+09 0.0228 4279.8
3.35E+09 0.0174 4273.2
3.40E+09 0.0221 4266.73
3.45E+09 0.0226 4259.87
3.51E+09 0.0191 4252.53
3.56E+09 0.0185 4246.39
3.62E+09 0.0153 4240.63
3.68E+09 0.0158 4235.09
3.73E+09 0.0188 4229.87
3.79E+09 0.0151 4223.44
3.86E+09 0.0131 4217.55
3.92E+09 0.0171 4212.48
3.98E+09 0.0137 4207.11
4.04E+09 0.0143 4202.04
4.10E+09 0.0116 4197.18
4.17E+09 0.0127 4192.51
4.23E+09 0.0143 4187.13
4.30E+09 0.0094 4182.01
4.37E+09 0.0128 4177.51
4.44E+09 0.0106 4172.63
4.52E+09 0.0081 4168.29
4.58E+09 0.0122 4164.29
4.65E+09 0.0106 4159.62
4.73E+09 0.0083 4155.23
4.80E+09 0.0085 4151.71
4.87E+09 0.0101 4147.93
4.94E+09 0.0079 4143.76
