0.00E+00 -0.3702 4352.6
3.24E+07 0.2124 4345.17
3.85E+07 0.2520 4341.63
4.45E+07 0.2742 4337.72
5.24E+07 0.2845 4332.24
6.42E+07 0.2619 4324.3
8.35E+07 0.2532 4311.95
1.09E+08 0.2269 4296.89
1.30E+08 0.2442 4284.86
1.49E+08 0.2430 4273.42
1.65E+08 0.2642 4263.41
1.78E+08 0.2520 4254.94
1.91E+08 0.2468 4246.89
2.03E+08 0.2439 4239.74
2.12E+08 0.2393 4234.49
2.21E+08 0.2390 4229.25
2.30E+08 0.2332 4224.05
2.39E+08 0.2309 4218.96
2.49E+08 0.2288 4212.98
2.58E+08 0.2234 4208.08
2.64E+08 0.2211 4204.38
2.72E+08 0.2199 4200.26
2.81E+08 0.2157 4195.36
2.89E+08 0.2134 4191.22
2.95E+08 0.2113 4187.87
3.02E+08 0.2084 4184.36
3.09E+08 0.2066 4181.04
3.16E+08 0.2048 4177.19
3.22E+08 0.2009 4174.13
3.29E+08 0.1980 4170.65
3.36E+08 0.1962 4167.35
3.43E+08 0.1933 4163.89
3.50E+08 0.1918 4160.59
3.56E+08 0.1892 4157.68
3.63E+08 0.1866 4154.42
3.71E+08 0.1856 4151
3.78E+08 0.1820 4147.72
3.84E+08 0.1795 4144.97
3.91E+08 0.1781 4141.94
3.97E+08 0.1772 4139.28
4.04E+08 0.1749 4136.39
4.10E+08 0.1714 4133.52
4.18E+08 0.1699 4130.33
4.26E+08 0.1678 4126.8
4.34E+08 0.1659 4123.54
4.42E+08 0.1624 4120.29
4.51E+08 0.1606 4116.73
4.61E+08 0.1586 4113.05
4.69E+08 0.1546 4109.96
4.77E+08 0.1535 4106.74
4.84E+08 0.1530 4103.94
4.92E+08 0.1493 4100.91
4.99E+08 0.1478 4098.54
5.06E+08 0.1461 4096.02
5.12E+08 0.1461 4093.78
5.18E+08 0.1450 4091.7
5.24E+08 0.1442 4089.5
5.30E+08 0.1428 4087.32
5.36E+08 0.1417 4085.09
5.43E+08 0.1395 4082.91
5.48E+08 0.1410 4081.08
5.54E+08 0.1388 4078.83
5.61E+08 0.1388 4076.7
5.67E+08 0.1379 4074.38
5.74E+08 0.1374 4072.02
5.81E+08 0.1356 4069.8
5.87E+08 0.1349 4067.76
5.93E+08 0.1357 4065.76
5.99E+08 0.1341 4063.67
6.05E+08 0.1348 4061.8
6.12E+08 0.1336 4059.37
6.19E+08 0.1332 4057.19
6.25E+08 0.1317 4055.05
6.32E+08 0.1309 4053
6.38E+08 0.1305 4050.85
6.44E+08 0.1295 4048.92
6.51E+08 0.1283 4046.87
6.58E+08 0.1285 4044.67
6.65E+08 0.1281 4042.3
6.72E+08 0.1280 4040.05
6.79E+08 0.1270 4037.92
6.85E+08 0.1268 4035.89
6.92E+08 0.1264 4033.82
6.98E+08 0.1261 4032.02
7.04E+08 0.1256 4029.93
7.11E+08 0.1249 4027.95
7.17E+08 0.1247 4025.99
7.23E+08 0.1244 4024.07
7.29E+08 0.1237 4022.29
7.34E+08 0.1235 4020.79
7.40E+08 0.1227 4018.99
7.46E+08 0.1225 4017.23
7.53E+08 0.1224 4015.05
7.61E+08 0.1217 4012.57
7.68E+08 0.1222 4010.29
7.75E+08 0.1222 4008.18
7.84E+08 0.1218 4005.66
7.91E+08 0.1211 4003.38
8.00E+08 0.1208 4000.95
8.07E+08 0.1207 3998.71
8.14E+08 0.1199 3996.53
8.22E+08 0.1192 3994.26
8.29E+08 0.1191 3992.17
8.37E+08 0.1181 3989.84
8.44E+08 0.1180 3987.71
8.50E+08 0.1180 3986.01
8.57E+08 0.1179 3983.92
8.63E+08 0.1179 3982.17
8.70E+08 0.1167 3980.21
8.78E+08 0.1163 3977.97
8.85E+08 0.1165 3975.87
8.92E+08 0.1161 3973.92
8.99E+08 0.1165 3971.98
9.04E+08 0.1158 3970.4
9.09E+08 0.1155 3968.9
9.16E+08 0.1154 3966.92
9.25E+08 0.1144 3964.59
9.33E+08 0.1147 3962.24
9.41E+08 0.1143 3959.96
9.48E+08 0.1137 3957.93
9.56E+08 0.1134 3955.86
9.63E+08 0.1136 3953.73
9.71E+08 0.1131 3951.47
9.78E+08 0.1123 3949.49
9.85E+08 0.1118 3947.61
9.93E+08 0.1114 3945.38
1.00E+09 0.1117 3943.27
1.01E+09 0.1121 3940.94
1.02E+09 0.1115 3939.05
1.02E+09 0.1106 3937.03
1.03E+09 0.1107 3935.12
1.04E+09 0.1104 3932.6
1.05E+09 0.1095 3930.35
1.06E+09 0.1091 3928.15
1.06E+09 0.1081 3925.92
1.07E+09 0.1084 3923.76
1.08E+09 0.1086 3922.08
1.09E+09 0.1080 3920.08
1.09E+09 0.1073 3918.1
1.10E+09 0.1082 3915.95
1.11E+09 0.1075 3913.76
1.12E+09 0.1064 3911.49
1.13E+09 0.1067 3909.4
1.13E+09 0.1062 3907.51
1.14E+09 0.1057 3905.37
1.15E+09 0.1048 3903.53
1.16E+09 0.1050 3901.42
1.16E+09 0.1049 3899.25
1.17E+09 0.1047 3897.35
1.18E+09 0.1041 3895.15
1.19E+09 0.1044 3893.01
1.20E+09 0.1033 3890.73
1.21E+09 0.1029 3888.31
1.22E+09 0.1027 3886.11
1.23E+09 0.1027 3883.74
1.23E+09 0.1022 3881.51
1.24E+09 0.1022 3879.51
1.25E+09 0.1013 3877.29
1.26E+09 0.1009 3874.82
1.27E+09 0.1014 3872.58
1.28E+09 0.1014 3870.66
1.29E+09 0.1001 3868.52
1.30E+09 0.1002 3866.01
1.31E+09 0.0996 3863.7
1.31E+09 0.0988 3861.4
1.32E+09 0.0984 3859.3
1.33E+09 0.0980 3856.94
1.34E+09 0.0979 3854.83
1.35E+09 0.0980 3852.92
1.36E+09 0.0976 3850.69
1.37E+09 0.0975 3848.64
1.38E+09 0.0970 3846.43
1.39E+09 0.0969 3844.24
1.39E+09 0.0961 3842.2
1.40E+09 0.0957 3840.27
1.41E+09 0.0950 3838.37
1.42E+09 0.0958 3836.48
1.43E+09 0.0960 3834.4
1.44E+09 0.0951 3832.49
1.44E+09 0.0951 3830.4
1.45E+09 0.0940 3828.3
1.46E+09 0.0939 3826.45
1.47E+09 0.0932 3824.52
1.48E+09 0.0937 3822.61
1.49E+09 0.0932 3820.52
1.50E+09 0.0934 3818.39
1.50E+09 0.0918 3816.48
1.51E+09 0.0915 3814.52
1.52E+09 0.0909 3812.55
1.53E+09 0.0908 3810.59
1.54E+09 0.0909 3808.64
1.55E+09 0.0907 3806.52
1.56E+09 0.0906 3804.45
1.57E+09 0.0901 3802.4
1.58E+09 0.0891 3800.48
1.58E+09 0.0894 3798.94
1.59E+09 0.0891 3797.18
1.60E+09 0.0895 3795.52
1.61E+09 0.0893 3793.88
1.61E+09 0.0884 3791.98
1.62E+09 0.0880 3789.9
1.63E+09 0.0892 3787.74
1.64E+09 0.0874 3785.37
1.65E+09 0.0878 3783.34
1.66E+09 0.0865 3781.31
1.67E+09 0.0869 3779.42
1.68E+09 0.0857 3777.84
1.69E+09 0.0861 3776.08
1.70E+09 0.0860 3774.01
1.71E+09 0.0855 3771.58
1.72E+09 0.0849 3769.36
1.73E+09 0.0849 3767.45
1.74E+09 0.0850 3765.28
1.75E+09 0.0839 3763.08
1.76E+09 0.0840 3761.11
1.77E+09 0.0836 3759.12
1.78E+09 0.0832 3757.13
1.79E+09 0.0831 3755.2
1.80E+09 0.0831 3753.08
1.81E+09 0.0821 3750.83
1.82E+09 0.0816 3748.82
1.83E+09 0.0823 3746.79
1.84E+09 0.0818 3744.68
1.85E+09 0.0809 3742.62
1.86E+09 0.0802 3740.7
1.87E+09 0.0810 3738.6
1.88E+09 0.0798 3736.54
1.89E+09 0.0805 3734.47
1.90E+09 0.0795 3732.23
1.91E+09 0.0800 3730
1.92E+09 0.0796 3728.12
1.93E+09 0.0784 3726.15
1.94E+09 0.0794 3724.45
1.95E+09 0.0790 3722.37
1.96E+09 0.0783 3720.05
1.97E+09 0.0784 3718.12
1.98E+09 0.0781 3716.21
1.99E+09 0.0778 3714.23
2.01E+09 0.0764 3712.09
2.02E+09 0.0767 3709.91
2.03E+09 0.0760 3707.7
2.04E+09 0.0770 3705.87
2.05E+09 0.0757 3703.97
2.06E+09 0.0757 3702.15
2.07E+09 0.0755 3700.25
2.08E+09 0.0748 3698.21
2.09E+09 0.0750 3696.29
2.10E+09 0.0743 3694.17
2.11E+09 0.0740 3692.27
2.12E+09 0.0737 3690.27
2.13E+09 0.0742 3688.16
2.15E+09 0.0733 3685.95
2.16E+09 0.0727 3683.84
2.17E+09 0.0721 3681.82
2.18E+09 0.0730 3679.68
2.19E+09 0.0727 3677.69
2.20E+09 0.0718 3675.61
2.22E+09 0.0711 3673.41
2.23E+09 0.0707 3671.38
2.24E+09 0.0710 3669.61
2.25E+09 0.0709 3667.89
2.26E+09 0.0699 3665.84
2.27E+09 0.0708 3664.09
2.28E+09 0.0695 3662.08
2.29E+09 0.0691 3660.04
2.30E+09 0.0693 3657.89
2.31E+09 0.0685 3656.32
2.32E+09 0.0684 3654.75
2.34E+09 0.0682 3652.73
2.35E+09 0.0686 3650.87
2.36E+09 0.0679 3648.78
2.37E+09 0.0676 3646.74
2.38E+09 0.0671 3644.62
2.40E+09 0.0668 3642.59
2.41E+09 0.0666 3640.4
2.42E+09 0.0655 3638.5
2.43E+09 0.0657 3636.41
2.45E+09 0.0662 3634.47
2.46E+09 0.0657 3632.5
2.47E+09 0.0654 3630.53
2.48E+09 0.0652 3628.29
2.50E+09 0.0648 3626.14
2.51E+09 0.0639 3624.14
2.52E+09 0.0641 3622.08
2.54E+09 0.0638 3620.01
2.55E+09 0.0639 3618.23
2.56E+09 0.0638 3616.32
2.57E+09 0.0633 3614.37
2.58E+09 0.0627 3612.33
2.60E+09 0.0632 3610.4
2.61E+09 0.0621 3608.28
2.62E+09 0.0623 3606.26
2.64E+09 0.0621 3604.42
2.65E+09 0.0616 3602.95
2.66E+09 0.0616 3601.14
2.67E+09 0.0607 3599.34
2.68E+09 0.0606 3597.44
2.69E+09 0.0609 3595.61
2.71E+09 0.0600 3593.86
2.72E+09 0.0602 3591.96
2.73E+09 0.0596 3590.17
2.74E+09 0.0598 3588.1
2.76E+09 0.0590 3586.19
2.77E+09 0.0587 3584.44
2.78E+09 0.0583 3582.53
2.79E+09 0.0581 3580.91
2.81E+09 0.0586 3578.96
2.82E+09 0.0578 3577.08
2.83E+09 0.0575 3575.35
2.84E+09 0.0576 3573.59
2.86E+09 0.0575 3571.87
2.87E+09 0.0570 3569.94
2.88E+09 0.0563 3568.08
2.89E+09 0.0566 3566.53
2.91E+09 0.0569 3564.72
2.92E+09 0.0569 3562.86
2.94E+09 0.0562 3560.76
2.95E+09 0.0554 3558.84
2.96E+09 0.0555 3557.05
2.98E+09 0.0555 3555.1
2.99E+09 0.0548 3553.19
3.00E+09 0.0549 3551.44
3.02E+09 0.0546 3549.61
3.03E+09 0.0543 3547.78
3.05E+09 0.0538 3545.84
3.06E+09 0.0542 3543.93
3.07E+09 0.0538 3542.05
3.09E+09 0.0537 3540.06
3.10E+09 0.0539 3538.11
3.12E+09 0.0531 3536.19
3.13E+09 0.0527 3534.24
3.15E+09 0.0526 3532.28
3.16E+09 0.0523 3530.57
3.18E+09 0.0519 3528.68
3.19E+09 0.0514 3526.64
3.21E+09 0.0513 3524.76
3.22E+09 0.0513 3522.87
3.24E+09 0.0510 3521.14
3.25E+09 0.0507 3519.28
3.26E+09 0.0509 3517.47
3.28E+09 0.0502 3515.63
3.29E+09 0.0499 3513.93
3.31E+09 0.0501 3512.25
3.32E+09 0.0490 3510.44
3.34E+09 0.0491 3508.75
3.35E+09 0.0491 3506.79
3.37E+09 0.0488 3505.04
3.38E+09 0.0487 3503.26
3.39E+09 0.0482 3501.56
3.41E+09 0.0484 3499.94
3.42E+09 0.0478 3497.97
3.44E+09 0.0483 3496.45
3.45E+09 0.0478 3494.71
3.47E+09 0.0477 3492.85
3.48E+09 0.0465 3490.97
3.50E+09 0.0468 3489.47
3.51E+09 0.0468 3487.74
3.53E+09 0.0467 3486.16
3.54E+09 0.0464 3484.47
3.55E+09 0.0463 3482.95
3.57E+09 0.0460 3481.29
3.58E+09 0.0457 3479.6
3.60E+09 0.0454 3478.14
3.61E+09 0.0458 3476.32
3.63E+09 0.0450 3474.44
3.64E+09 0.0449 3472.82
3.66E+09 0.0454 3471.14
3.67E+09 0.0448 3469.48
3.69E+09 0.0443 3467.74
3.71E+09 0.0445 3465.88
3.72E+09 0.0439 3464.01
3.74E+09 0.0440 3462.18
3.76E+09 0.0433 3460.43
3.77E+09 0.0431 3458.77
3.79E+09 0.0429 3457.23
3.80E+09 0.0427 3455.52
3.82E+09 0.0427 3453.77
3.84E+09 0.0423 3452.05
3.85E+09 0.0428 3450.35
3.87E+09 0.0417 3448.65
3.88E+09 0.0423 3447.03
3.90E+09 0.0418 3445.37
3.92E+09 0.0410 3443.65
3.93E+09 0.0414 3441.95
3.95E+09 0.0409 3440.2
3.97E+09 0.0410 3438.33
3.99E+09 0.0407 3436.53
4.00E+09 0.0404 3434.8
4.02E+09 0.0400 3432.95
4.04E+09 0.0397 3431.09
4.06E+09 0.0403 3429.2
4.08E+09 0.0398 3427.3
4.10E+09 0.0395 3425.53
4.11E+09 0.0392 3423.76
4.13E+09 0.0391 3421.88
4.15E+09 0.0386 3420.28
4.17E+09 0.0387 3418.7
4.18E+09 0.0386 3417.3
4.20E+09 0.0383 3415.88
4.22E+09 0.0385 3414.09
4.24E+09 0.0383 3412.22
4.26E+09 0.0378 3410.3
4.28E+09 0.0371 3408.52
4.29E+09 0.0373 3406.73
4.32E+09 0.0373 3404.77
4.34E+09 0.0367 3402.95
4.36E+09 0.0369 3401.12
4.38E+09 0.0365 3399.19
4.40E+09 0.0362 3397.4
4.42E+09 0.0356 3395.39
4.44E+09 0.0355 3393.64
4.46E+09 0.0353 3391.78
4.48E+09 0.0351 3390.12
4.50E+09 0.0350 3388.31
4.52E+09 0.0349 3386.63
4.54E+09 0.0348 3384.96
4.56E+09 0.0347 3383.39
4.58E+09 0.0345 3381.58
4.60E+09 0.0343 3379.79
4.62E+09 0.0343 3378.12
4.64E+09 0.0342 3376.58
4.66E+09 0.0341 3375
4.68E+09 0.0336 3373.29
4.70E+09 0.0333 3371.46
4.72E+09 0.0334 3369.64
4.75E+09 0.0328 3367.69
4.77E+09 0.0325 3365.91
4.79E+09 0.0320 3364.1
4.81E+09 0.0322 3362.27
4.83E+09 0.0319 3360.58
4.86E+09 0.0317 3358.94
4.88E+09 0.0317 3357.18
4.90E+09 0.0312 3355.61
4.92E+09 0.0311 3353.93
4.94E+09 0.0308 3352.14
4.97E+09 0.0312 3350.38
4.99E+09 0.0306 3348.81
