0.00E+00 -0.9692 6574.75
1.14E+08 0.3670 6466.71
1.51E+08 0.3496 6424.1
1.82E+08 0.3181 6389.78
2.04E+08 0.3285 6365.73
2.29E+08 0.3158 6339.53
2.49E+08 0.3127 6318.41
2.72E+08 0.3053 6295.58
2.89E+08 0.3027 6278.41
3.09E+08 0.2950 6258.01
3.24E+08 0.2948 6243.54
3.41E+08 0.2853 6227.27
3.57E+08 0.2806 6213.06
3.69E+08 0.2807 6201.57
3.83E+08 0.2726 6188.28
3.97E+08 0.2671 6175.93
4.09E+08 0.2711 6165.33
4.22E+08 0.2695 6153.41
4.37E+08 0.2657 6140.58
4.48E+08 0.2616 6131
4.60E+08 0.2647 6120.81
4.71E+08 0.2649 6110.86
4.81E+08 0.2624 6101.76
4.91E+08 0.2666 6093.12
4.99E+08 0.2738 6086.38
5.01E+08 0.2991 6084.71
5.03E+08 0.3207 6082.21
5.06E+08 0.3475 6079.43
5.08E+08 0.3670 6076.5
5.13E+08 0.4000 6070.54
5.25E+08 0.4157 6053.74
5.43E+08 0.4248 6028.97
5.58E+08 0.4355 6007.45
5.67E+08 0.4656 5995.01
5.86E+08 0.3942 5968.2
6.08E+08 0.3688 5940.17
6.33E+08 0.3485 5910.5
6.62E+08 0.3334 5877.75
6.93E+08 0.3182 5844.25
7.26E+08 0.3205 5809.36
7.62E+08 0.3304 5770.91
7.89E+08 0.3474 5740.73
8.08E+08 0.3640 5718.49
8.27E+08 0.3724 5695.77
8.41E+08 0.4001 5678.18
8.68E+08 0.3264 5645.65
9.01E+08 0.3817 5608.33
9.33E+08 0.3632 5567.72
9.77E+08 0.3686 5514.68
1.01E+09 0.3414 5476.15
1.02E+09 0.3290 5465.63
1.04E+09 0.3162 5448.11
1.05E+09 0.3210 5432.45
1.06E+09 0.3037 5421.18
1.07E+09 0.3103 5410.47
1.08E+09 0.3086 5396.85
1.10E+09 0.3133 5385.25
1.11E+09 0.2978 5373.22
1.12E+09 0.3088 5360.12
1.13E+09 0.2950 5350.21
1.14E+09 0.3042 5339.64
1.15E+09 0.3003 5327.23
1.16E+09 0.2943 5316.35
1.18E+09 0.2920 5304.47
1.19E+09 0.2898 5294.21
1.20E+09 0.2861 5282.28
1.21E+09 0.2881 5269.73
1.22E+09 0.2860 5259.89
1.24E+09 0.2782 5249.05
1.25E+09 0.2817 5237.5
1.26E+09 0.2642 5227.08
1.27E+09 0.2743 5216.02
1.28E+09 0.2749 5207.2
1.30E+09 0.2676 5194.6
1.31E+09 0.2687 5182.29
1.32E+09 0.2704 5171.81
1.33E+09 0.2570 5161.6
1.34E+09 0.2585 5152.33
1.36E+09 0.2585 5141.71
1.37E+09 0.2579 5130.54
1.38E+09 0.2497 5119.3
1.40E+09 0.2526 5108.53
1.41E+09 0.2508 5098.61
1.42E+09 0.2448 5086.93
1.43E+09 0.2382 5076.7
1.45E+09 0.2447 5068.32
1.46E+09 0.2427 5056.4
1.47E+09 0.2368 5045.5
1.49E+09 0.2347 5034.59
1.50E+09 0.2292 5025.44
1.51E+09 0.2338 5015.67
1.53E+09 0.2307 5004.98
1.54E+09 0.2227 4995.48
1.55E+09 0.2209 4985.05
1.57E+09 0.2194 4976
1.58E+09 0.2210 4967.28
1.59E+09 0.2172 4956.78
1.61E+09 0.2120 4946.37
1.62E+09 0.2129 4937.15
1.63E+09 0.2105 4927.13
1.65E+09 0.2064 4919.06
1.66E+09 0.1958 4909.14
1.67E+09 0.2071 4900.6
1.69E+09 0.1974 4892.8
1.70E+09 0.2018 4882.46
1.72E+09 0.1937 4873.17
1.73E+09 0.2047 4864.2
1.74E+09 0.1864 4854.58
1.76E+09 0.1934 4844.72
1.78E+09 0.1868 4835.18
1.79E+09 0.1816 4827.14
1.81E+09 0.1876 4816.18
1.82E+09 0.1838 4806.56
1.84E+09 0.1843 4797.96
1.85E+09 0.1718 4788.43
1.87E+09 0.1824 4778.85
1.88E+09 0.1711 4770.37
1.90E+09 0.1735 4760.62
1.92E+09 0.1720 4751.83
1.93E+09 0.1616 4743.28
1.95E+09 0.1679 4734.5
1.96E+09 0.1624 4727.24
1.98E+09 0.1700 4718.29
2.00E+09 0.1580 4708.21
2.01E+09 0.1628 4699.37
2.03E+09 0.1545 4689.53
2.05E+09 0.1588 4681.38
2.06E+09 0.1539 4672.67
2.08E+09 0.1528 4663.38
2.10E+09 0.1471 4655.89
2.12E+09 0.1483 4646.48
2.13E+09 0.1488 4638.44
2.15E+09 0.1371 4629.69
2.17E+09 0.1416 4622.29
2.19E+09 0.1413 4612.85
2.20E+09 0.1411 4605.74
2.22E+09 0.1348 4597.26
2.24E+09 0.1374 4590.16
2.26E+09 0.1311 4581.59
2.27E+09 0.1392 4575.12
2.29E+09 0.1300 4568.09
2.31E+09 0.1276 4559.02
2.33E+09 0.1213 4552.02
2.34E+09 0.1262 4544.71
2.36E+09 0.1180 4538.54
2.38E+09 0.1265 4530.51
2.40E+09 0.1147 4522.7
2.42E+09 0.1222 4514.67
2.44E+09 0.1204 4506.44
2.46E+09 0.1145 4498.92
2.48E+09 0.1140 4491.94
2.49E+09 0.1049 4485.79
2.51E+09 0.1151 4478.9
2.53E+09 0.1110 4471.7
2.55E+09 0.1101 4463.86
2.57E+09 0.1042 4457.29
2.59E+09 0.1060 4450.11
2.61E+09 0.1015 4442.79
2.63E+09 0.0971 4436.55
2.65E+09 0.1015 4429.96
2.67E+09 0.0953 4423.56
2.70E+09 0.1020 4415.66
2.72E+09 0.0945 4407.28
2.74E+09 0.0952 4400.51
2.77E+09 0.0984 4393.05
2.79E+09 0.0922 4385.74
2.82E+09 0.0903 4378.39
2.84E+09 0.0879 4371.87
2.86E+09 0.0938 4364.71
2.89E+09 0.0817 4357.48
2.91E+09 0.0834 4350.87
2.94E+09 0.0865 4343.03
2.96E+09 0.0865 4336
2.99E+09 0.0743 4329.91
3.01E+09 0.0820 4323.48
3.04E+09 0.0783 4316.85
3.06E+09 0.0785 4310.76
3.09E+09 0.0687 4304.15
3.11E+09 0.0819 4298.46
3.14E+09 0.0738 4291.13
3.16E+09 0.0794 4285.72
3.19E+09 0.0658 4279.71
3.22E+09 0.0685 4272.73
3.24E+09 0.0671 4267.18
3.27E+09 0.0700 4260.83
3.30E+09 0.0665 4254.67
3.33E+09 0.0678 4248.44
3.35E+09 0.0657 4242.74
3.38E+09 0.0621 4236.37
3.41E+09 0.0626 4230.62
3.44E+09 0.0597 4224.47
3.47E+09 0.0636 4218.89
3.49E+09 0.0569 4214.15
3.53E+09 0.0525 4208.15
3.55E+09 0.0580 4203.37
3.58E+09 0.0542 4198.2
3.62E+09 0.0532 4192.29
3.65E+09 0.0495 4186.97
3.68E+09 0.0493 4181.53
3.71E+09 0.0491 4176.41
3.74E+09 0.0522 4170.8
3.77E+09 0.0514 4165.72
3.81E+09 0.0456 4160.72
3.84E+09 0.0509 4155.07
3.88E+09 0.0458 4149.51
3.91E+09 0.0451 4144.78
3.94E+09 0.0432 4140.28
3.98E+09 0.0449 4134.94
4.01E+09 0.0446 4130.44
4.04E+09 0.0417 4125.26
4.08E+09 0.0406 4120.11
4.12E+09 0.0413 4115.08
4.14E+09 0.0403 4111.42
4.18E+09 0.0365 4106.74
4.22E+09 0.0351 4102.1
4.25E+09 0.0392 4098
4.29E+09 0.0343 4093.13
4.33E+09 0.0329 4088.56
4.37E+09 0.0378 4084.67
4.41E+09 0.0333 4080.03
4.45E+09 0.0345 4075.24
4.48E+09 0.0316 4071.47
4.53E+09 0.0317 4067.11
4.57E+09 0.0332 4062.13
4.61E+09 0.0291 4057.89
4.65E+09 0.0309 4054.05
4.69E+09 0.0295 4050.06
4.74E+09 0.0290 4045.49
4.79E+09 0.0282 4041
4.84E+09 0.0259 4036.73
4.88E+09 0.0267 4032.72
4.92E+09 0.0278 4029.48
4.96E+09 0.0251 4025.46
