0.00E+00 -1.1643 6840.42
1.03E+08 0.4364 6714.11
1.38E+08 0.4105 6663.03
1.67E+08 0.4006 6622.42
1.95E+08 0.3708 6585.18
2.17E+08 0.3686 6556.13
2.37E+08 0.3627 6529.82
2.56E+08 0.3522 6506.39
2.74E+08 0.3437 6484.01
2.92E+08 0.3407 6462.27
3.09E+08 0.3330 6441.69
3.24E+08 0.3307 6424.26
3.40E+08 0.3188 6406.52
3.53E+08 0.3195 6391.8
3.66E+08 0.3180 6377.32
3.80E+08 0.3065 6361.29
3.93E+08 0.3076 6347.54
4.05E+08 0.3009 6333.86
4.18E+08 0.2975 6321.15
4.28E+08 0.2907 6310.52
4.37E+08 0.2951 6300.51
4.48E+08 0.2918 6289.64
4.58E+08 0.2865 6278.9
4.69E+08 0.2864 6268.62
4.78E+08 0.2874 6258.85
4.89E+08 0.2841 6247.73
4.99E+08 0.2789 6238.04
5.09E+08 0.2732 6228.95
5.17E+08 0.2702 6220.5
5.26E+08 0.2743 6212.03
5.35E+08 0.2669 6203.25
5.44E+08 0.2732 6194.81
5.53E+08 0.2709 6186.32
5.62E+08 0.2700 6177.91
5.70E+08 0.2736 6170.1
5.78E+08 0.2717 6162.41
5.85E+08 0.2768 6155.09
5.92E+08 0.2848 6148.12
6.00E+08 0.2937 6140.8
6.05E+08 0.3121 6135.32
6.06E+08 0.3433 6133.34
6.09E+08 0.4195 6130.69
6.11E+08 0.5219 6125.94
6.16E+08 0.4869 6116.78
6.28E+08 0.4299 6097.32
6.47E+08 0.4254 6068.65
6.69E+08 0.4212 6036.45
6.88E+08 0.4190 6008.73
7.04E+08 0.4117 5984.49
7.20E+08 0.4077 5960.9
7.38E+08 0.4074 5935.49
7.50E+08 0.4352 5918.23
7.75E+08 0.3525 5884.88
7.92E+08 0.3630 5863.74
8.20E+08 0.3123 5831.19
8.53E+08 0.3564 5792.69
8.79E+08 0.3784 5759.02
9.11E+08 0.3672 5717.27
9.40E+08 0.3597 5679.94
9.93E+08 0.3753 5606.98
1.05E+09 0.3458 5533.64
1.10E+09 0.3380 5473.44
1.14E+09 0.3085 5427.38
1.16E+09 0.2975 5401.74
1.18E+09 0.2797 5382.79
1.20E+09 0.2726 5364.98
1.22E+09 0.2691 5351.41
1.23E+09 0.2602 5337.24
1.25E+09 0.2613 5322.28
1.26E+09 0.2437 5310.3
1.27E+09 0.2548 5298.79
1.29E+09 0.2472 5286.42
1.30E+09 0.2489 5272.36
1.32E+09 0.2292 5260.74
1.33E+09 0.2386 5248.54
1.34E+09 0.2345 5241.48
1.35E+09 0.2301 5230.23
1.37E+09 0.2289 5218.72
1.38E+09 0.2293 5208.22
1.40E+09 0.2247 5195.1
1.41E+09 0.2141 5185.02
1.42E+09 0.2162 5175.41
1.44E+09 0.2168 5164.92
1.45E+09 0.2179 5153.56
1.47E+09 0.2120 5140.89
1.48E+09 0.2039 5129.63
1.50E+09 0.2080 5118.32
1.52E+09 0.2004 5105.16
1.53E+09 0.1977 5094.38
1.55E+09 0.1947 5083.12
1.56E+09 0.1931 5073.69
1.58E+09 0.1924 5064.36
1.59E+09 0.1835 5053.89
1.61E+09 0.1834 5042.19
1.63E+09 0.1813 5032.37
1.65E+09 0.1791 5020.19
1.66E+09 0.1754 5009.28
1.68E+09 0.1781 4999.63
1.70E+09 0.1692 4989.24
1.71E+09 0.1688 4979.12
1.73E+09 0.1663 4968.16
1.75E+09 0.1648 4957.46
1.77E+09 0.1607 4948.72
1.78E+09 0.1595 4939.7
1.80E+09 0.1558 4931.33
1.81E+09 0.1536 4922.31
1.83E+09 0.1528 4911.94
1.85E+09 0.1442 4904.48
1.86E+09 0.1444 4897.89
1.88E+09 0.1431 4886.8
1.90E+09 0.1393 4877.51
1.92E+09 0.1383 4869.64
1.94E+09 0.1388 4859.18
1.95E+09 0.1392 4852.85
1.97E+09 0.1313 4841.9
1.99E+09 0.1289 4833.41
2.01E+09 0.1311 4825.08
2.03E+09 0.1288 4815.87
2.05E+09 0.1238 4808.7
2.07E+09 0.1241 4800.18
2.08E+09 0.1282 4791.73
2.10E+09 0.1152 4784.05
2.12E+09 0.1132 4775.34
2.14E+09 0.1113 4767.48
2.17E+09 0.1121 4758.09
2.19E+09 0.1128 4750.65
2.20E+09 0.1104 4743.92
2.22E+09 0.1054 4735.99
2.25E+09 0.1047 4726.48
2.27E+09 0.0980 4719.99
2.29E+09 0.0996 4712.83
2.31E+09 0.0999 4704.9
2.33E+09 0.0960 4697.86
2.36E+09 0.0898 4690.35
2.38E+09 0.0934 4681.36
2.41E+09 0.0919 4673.3
2.43E+09 0.0897 4665.69
2.46E+09 0.0875 4657.95
2.48E+09 0.0800 4650.63
2.50E+09 0.0848 4644.95
2.52E+09 0.0818 4639.61
2.55E+09 0.0767 4631.55
2.58E+09 0.0787 4623.65
2.60E+09 0.0742 4617.68
2.63E+09 0.0745 4610.42
2.66E+09 0.0679 4602.79
2.69E+09 0.0722 4595.68
2.71E+09 0.0687 4588.5
2.74E+09 0.0651 4582.44
2.77E+09 0.0696 4576.29
2.80E+09 0.0617 4569.95
2.83E+09 0.0590 4563.07
2.86E+09 0.0638 4556.83
2.88E+09 0.0597 4551.16
2.91E+09 0.0562 4546.11
2.94E+09 0.0581 4539.88
2.97E+09 0.0570 4534.12
3.00E+09 0.0517 4527.64
3.03E+09 0.0524 4521.91
3.06E+09 0.0509 4516.02
3.09E+09 0.0503 4510.56
3.13E+09 0.0476 4505.28
3.16E+09 0.0467 4499.52
3.19E+09 0.0471 4493.51
3.23E+09 0.0425 4487.43
3.27E+09 0.0396 4481.63
3.31E+09 0.0433 4476.13
3.34E+09 0.0378 4471
3.38E+09 0.0409 4466.33
3.42E+09 0.0387 4461.17
3.45E+09 0.0369 4456.23
3.49E+09 0.0348 4451.16
3.53E+09 0.0338 4446.41
3.57E+09 0.0350 4442
3.60E+09 0.0335 4438.31
3.63E+09 0.0343 4433.68
3.68E+09 0.0297 4429.14
3.71E+09 0.0326 4424.88
3.75E+09 0.0270 4420.7
3.79E+09 0.0247 4416.97
3.84E+09 0.0254 4413.01
3.87E+09 0.0272 4409.25
3.91E+09 0.0247 4405.95
3.95E+09 0.0253 4402.47
3.99E+09 0.0252 4398.83
4.03E+09 0.0241 4395.24
4.08E+09 0.0228 4391.34
4.13E+09 0.0219 4387.64
4.17E+09 0.0196 4384.83
4.21E+09 0.0196 4382.02
4.25E+09 0.0200 4378.96
4.29E+09 0.0210 4376.16
4.33E+09 0.0209 4373.08
4.37E+09 0.0201 4369.97
4.42E+09 0.0201 4366.84
4.46E+09 0.0169 4363.96
4.51E+09 0.0186 4361.12
4.55E+09 0.0170 4358.32
4.60E+09 0.0169 4355.67
4.64E+09 0.0145 4353.13
4.69E+09 0.0156 4350.77
4.73E+09 0.0168 4348.18
4.78E+09 0.0155 4345.74
4.82E+09 0.0165 4343.09
4.87E+09 0.0147 4340.25
4.92E+09 0.0143 4337.64
4.98E+09 0.0120 4335.22
