0.00E+00 -0.3317 4177.15
3.48E+07 0.2161 4167.57
4.89E+07 0.2534 4157.06
7.37E+07 0.2285 4139.01
1.15E+08 0.2019 4112.06
1.46E+08 0.2274 4090.73
1.91E+08 0.2263 4058.99
2.27E+08 0.2164 4034.04
2.47E+08 0.2093 4021.02
2.63E+08 0.2040 4010.92
2.81E+08 0.1990 3999.73
2.98E+08 0.1943 3989.23
3.11E+08 0.1894 3981.6
3.24E+08 0.1851 3974.29
3.37E+08 0.1839 3966.72
3.50E+08 0.1785 3959.41
3.64E+08 0.1759 3952.04
3.77E+08 0.1720 3944.8
3.88E+08 0.1678 3938.94
3.99E+08 0.1669 3933.24
4.15E+08 0.1641 3925.34
4.27E+08 0.1606 3919.06
4.37E+08 0.1573 3914.35
4.47E+08 0.1551 3909.14
4.59E+08 0.1518 3903.6
4.72E+08 0.1490 3897.84
4.82E+08 0.1457 3893.31
4.92E+08 0.1435 3888.6
5.03E+08 0.1412 3883.79
5.14E+08 0.1379 3879.01
5.24E+08 0.1356 3874.7
5.33E+08 0.1342 3871.21
5.46E+08 0.1309 3865.8
5.57E+08 0.1283 3861.26
5.67E+08 0.1262 3857.23
5.77E+08 0.1244 3853.42
5.90E+08 0.1220 3848.76
6.00E+08 0.1196 3844.78
6.12E+08 0.1170 3840.38
6.28E+08 0.1145 3834.91
6.40E+08 0.1117 3830.46
6.55E+08 0.1100 3825.53
6.69E+08 0.1061 3820.81
6.82E+08 0.1038 3816.45
6.97E+08 0.1019 3811.86
7.10E+08 0.0998 3807.89
7.23E+08 0.0973 3803.9
7.36E+08 0.0958 3799.81
7.51E+08 0.0940 3795.51
7.64E+08 0.0916 3791.81
7.76E+08 0.0920 3788.31
7.89E+08 0.0890 3784.83
8.03E+08 0.0881 3781.02
8.14E+08 0.0881 3777.89
8.26E+08 0.0867 3774.75
8.37E+08 0.0846 3771.86
8.45E+08 0.0856 3769.58
8.57E+08 0.0841 3766.5
8.69E+08 0.0852 3763.49
8.78E+08 0.0843 3760.93
8.88E+08 0.0839 3758.46
8.97E+08 0.0846 3756.26
9.06E+08 0.0832 3753.86
9.15E+08 0.0837 3751.44
9.25E+08 0.0817 3748.82
9.36E+08 0.0823 3746.1
9.47E+08 0.0826 3743.34
9.57E+08 0.0821 3740.87
9.69E+08 0.0812 3737.83
9.80E+08 0.0823 3734.91
9.91E+08 0.0814 3732.24
1.00E+09 0.0810 3729.43
1.02E+09 0.0804 3726.2
1.03E+09 0.0802 3723.28
1.04E+09 0.0793 3720.44
1.05E+09 0.0786 3717.57
1.06E+09 0.0789 3714.75
1.08E+09 0.0778 3711.29
1.09E+09 0.0788 3708.36
1.10E+09 0.0783 3705.52
1.11E+09 0.0769 3702.54
1.12E+09 0.0773 3699.65
1.14E+09 0.0764 3696.56
1.15E+09 0.0754 3693.62
1.16E+09 0.0755 3690.66
1.17E+09 0.0751 3688.1
1.19E+09 0.0746 3685.17
1.20E+09 0.0744 3682.06
1.21E+09 0.0748 3678.97
1.23E+09 0.0740 3675.91
1.24E+09 0.0730 3672.82
1.25E+09 0.0724 3669.88
1.27E+09 0.0734 3666.85
1.28E+09 0.0723 3663.87
1.29E+09 0.0715 3661.14
1.30E+09 0.0706 3658.64
1.32E+09 0.0708 3655.89
1.33E+09 0.0699 3652.76
1.34E+09 0.0689 3649.99
1.36E+09 0.0688 3647.61
1.37E+09 0.0689 3644.72
1.38E+09 0.0687 3641.66
1.40E+09 0.0676 3638.54
1.41E+09 0.0672 3635.94
1.42E+09 0.0668 3633.26
1.44E+09 0.0659 3630.64
1.45E+09 0.0666 3627.85
1.46E+09 0.0670 3625.17
1.48E+09 0.0662 3622.04
1.49E+09 0.0654 3619.12
1.51E+09 0.0656 3616.39
1.52E+09 0.0653 3613.46
1.53E+09 0.0647 3610.68
1.55E+09 0.0637 3607.57
1.56E+09 0.0636 3604.61
1.58E+09 0.0630 3601.6
1.59E+09 0.0630 3598.83
1.61E+09 0.0624 3596.24
1.62E+09 0.0622 3593.62
1.64E+09 0.0616 3590.93
1.65E+09 0.0612 3588.12
1.67E+09 0.0610 3585.26
1.68E+09 0.0610 3582.27
1.70E+09 0.0595 3579.69
1.71E+09 0.0602 3576.98
1.72E+09 0.0597 3574.35
1.74E+09 0.0591 3571.82
1.75E+09 0.0585 3569.06
1.77E+09 0.0578 3566.3
1.78E+09 0.0579 3563.46
1.80E+09 0.0574 3560.65
1.82E+09 0.0565 3557.59
1.83E+09 0.0563 3554.87
1.85E+09 0.0562 3552.19
1.86E+09 0.0559 3549.83
1.88E+09 0.0557 3547.4
1.89E+09 0.0555 3544.71
1.91E+09 0.0547 3541.99
1.92E+09 0.0548 3539.36
1.94E+09 0.0538 3536.84
1.95E+09 0.0539 3534.16
1.97E+09 0.0539 3531.35
1.99E+09 0.0530 3528.62
2.00E+09 0.0531 3525.94
2.02E+09 0.0525 3523.11
2.04E+09 0.0518 3520.54
2.05E+09 0.0517 3518.08
2.07E+09 0.0512 3515.06
2.09E+09 0.0508 3512.32
2.11E+09 0.0504 3509.56
2.13E+09 0.0501 3506.75
2.14E+09 0.0497 3504.05
2.16E+09 0.0498 3501.16
2.18E+09 0.0489 3498.21
2.20E+09 0.0484 3495.61
2.22E+09 0.0489 3492.91
2.24E+09 0.0481 3490.13
2.25E+09 0.0476 3487.46
2.27E+09 0.0470 3484.68
2.29E+09 0.0468 3482.2
2.31E+09 0.0463 3479.49
2.33E+09 0.0465 3476.87
2.35E+09 0.0459 3473.95
2.36E+09 0.0454 3471.79
2.38E+09 0.0453 3469.45
2.40E+09 0.0445 3466.96
2.41E+09 0.0451 3464.63
2.43E+09 0.0446 3462.02
2.45E+09 0.0436 3459.42
2.47E+09 0.0440 3457.16
2.49E+09 0.0435 3454.8
2.50E+09 0.0431 3452.53
2.52E+09 0.0430 3449.93
2.54E+09 0.0436 3447.51
2.56E+09 0.0424 3444.93
2.58E+09 0.0423 3442.56
2.59E+09 0.0420 3440.37
2.61E+09 0.0414 3438.03
2.63E+09 0.0411 3435.78
2.65E+09 0.0409 3433.16
2.67E+09 0.0405 3430.58
2.69E+09 0.0401 3428.14
2.71E+09 0.0408 3426.03
2.73E+09 0.0400 3423.79
2.75E+09 0.0394 3421.26
2.77E+09 0.0392 3418.69
2.79E+09 0.0390 3416.19
2.81E+09 0.0383 3413.82
2.83E+09 0.0387 3411.4
2.85E+09 0.0385 3408.99
2.87E+09 0.0375 3406.37
2.89E+09 0.0381 3403.92
2.91E+09 0.0372 3401.76
2.93E+09 0.0373 3399.61
2.95E+09 0.0368 3397.05
2.97E+09 0.0365 3394.57
3.00E+09 0.0364 3392.05
3.02E+09 0.0361 3389.4
3.04E+09 0.0356 3387.12
3.06E+09 0.0353 3384.58
3.09E+09 0.0347 3382.17
3.11E+09 0.0345 3379.62
3.13E+09 0.0347 3377.05
3.16E+09 0.0340 3374.64
3.18E+09 0.0337 3372.34
3.20E+09 0.0335 3370.06
3.22E+09 0.0337 3367.76
3.24E+09 0.0331 3365.53
3.27E+09 0.0330 3363.19
3.29E+09 0.0323 3360.68
3.32E+09 0.0322 3358.26
3.34E+09 0.0320 3355.89
3.36E+09 0.0320 3353.6
3.39E+09 0.0312 3351.14
3.41E+09 0.0309 3348.75
3.44E+09 0.0308 3346.39
3.46E+09 0.0309 3343.93
3.49E+09 0.0303 3341.28
3.52E+09 0.0303 3338.91
3.54E+09 0.0299 3336.47
3.57E+09 0.0292 3334.07
3.59E+09 0.0297 3332.19
3.61E+09 0.0289 3330.03
3.64E+09 0.0286 3327.61
3.67E+09 0.0290 3325.42
3.69E+09 0.0284 3322.95
3.72E+09 0.0283 3320.63
3.75E+09 0.0279 3318.12
3.78E+09 0.0283 3315.62
3.80E+09 0.0277 3313.54
3.83E+09 0.0276 3311.32
3.86E+09 0.0271 3308.78
3.89E+09 0.0268 3306.48
3.92E+09 0.0261 3304.16
3.94E+09 0.0260 3301.83
3.97E+09 0.0255 3299.36
4.00E+09 0.0260 3297.05
4.03E+09 0.0253 3294.8
4.06E+09 0.0251 3292.54
4.09E+09 0.0250 3289.95
4.12E+09 0.0245 3287.72
4.15E+09 0.0245 3285.68
4.18E+09 0.0242 3283.41
4.21E+09 0.0242 3281.12
4.24E+09 0.0236 3278.81
4.27E+09 0.0236 3276.53
4.31E+09 0.0233 3273.99
4.34E+09 0.0234 3271.7
4.37E+09 0.0227 3269.49
4.40E+09 0.0227 3267.24
4.44E+09 0.0227 3264.99
4.47E+09 0.0222 3262.63
4.50E+09 0.0220 3260.41
4.53E+09 0.0220 3258.35
4.57E+09 0.0212 3256.13
4.60E+09 0.0216 3254.04
4.63E+09 0.0214 3251.66
4.67E+09 0.0210 3249.35
4.70E+09 0.0207 3247.15
4.74E+09 0.0205 3245.03
4.77E+09 0.0206 3243.21
4.79E+09 0.0204 3241.44
4.82E+09 0.0207 3239.86
4.85E+09 0.0203 3237.91
4.89E+09 0.0203 3235.65
4.92E+09 0.0202 3233.31
4.96E+09 0.0199 3231.01
5.00E+09 0.0195 3228.95
