0.00E+00 -0.5930 5277.62
5.44E+07 0.3503 5250.16
7.02E+07 0.3376 5236.57
8.00E+07 0.3239 5228.47
9.51E+07 0.3068 5216.71
1.20E+08 0.2960 5198.16
1.50E+08 0.3030 5175.95
1.86E+08 0.3119 5148.31
2.20E+08 0.3194 5121.7
2.41E+08 0.3045 5105.19
2.53E+08 0.3078 5096
2.60E+08 0.3006 5090.46
2.70E+08 0.3060 5082.52
2.81E+08 0.3133 5074.44
2.94E+08 0.3099 5064.58
3.05E+08 0.2990 5056.28
3.14E+08 0.3038 5049.32
3.22E+08 0.2984 5043.09
3.30E+08 0.2964 5037.16
3.38E+08 0.2936 5031.43
3.47E+08 0.2946 5025.21
3.53E+08 0.2845 5020.82
3.57E+08 0.2756 5017.58
3.65E+08 0.2947 5012.19
3.74E+08 0.2904 5005.51
3.79E+08 0.2851 5001.52
3.84E+08 0.2771 4998.35
3.88E+08 0.2700 4995.74
3.93E+08 0.2727 4991.94
4.00E+08 0.2887 4987.16
4.08E+08 0.2843 4981.47
4.13E+08 0.2808 4978.03
4.17E+08 0.2738 4975.55
4.23E+08 0.2751 4971.52
4.32E+08 0.2793 4965.09
4.39E+08 0.2762 4960.24
4.44E+08 0.2683 4957.12
4.48E+08 0.2631 4954.29
4.54E+08 0.2643 4950.03
4.60E+08 0.2625 4946.55
4.64E+08 0.2653 4943.72
4.68E+08 0.2591 4941.01
4.73E+08 0.2531 4937.72
4.81E+08 0.2750 4932.71
4.88E+08 0.2675 4928.09
4.92E+08 0.2601 4925.17
4.98E+08 0.2542 4921.59
5.03E+08 0.2608 4918.29
5.09E+08 0.2636 4914.27
5.14E+08 0.2584 4910.92
5.19E+08 0.2539 4907.93
5.24E+08 0.2428 4904.95
5.30E+08 0.2480 4900.79
5.37E+08 0.2491 4896.64
5.44E+08 0.2545 4892.26
5.54E+08 0.2526 4886.24
5.61E+08 0.2454 4881.36
5.70E+08 0.2464 4875.95
5.76E+08 0.2425 4872.44
5.84E+08 0.2405 4867.9
5.90E+08 0.2406 4864.1
5.97E+08 0.2334 4860.18
6.03E+08 0.2406 4856.44
6.09E+08 0.2331 4852.8
6.16E+08 0.2323 4848.89
6.23E+08 0.2238 4845.16
6.28E+08 0.2283 4842.38
6.35E+08 0.2285 4838.18
6.43E+08 0.2302 4833.87
6.48E+08 0.2215 4830.99
6.54E+08 0.2261 4827.75
6.58E+08 0.2234 4825.12
6.65E+08 0.2262 4821.59
6.71E+08 0.2223 4817.96
6.76E+08 0.2154 4815.29
6.81E+08 0.2225 4812.51
6.86E+08 0.2220 4809.51
6.94E+08 0.2195 4805.48
7.00E+08 0.2182 4801.93
7.06E+08 0.2198 4798.58
7.12E+08 0.2144 4795.49
7.18E+08 0.2198 4792.1
7.25E+08 0.2160 4788.75
7.32E+08 0.2208 4784.78
7.38E+08 0.2200 4781.62
7.44E+08 0.2156 4778.12
7.48E+08 0.2116 4775.83
7.54E+08 0.2168 4772.83
7.59E+08 0.2174 4770.38
7.65E+08 0.2154 4766.99
7.71E+08 0.2067 4763.66
7.77E+08 0.2177 4760.83
7.84E+08 0.2126 4757.04
7.91E+08 0.2126 4753.43
7.98E+08 0.2116 4749.68
8.05E+08 0.2091 4745.9
8.13E+08 0.2144 4741.91
8.20E+08 0.2066 4738.16
8.27E+08 0.2139 4734.35
8.34E+08 0.2041 4730.69
8.41E+08 0.2082 4727.38
8.46E+08 0.2069 4724.41
8.53E+08 0.2028 4721.19
8.60E+08 0.2060 4717.27
8.67E+08 0.2057 4713.88
8.74E+08 0.2056 4710.21
8.81E+08 0.2017 4706.73
8.87E+08 0.2009 4703.52
8.92E+08 0.2013 4701.15
8.98E+08 0.2034 4698.19
9.05E+08 0.1969 4694.91
9.10E+08 0.1982 4692.3
9.17E+08 0.1996 4688.82
9.23E+08 0.2000 4685.77
9.29E+08 0.1957 4682.82
9.35E+08 0.1997 4679.85
9.40E+08 0.2001 4677.46
9.45E+08 0.1935 4674.84
9.50E+08 0.1959 4672.56
9.56E+08 0.1970 4669.5
9.62E+08 0.1925 4666.7
9.68E+08 0.1945 4663.76
9.75E+08 0.1929 4660.59
9.80E+08 0.1902 4657.9
9.86E+08 0.1904 4655.26
9.91E+08 0.1924 4652.65
9.98E+08 0.1922 4649.66
1.01E+09 0.1944 4646.11
1.01E+09 0.1866 4643.39
1.02E+09 0.1890 4640.84
1.02E+09 0.1918 4637.53
1.03E+09 0.1945 4633.96
1.04E+09 0.1907 4631.19
1.04E+09 0.1854 4628.06
1.05E+09 0.1872 4625.47
1.05E+09 0.1882 4622.97
1.06E+09 0.1851 4619.83
1.07E+09 0.1862 4617.23
1.07E+09 0.1873 4614.21
1.08E+09 0.1878 4611.81
1.08E+09 0.1827 4608.85
1.09E+09 0.1808 4606.16
1.10E+09 0.1850 4603.36
1.10E+09 0.1828 4600.31
1.11E+09 0.1823 4597.49
1.12E+09 0.1801 4594.66
1.12E+09 0.1838 4591.61
1.13E+09 0.1836 4588.9
1.14E+09 0.1774 4585.72
1.14E+09 0.1823 4582.85
1.15E+09 0.1792 4580.2
1.15E+09 0.1810 4577.17
1.16E+09 0.1750 4574.71
1.17E+09 0.1770 4571.56
1.17E+09 0.1786 4568.45
1.18E+09 0.1803 4565.51
1.19E+09 0.1797 4563.6
1.19E+09 0.1709 4560.59
1.20E+09 0.1754 4558.34
1.20E+09 0.1753 4555.64
1.21E+09 0.1741 4553.22
1.22E+09 0.1721 4550.56
1.22E+09 0.1712 4548.15
1.23E+09 0.1711 4545.62
1.23E+09 0.1706 4543.1
1.24E+09 0.1741 4540.2
1.25E+09 0.1687 4537.57
1.25E+09 0.1696 4534.81
1.26E+09 0.1720 4531.78
1.27E+09 0.1697 4528.57
1.27E+09 0.1669 4525.3
1.28E+09 0.1699 4522.62
1.29E+09 0.1685 4519.14
1.30E+09 0.1662 4515.46
1.31E+09 0.1662 4512.45
1.31E+09 0.1651 4509.56
1.32E+09 0.1614 4506.47
1.33E+09 0.1624 4503.43
1.33E+09 0.1652 4500.97
1.34E+09 0.1600 4498.2
1.35E+09 0.1640 4495.78
1.35E+09 0.1610 4493.15
1.36E+09 0.1628 4490.7
1.37E+09 0.1596 4487.97
1.37E+09 0.1582 4485.88
1.38E+09 0.1636 4482.91
1.38E+09 0.1614 4480.41
1.39E+09 0.1575 4477.67
1.40E+09 0.1585 4475.46
1.40E+09 0.1603 4472.97
1.41E+09 0.1550 4470.71
1.41E+09 0.1578 4469.05
1.42E+09 0.1551 4467.23
1.42E+09 0.1538 4465.61
1.43E+09 0.1527 4463.61
1.43E+09 0.1543 4461.58
1.44E+09 0.1515 4459.85
1.44E+09 0.1509 4457.8
1.45E+09 0.1516 4455.83
1.45E+09 0.1530 4453.87
1.46E+09 0.1508 4452.09
1.46E+09 0.1558 4450
1.47E+09 0.1533 4448.19
1.47E+09 0.1525 4446.3
1.48E+09 0.1503 4444.19
1.48E+09 0.1513 4442.42
1.49E+09 0.1518 4440.54
1.49E+09 0.1521 4438.19
1.50E+09 0.1526 4436.28
1.51E+09 0.1491 4434.2
1.51E+09 0.1530 4432.43
1.52E+09 0.1498 4430.15
1.52E+09 0.1484 4428.66
1.53E+09 0.1476 4426.39
1.53E+09 0.1513 4424.53
1.54E+09 0.1486 4422.78
1.54E+09 0.1451 4420.53
1.55E+09 0.1466 4418.65
1.55E+09 0.1443 4416.89
1.56E+09 0.1450 4414.95
1.56E+09 0.1488 4412.8
1.57E+09 0.1526 4410.49
1.57E+09 0.1505 4408.48
1.58E+09 0.1456 4406.02
1.59E+09 0.1479 4404.16
1.59E+09 0.1408 4401.75
1.60E+09 0.1430 4399.85
1.60E+09 0.1422 4397.83
1.61E+09 0.1425 4395.67
1.62E+09 0.1435 4393.5
1.62E+09 0.1427 4391.41
1.63E+09 0.1455 4388.93
1.64E+09 0.1448 4386.76
1.64E+09 0.1422 4384.43
1.65E+09 0.1417 4382.15
1.65E+09 0.1432 4379.95
1.66E+09 0.1440 4377.83
1.67E+09 0.1423 4376
1.67E+09 0.1404 4374.25
1.68E+09 0.1383 4372.44
1.68E+09 0.1379 4370.44
1.69E+09 0.1360 4368.61
1.69E+09 0.1398 4366.79
1.70E+09 0.1350 4364.69
1.70E+09 0.1325 4362.59
1.71E+09 0.1346 4360.77
1.71E+09 0.1336 4359.21
1.72E+09 0.1366 4357.44
1.73E+09 0.1341 4355.51
1.73E+09 0.1406 4353.49
1.74E+09 0.1404 4351.54
1.74E+09 0.1345 4349.32
1.75E+09 0.1360 4347.3
1.76E+09 0.1377 4345.37
1.76E+09 0.1365 4343.44
1.77E+09 0.1354 4341.39
1.77E+09 0.1319 4339.53
1.78E+09 0.1339 4337.43
1.78E+09 0.1326 4335.78
1.79E+09 0.1318 4333.84
1.80E+09 0.1295 4331.7
1.80E+09 0.1307 4329.94
1.81E+09 0.1315 4328.38
1.81E+09 0.1345 4326.49
1.82E+09 0.1360 4324.9
1.83E+09 0.1294 4322.4
1.83E+09 0.1278 4320.84
1.84E+09 0.1295 4318.72
1.84E+09 0.1278 4316.84
1.85E+09 0.1266 4314.71
1.85E+09 0.1293 4313.26
1.86E+09 0.1302 4311.27
1.87E+09 0.1259 4309.32
1.87E+09 0.1282 4307.4
1.88E+09 0.1287 4305.45
1.88E+09 0.1272 4303.66
1.89E+09 0.1239 4301.52
1.90E+09 0.1254 4299.55
1.90E+09 0.1236 4297.98
1.91E+09 0.1229 4296.27
1.91E+09 0.1273 4294.55
1.92E+09 0.1228 4292.58
1.93E+09 0.1274 4290.76
1.93E+09 0.1227 4288.92
1.94E+09 0.1190 4286.88
1.94E+09 0.1232 4285.01
1.95E+09 0.1244 4283.55
1.96E+09 0.1222 4281.56
1.96E+09 0.1204 4279.8
1.97E+09 0.1210 4278.12
1.97E+09 0.1199 4276.36
1.98E+09 0.1197 4274.8
1.98E+09 0.1222 4272.9
1.99E+09 0.1229 4270.98
2.00E+09 0.1211 4269.24
2.00E+09 0.1217 4267.59
2.01E+09 0.1226 4265.5
2.02E+09 0.1186 4263.54
2.02E+09 0.1188 4261.66
2.03E+09 0.1202 4259.72
2.03E+09 0.1178 4257.8
2.04E+09 0.1169 4256.4
2.05E+09 0.1210 4254.47
2.05E+09 0.1196 4252.66
2.06E+09 0.1189 4250.75
2.06E+09 0.1189 4249
2.07E+09 0.1171 4246.92
2.08E+09 0.1179 4245.41
2.08E+09 0.1192 4243.56
2.09E+09 0.1165 4241.76
2.10E+09 0.1137 4239.65
2.10E+09 0.1149 4238.19
2.11E+09 0.1147 4236.28
2.11E+09 0.1147 4234.49
2.12E+09 0.1142 4232.69
2.13E+09 0.1120 4230.76
2.13E+09 0.1101 4229.1
2.14E+09 0.1158 4227.55
2.15E+09 0.1106 4225.64
2.15E+09 0.1108 4223.99
2.16E+09 0.1108 4222.01
2.17E+09 0.1135 4220.39
2.17E+09 0.1123 4218.67
2.18E+09 0.1116 4216.84
2.18E+09 0.1139 4215
2.19E+09 0.1167 4213.78
2.20E+09 0.1130 4211.76
2.20E+09 0.1120 4210.2
2.21E+09 0.1103 4208.44
2.21E+09 0.1079 4206.73
2.22E+09 0.1085 4204.86
2.23E+09 0.1091 4203.26
2.23E+09 0.1103 4201.88
2.24E+09 0.1101 4200.01
2.24E+09 0.1086 4198.45
2.25E+09 0.1090 4196.73
2.26E+09 0.1076 4195.04
2.26E+09 0.1106 4193.47
2.27E+09 0.1054 4191.54
2.28E+09 0.1046 4189.82
2.28E+09 0.1083 4188.37
2.29E+09 0.1051 4186.55
2.30E+09 0.1042 4184.93
2.30E+09 0.1067 4183.31
2.31E+09 0.1034 4181.5
2.32E+09 0.1021 4179.81
2.32E+09 0.1076 4178.38
2.33E+09 0.1037 4176.44
2.33E+09 0.1017 4174.66
2.34E+09 0.1048 4172.95
2.35E+09 0.1022 4171.29
2.36E+09 0.1014 4169.24
2.36E+09 0.1074 4167.84
2.37E+09 0.1030 4166.05
2.37E+09 0.1036 4164.56
2.38E+09 0.0983 4162.41
2.39E+09 0.1006 4161.05
2.40E+09 0.1008 4159.12
2.40E+09 0.1016 4157.68
2.41E+09 0.1022 4156.05
2.41E+09 0.1028 4154.37
2.42E+09 0.1019 4152.78
2.43E+09 0.0990 4150.92
2.44E+09 0.0998 4149.02
2.44E+09 0.0970 4147.32
2.45E+09 0.0952 4145.14
2.46E+09 0.0990 4143.75
2.46E+09 0.0989 4142.21
2.47E+09 0.1006 4140.72
2.48E+09 0.0969 4139
2.48E+09 0.0960 4137.36
2.49E+09 0.0952 4135.48
2.50E+09 0.0956 4133.9
2.51E+09 0.1016 4132.2
2.51E+09 0.0993 4130.72
2.52E+09 0.0949 4128.85
2.53E+09 0.0961 4126.97
2.53E+09 0.0959 4125.59
2.54E+09 0.0971 4124.11
2.55E+09 0.0952 4122.35
2.55E+09 0.0919 4120.54
2.56E+09 0.0962 4118.93
2.57E+09 0.0919 4117.13
2.58E+09 0.0961 4115.73
2.58E+09 0.0913 4113.81
2.59E+09 0.0922 4112.21
2.60E+09 0.0930 4110.74
2.60E+09 0.0931 4109.15
2.61E+09 0.0902 4107.46
2.62E+09 0.0921 4106.14
2.62E+09 0.0914 4104.45
2.63E+09 0.0909 4102.88
2.64E+09 0.0896 4101.05
2.65E+09 0.0898 4099.62
2.65E+09 0.0925 4098.16
2.66E+09 0.0895 4096.44
2.67E+09 0.0897 4094.9
2.67E+09 0.0926 4093.46
2.68E+09 0.0890 4091.67
2.69E+09 0.0877 4090.08
2.69E+09 0.0926 4088.71
2.70E+09 0.0877 4086.88
2.71E+09 0.0888 4085.05
2.72E+09 0.0904 4083.66
2.73E+09 0.0873 4081.91
2.73E+09 0.0883 4080.3
2.74E+09 0.0872 4078.75
2.75E+09 0.0876 4077.12
2.75E+09 0.0885 4075.54
2.76E+09 0.0882 4074.14
2.77E+09 0.0849 4072.29
2.78E+09 0.0863 4070.78
2.78E+09 0.0863 4069.3
2.79E+09 0.0832 4067.47
2.80E+09 0.0882 4065.96
2.81E+09 0.0871 4064.4
2.82E+09 0.0843 4062.47
2.82E+09 0.0861 4060.76
2.83E+09 0.0876 4059.49
2.84E+09 0.0857 4057.76
2.85E+09 0.0837 4056.1
2.85E+09 0.0842 4054.47
2.86E+09 0.0818 4052.88
2.87E+09 0.0843 4051.24
2.88E+09 0.0824 4049.79
2.88E+09 0.0830 4048.12
2.89E+09 0.0803 4046.35
2.90E+09 0.0810 4045.06
2.91E+09 0.0826 4043.68
2.91E+09 0.0809 4041.93
2.92E+09 0.0796 4040.4
2.93E+09 0.0817 4039.03
2.94E+09 0.0825 4037.52
2.94E+09 0.0810 4036.01
2.95E+09 0.0796 4034.33
2.96E+09 0.0795 4032.85
2.97E+09 0.0794 4030.87
2.98E+09 0.0822 4029.24
2.98E+09 0.0811 4027.86
2.99E+09 0.0780 4025.96
3.00E+09 0.0777 4024.37
3.01E+09 0.0787 4022.87
3.02E+09 0.0770 4021.1
3.03E+09 0.0776 4019.82
3.03E+09 0.0782 4018.39
3.04E+09 0.0794 4016.91
3.05E+09 0.0774 4014.97
3.06E+09 0.0789 4013.55
3.07E+09 0.0778 4011.92
3.08E+09 0.0766 4010.21
3.08E+09 0.0763 4008.66
3.09E+09 0.0757 4007.35
3.10E+09 0.0748 4005.89
3.11E+09 0.0732 4004.28
3.12E+09 0.0782 4002.8
3.12E+09 0.0785 4001.34
3.13E+09 0.0743 3999.53
3.14E+09 0.0752 3998.21
3.15E+09 0.0751 3996.65
3.16E+09 0.0718 3994.93
3.17E+09 0.0736 3993.32
3.18E+09 0.0722 3991.66
3.18E+09 0.0721 3990.15
3.19E+09 0.0752 3988.96
3.20E+09 0.0746 3987.25
3.21E+09 0.0750 3986.11
3.22E+09 0.0711 3984.2
3.22E+09 0.0719 3982.67
3.23E+09 0.0702 3981.16
3.24E+09 0.0718 3979.93
3.25E+09 0.0726 3978.24
3.26E+09 0.0700 3976.54
3.27E+09 0.0693 3974.95
3.27E+09 0.0723 3973.87
3.28E+09 0.0714 3972.12
3.29E+09 0.0695 3970.57
3.30E+09 0.0714 3969
3.31E+09 0.0726 3967.71
3.32E+09 0.0683 3965.8
3.33E+09 0.0719 3964.38
3.34E+09 0.0692 3962.62
3.35E+09 0.0704 3961.08
3.36E+09 0.0691 3959.41
3.37E+09 0.0675 3957.9
3.37E+09 0.0718 3956.74
3.38E+09 0.0692 3955.15
3.39E+09 0.0683 3953.39
3.40E+09 0.0688 3952.09
3.41E+09 0.0704 3950.48
3.42E+09 0.0657 3948.54
3.43E+09 0.0646 3947.06
3.44E+09 0.0651 3945.35
3.45E+09 0.0666 3943.73
3.46E+09 0.0686 3942.4
3.47E+09 0.0666 3940.81
3.48E+09 0.0637 3938.93
3.49E+09 0.0643 3937.33
3.50E+09 0.0658 3936
3.51E+09 0.0637 3934.03
3.52E+09 0.0665 3932.72
3.53E+09 0.0637 3930.99
3.54E+09 0.0635 3929.23
3.55E+09 0.0640 3927.8
3.56E+09 0.0622 3925.95
3.57E+09 0.0628 3924.37
3.58E+09 0.0620 3922.49
3.59E+09 0.0640 3921.35
3.60E+09 0.0633 3919.83
3.61E+09 0.0629 3917.93
3.62E+09 0.0632 3916.77
3.63E+09 0.0626 3915.05
3.64E+09 0.0608 3913.61
3.65E+09 0.0615 3912.17
3.66E+09 0.0587 3910.21
3.67E+09 0.0606 3908.77
3.68E+09 0.0624 3906.89
3.70E+09 0.0615 3904.9
3.71E+09 0.0629 3903.43
3.72E+09 0.0616 3901.71
3.73E+09 0.0610 3899.82
3.74E+09 0.0573 3897.83
3.75E+09 0.0587 3896.29
3.77E+09 0.0590 3894.72
3.78E+09 0.0561 3892.86
3.79E+09 0.0584 3891.35
3.80E+09 0.0572 3889.51
3.81E+09 0.0641 3887.68
3.83E+09 0.0590 3885.16
3.84E+09 0.0590 3883.42
3.86E+09 0.0582 3881.2
3.87E+09 0.0565 3879.03
3.89E+09 0.0582 3877.29
3.90E+09 0.0575 3874.89
3.91E+09 0.0592 3873.09
3.93E+09 0.0575 3871.16
3.94E+09 0.0561 3869.57
3.95E+09 0.0550 3867.95
3.96E+09 0.0536 3866.45
3.97E+09 0.0514 3864.8
3.98E+09 0.0550 3863.71
3.99E+09 0.0521 3862.37
4.01E+09 0.0509 3860.79
4.01E+09 0.0549 3859.75
4.02E+09 0.0565 3858.42
4.03E+09 0.0533 3856.93
4.05E+09 0.0519 3855.36
4.06E+09 0.0509 3853.97
4.07E+09 0.0514 3852.53
4.08E+09 0.0511 3851.23
4.09E+09 0.0525 3849.76
4.10E+09 0.0503 3848.28
4.11E+09 0.0524 3847.02
4.12E+09 0.0515 3845.6
4.13E+09 0.0496 3844.15
4.15E+09 0.0506 3842.67
4.16E+09 0.0512 3841.22
4.17E+09 0.0535 3840
4.18E+09 0.0515 3838.51
4.19E+09 0.0501 3837.1
4.20E+09 0.0485 3835.4
4.21E+09 0.0499 3834.26
4.22E+09 0.0514 3832.92
4.23E+09 0.0511 3831.63
4.24E+09 0.0503 3830.15
4.26E+09 0.0486 3828.46
4.27E+09 0.0503 3827.49
4.28E+09 0.0497 3825.95
4.29E+09 0.0502 3824.75
4.30E+09 0.0474 3823.17
4.31E+09 0.0497 3821.94
4.32E+09 0.0471 3820.47
4.33E+09 0.0507 3819.38
4.34E+09 0.0492 3818.1
4.35E+09 0.0474 3816.69
4.37E+09 0.0459 3815.17
4.38E+09 0.0462 3813.95
4.39E+09 0.0473 3812.78
4.40E+09 0.0473 3811.35
4.41E+09 0.0479 3810.25
4.42E+09 0.0450 3808.76
4.44E+09 0.0457 3807.28
4.45E+09 0.0452 3805.86
4.46E+09 0.0468 3804.98
4.47E+09 0.0462 3803.45
4.48E+09 0.0462 3802.12
4.49E+09 0.0459 3800.86
4.50E+09 0.0447 3799.48
4.52E+09 0.0441 3798.26
4.53E+09 0.0461 3796.79
4.54E+09 0.0453 3795.14
4.56E+09 0.0449 3793.8
4.57E+09 0.0444 3792.6
4.58E+09 0.0437 3791.36
4.59E+09 0.0425 3789.82
4.60E+09 0.0452 3788.77
4.61E+09 0.0432 3787.46
4.63E+09 0.0430 3786.05
4.63E+09 0.0455 3785.12
4.65E+09 0.0426 3783.35
4.66E+09 0.0445 3782.12
4.67E+09 0.0452 3780.93
4.69E+09 0.0430 3779.46
4.70E+09 0.0428 3777.99
4.71E+09 0.0433 3776.84
4.73E+09 0.0412 3775.28
4.74E+09 0.0412 3774.08
4.75E+09 0.0421 3772.82
4.76E+09 0.0438 3771.57
4.77E+09 0.0429 3770.26
4.79E+09 0.0422 3769.05
4.80E+09 0.0434 3767.97
4.81E+09 0.0418 3766.65
4.82E+09 0.0406 3765.25
4.83E+09 0.0411 3764.08
4.84E+09 0.0420 3762.93
4.86E+09 0.0394 3761.49
4.87E+09 0.0395 3760.27
4.89E+09 0.0393 3758.87
4.90E+09 0.0394 3757.73
4.91E+09 0.0403 3756.3
4.92E+09 0.0409 3755.01
4.94E+09 0.0386 3753.3
4.95E+09 0.0387 3752.04
4.97E+09 0.0417 3750.98
4.98E+09 0.0421 3749.77
4.99E+09 0.0393 3748.39
