0.00E+00 -0.3669 4386.14
3.77E+07 0.2442 4370.7
5.30E+07 0.2805 4356.4
8.09E+07 0.2529 4330.68
1.20E+08 0.2328 4297.2
1.57E+08 0.2495 4267.22
2.05E+08 0.2472 4224.88
2.51E+08 0.2422 4186.28
2.78E+08 0.2293 4164.2
2.94E+08 0.2193 4151.52
3.10E+08 0.2139 4139.57
3.25E+08 0.2101 4128.88
3.42E+08 0.2052 4116.42
3.58E+08 0.2001 4105.13
3.71E+08 0.1952 4095.8
3.88E+08 0.1963 4084.58
4.01E+08 0.1909 4075.77
4.13E+08 0.1896 4067.9
4.29E+08 0.1871 4057
4.40E+08 0.1810 4049.97
4.51E+08 0.1788 4043.49
4.64E+08 0.1761 4035.01
4.77E+08 0.1736 4027.02
4.88E+08 0.1690 4020.92
5.01E+08 0.1669 4012.97
5.15E+08 0.1633 4005.28
5.28E+08 0.1609 3997.47
5.40E+08 0.1567 3991.28
5.51E+08 0.1542 3985.34
5.64E+08 0.1522 3978.23
5.76E+08 0.1485 3971.73
5.89E+08 0.1453 3965.4
6.02E+08 0.1413 3958.67
6.17E+08 0.1390 3951.62
6.28E+08 0.1377 3945.9
6.42E+08 0.1334 3939.61
6.55E+08 0.1305 3933.69
6.67E+08 0.1276 3927.97
6.81E+08 0.1249 3921.88
6.93E+08 0.1228 3917.02
7.05E+08 0.1204 3911.82
7.19E+08 0.1186 3906
7.35E+08 0.1161 3899.44
7.52E+08 0.1100 3892.98
7.69E+08 0.1096 3886.43
7.81E+08 0.1062 3881.72
7.95E+08 0.1030 3876.81
8.09E+08 0.1030 3871.68
8.24E+08 0.0981 3866.27
8.42E+08 0.0972 3860.27
8.55E+08 0.0958 3855.77
8.69E+08 0.0943 3851.38
8.79E+08 0.0932 3848.13
8.92E+08 0.0927 3843.95
9.05E+08 0.0905 3839.7
9.16E+08 0.0914 3836.32
9.28E+08 0.0899 3832.57
9.40E+08 0.0888 3828.8
9.52E+08 0.0889 3825.18
9.65E+08 0.0871 3821.24
9.76E+08 0.0867 3817.89
9.86E+08 0.0868 3814.78
9.99E+08 0.0850 3810.82
1.01E+09 0.0852 3807.35
1.02E+09 0.0845 3803.79
1.04E+09 0.0846 3799.86
1.05E+09 0.0823 3796.32
1.06E+09 0.0824 3793.06
1.07E+09 0.0836 3789.35
1.09E+09 0.0812 3785.63
1.10E+09 0.0811 3781.82
1.11E+09 0.0814 3778.72
1.12E+09 0.0790 3775.23
1.14E+09 0.0798 3771.43
1.15E+09 0.0796 3767.63
1.16E+09 0.0787 3764.15
1.17E+09 0.0783 3761.07
1.19E+09 0.0773 3758.03
1.20E+09 0.0758 3754.4
1.21E+09 0.0765 3751.02
1.22E+09 0.0763 3747.55
1.24E+09 0.0760 3744.13
1.25E+09 0.0743 3740.85
1.27E+09 0.0751 3736.97
1.28E+09 0.0742 3733.03
1.29E+09 0.0730 3729.51
1.31E+09 0.0724 3725.71
1.32E+09 0.0720 3722.8
1.33E+09 0.0721 3719.35
1.35E+09 0.0711 3715.92
1.36E+09 0.0728 3712.49
1.38E+09 0.0708 3708.61
1.39E+09 0.0711 3704.78
1.41E+09 0.0702 3701.13
1.42E+09 0.0694 3697.43
1.44E+09 0.0689 3694
1.45E+09 0.0678 3690.55
1.47E+09 0.0678 3687.18
1.48E+09 0.0671 3683.21
1.50E+09 0.0665 3679.48
1.51E+09 0.0659 3676.14
1.53E+09 0.0660 3672.73
1.54E+09 0.0655 3669.27
1.56E+09 0.0655 3666.04
1.57E+09 0.0644 3662.55
1.59E+09 0.0647 3658.73
1.61E+09 0.0647 3655.19
1.62E+09 0.0634 3651.67
1.64E+09 0.0627 3648.05
1.65E+09 0.0626 3644.71
1.67E+09 0.0610 3641.23
1.69E+09 0.0620 3637.69
1.70E+09 0.0608 3634.18
1.72E+09 0.0602 3630.62
1.74E+09 0.0602 3626.77
1.76E+09 0.0593 3623.35
1.77E+09 0.0589 3619.92
1.79E+09 0.0590 3616.28
1.81E+09 0.0581 3612.41
1.83E+09 0.0571 3608.38
1.85E+09 0.0566 3604.88
1.87E+09 0.0560 3601.25
1.88E+09 0.0556 3597.94
1.90E+09 0.0556 3594.47
1.92E+09 0.0544 3590.54
1.94E+09 0.0534 3586.62
1.96E+09 0.0539 3583.16
1.98E+09 0.0532 3579.89
2.00E+09 0.0529 3576.26
2.02E+09 0.0515 3573.01
2.03E+09 0.0515 3569.62
2.05E+09 0.0509 3566.52
2.07E+09 0.0505 3563.41
2.09E+09 0.0503 3559.89
2.11E+09 0.0499 3556.08
2.13E+09 0.0499 3552.59
2.15E+09 0.0487 3548.78
2.17E+09 0.0488 3545.42
2.19E+09 0.0478 3542.1
2.21E+09 0.0477 3538.89
2.23E+09 0.0470 3535.9
2.25E+09 0.0474 3532.18
2.28E+09 0.0462 3528.51
2.30E+09 0.0454 3525.03
2.32E+09 0.0455 3521.98
2.34E+09 0.0445 3518.43
2.36E+09 0.0440 3515.03
2.39E+09 0.0439 3511.5
2.41E+09 0.0441 3508.3
2.43E+09 0.0420 3505.17
2.45E+09 0.0418 3502.01
2.47E+09 0.0416 3498.84
2.49E+09 0.0415 3495.36
2.52E+09 0.0414 3491.88
2.54E+09 0.0403 3488.38
2.57E+09 0.0401 3485.25
2.59E+09 0.0399 3481.71
2.61E+09 0.0394 3478.42
2.64E+09 0.0388 3475.15
2.66E+09 0.0381 3471.88
2.69E+09 0.0386 3468.69
2.71E+09 0.0374 3465.22
2.74E+09 0.0368 3461.88
2.76E+09 0.0369 3458.88
2.79E+09 0.0366 3455.35
2.82E+09 0.0358 3452.05
2.84E+09 0.0356 3448.67
2.87E+09 0.0349 3445.17
2.90E+09 0.0350 3441.68
2.93E+09 0.0349 3438.42
2.96E+09 0.0335 3435.04
2.99E+09 0.0329 3431.76
3.01E+09 0.0330 3428.66
3.04E+09 0.0327 3425.27
3.08E+09 0.0315 3421.67
3.10E+09 0.0312 3418.73
3.13E+09 0.0309 3415.81
3.15E+09 0.0309 3413.2
3.18E+09 0.0295 3410.02
3.21E+09 0.0299 3407.21
3.24E+09 0.0296 3404.16
3.27E+09 0.0290 3400.87
3.30E+09 0.0289 3397.79
3.33E+09 0.0286 3394.84
3.37E+09 0.0280 3391.47
3.40E+09 0.0276 3388.53
3.43E+09 0.0268 3385.51
3.46E+09 0.0269 3382.51
3.50E+09 0.0266 3379.16
3.53E+09 0.0263 3376.17
3.56E+09 0.0258 3373.56
3.59E+09 0.0255 3370.63
3.62E+09 0.0256 3367.63
3.66E+09 0.0248 3364.57
3.69E+09 0.0248 3361.94
3.73E+09 0.0240 3358.88
3.76E+09 0.0239 3356.07
3.79E+09 0.0239 3353.34
3.83E+09 0.0233 3350.7
3.86E+09 0.0231 3347.67
3.90E+09 0.0230 3344.87
3.93E+09 0.0228 3342.14
3.97E+09 0.0223 3339.04
4.01E+09 0.0218 3336.09
4.04E+09 0.0217 3333.53
4.08E+09 0.0215 3330.9
4.12E+09 0.0210 3328.14
4.15E+09 0.0210 3325.66
4.19E+09 0.0206 3322.93
4.23E+09 0.0198 3320.2
4.26E+09 0.0199 3317.6
4.30E+09 0.0197 3315
4.34E+09 0.0194 3312.19
4.38E+09 0.0196 3309.54
4.42E+09 0.0195 3307.05
4.46E+09 0.0188 3304.22
4.50E+09 0.0181 3301.77
4.53E+09 0.0180 3299.54
4.57E+09 0.0181 3297.21
4.61E+09 0.0178 3294.93
4.64E+09 0.0176 3292.8
4.68E+09 0.0173 3290.27
4.73E+09 0.0172 3287.73
4.77E+09 0.0169 3285.13
4.82E+09 0.0168 3282.38
4.86E+09 0.0165 3279.87
4.91E+09 0.0158 3277.24
4.95E+09 0.0159 3274.7
4.99E+09 0.0155 3272.34
