0.00E+00 -0.6381 5470.76
1.06E+08 0.2239 5426.91
1.12E+08 0.3068 5422.49
1.22E+08 0.3138 5413.45
1.37E+08 0.2824 5400.87
1.59E+08 0.2979 5383.43
1.78E+08 0.3347 5366.14
2.28E+08 0.3144 5320.39
2.79E+08 0.3192 5275.5
3.44E+08 0.2992 5219
3.76E+08 0.3061 5190.74
4.00E+08 0.3143 5170.4
4.14E+08 0.3104 5157.46
4.26E+08 0.3127 5146.73
4.37E+08 0.3177 5137.47
4.46E+08 0.3100 5129.08
4.54E+08 0.3058 5122.29
4.62E+08 0.2970 5115.38
4.72E+08 0.2979 5107.19
4.82E+08 0.3055 5098.72
4.92E+08 0.2954 5090.46
4.98E+08 0.2927 5084.79
5.05E+08 0.2945 5079.06
5.13E+08 0.2919 5072.48
5.19E+08 0.2885 5067.85
5.24E+08 0.2848 5063.43
5.30E+08 0.2709 5058.8
5.35E+08 0.2628 5055.15
5.42E+08 0.2717 5049.61
5.51E+08 0.2693 5043.02
5.60E+08 0.2704 5036.41
5.67E+08 0.2617 5031.16
5.73E+08 0.2572 5026.32
5.80E+08 0.2453 5021.4
5.87E+08 0.2487 5016.74
5.95E+08 0.2593 5011.02
6.02E+08 0.2580 5005.88
6.10E+08 0.2741 5000.05
6.23E+08 0.2735 4990.2
6.34E+08 0.2702 4981.37
6.44E+08 0.2623 4974.31
6.52E+08 0.2504 4967.89
6.61E+08 0.2416 4962.07
6.69E+08 0.2478 4956.17
6.77E+08 0.2500 4950.96
6.87E+08 0.2563 4943.35
6.98E+08 0.2438 4936.25
7.07E+08 0.2376 4930.23
7.13E+08 0.2352 4925.64
7.20E+08 0.2365 4921.01
7.28E+08 0.2369 4915.66
7.37E+08 0.2368 4909.73
7.46E+08 0.2352 4903.8
7.54E+08 0.2491 4897.93
7.66E+08 0.2381 4889.56
7.75E+08 0.2338 4883.86
7.82E+08 0.2306 4879.33
7.87E+08 0.2224 4876.25
7.94E+08 0.2294 4871.57
8.03E+08 0.2285 4865.46
8.12E+08 0.2411 4859.57
8.21E+08 0.2342 4853.61
8.30E+08 0.2180 4847.74
8.39E+08 0.2275 4842.47
8.47E+08 0.2207 4836.84
8.56E+08 0.2262 4831.63
8.66E+08 0.2169 4825.13
8.76E+08 0.2292 4818.64
8.89E+08 0.2273 4810.53
8.97E+08 0.2199 4805.68
9.05E+08 0.2210 4800.36
9.15E+08 0.2250 4794.02
9.26E+08 0.2202 4787.55
9.37E+08 0.2132 4780.4
9.46E+08 0.2102 4774.79
9.53E+08 0.2106 4770.76
9.64E+08 0.2125 4764.06
9.73E+08 0.2126 4759
9.82E+08 0.2069 4753.4
9.91E+08 0.1990 4748.29
9.98E+08 0.2104 4744.17
1.01E+09 0.2077 4739.44
1.02E+09 0.2011 4734.37
1.02E+09 0.1997 4730.25
1.03E+09 0.2024 4725.65
1.04E+09 0.2020 4720.66
1.05E+09 0.2083 4713.81
1.06E+09 0.2038 4707.73
1.07E+09 0.1954 4702.15
1.08E+09 0.1941 4698.04
1.09E+09 0.1938 4693.99
1.09E+09 0.1958 4690.36
1.10E+09 0.1979 4685.67
1.11E+09 0.1985 4680.69
1.12E+09 0.1908 4676.76
1.12E+09 0.1841 4673.27
1.13E+09 0.1825 4670.04
1.14E+09 0.1915 4666.38
1.14E+09 0.1914 4662.21
1.15E+09 0.1839 4658.62
1.16E+09 0.1870 4654.3
1.17E+09 0.1911 4649.57
1.18E+09 0.1844 4645.63
1.18E+09 0.1859 4641.27
1.19E+09 0.1896 4636.79
1.20E+09 0.1810 4632.4
1.21E+09 0.1837 4628.51
1.22E+09 0.1832 4623.93
1.22E+09 0.1791 4620.32
1.23E+09 0.1850 4616.28
1.24E+09 0.1799 4612.22
1.25E+09 0.1743 4608.48
1.26E+09 0.1902 4604.15
1.26E+09 0.1820 4599.87
1.27E+09 0.1809 4595.56
1.28E+09 0.1792 4591.11
1.29E+09 0.1769 4587.18
1.30E+09 0.1705 4583.48
1.30E+09 0.1775 4579.87
1.31E+09 0.1756 4575.36
1.32E+09 0.1746 4571.36
1.33E+09 0.1635 4567.75
1.34E+09 0.1673 4564.51
1.34E+09 0.1732 4560.78
1.35E+09 0.1669 4557.36
1.36E+09 0.1698 4552.98
1.37E+09 0.1644 4549.05
1.38E+09 0.1619 4545.32
1.38E+09 0.1666 4541.39
1.39E+09 0.1689 4537.36
1.40E+09 0.1640 4532.97
1.41E+09 0.1691 4529.07
1.42E+09 0.1609 4525
1.43E+09 0.1619 4520.83
1.44E+09 0.1593 4517.15
1.45E+09 0.1623 4513.36
1.45E+09 0.1612 4509.63
1.46E+09 0.1583 4505.94
1.47E+09 0.1618 4502.17
1.48E+09 0.1538 4497.79
1.49E+09 0.1541 4494.13
1.50E+09 0.1533 4490.31
1.51E+09 0.1475 4486.64
1.51E+09 0.1512 4483.53
1.52E+09 0.1453 4479.83
1.53E+09 0.1556 4476.45
1.54E+09 0.1507 4473.07
1.55E+09 0.1499 4469.47
1.55E+09 0.1444 4466.02
1.56E+09 0.1526 4462.12
1.57E+09 0.1525 4458.56
1.58E+09 0.1512 4455.17
1.59E+09 0.1467 4451.15
1.60E+09 0.1445 4447.89
1.61E+09 0.1448 4444.34
1.61E+09 0.1522 4441.01
1.62E+09 0.1467 4436.92
1.63E+09 0.1472 4433.07
1.64E+09 0.1389 4429.13
1.65E+09 0.1485 4425.73
1.66E+09 0.1412 4421.69
1.67E+09 0.1451 4417.44
1.68E+09 0.1422 4413.61
1.69E+09 0.1458 4409.75
1.70E+09 0.1451 4406.1
1.71E+09 0.1366 4402.71
1.72E+09 0.1422 4398.65
1.73E+09 0.1453 4395.12
1.73E+09 0.1409 4391.76
1.74E+09 0.1333 4388.13
1.75E+09 0.1309 4385.2
1.76E+09 0.1320 4381.95
1.77E+09 0.1330 4378.81
1.78E+09 0.1371 4375.22
1.79E+09 0.1311 4371.61
1.80E+09 0.1327 4367.99
1.80E+09 0.1273 4365.11
1.81E+09 0.1301 4361.82
1.82E+09 0.1295 4358.77
1.83E+09 0.1292 4355.44
1.84E+09 0.1283 4352.11
1.85E+09 0.1286 4348.91
1.86E+09 0.1217 4345.75
1.87E+09 0.1280 4342.33
1.88E+09 0.1257 4339.18
1.89E+09 0.1272 4336.19
1.89E+09 0.1242 4332.95
1.90E+09 0.1263 4329.34
1.91E+09 0.1283 4325.73
1.92E+09 0.1257 4322.39
1.93E+09 0.1278 4318.64
1.94E+09 0.1220 4315.04
1.95E+09 0.1252 4311.45
1.96E+09 0.1225 4308.23
1.97E+09 0.1159 4305.13
1.98E+09 0.1108 4302.1
1.99E+09 0.1150 4299.1
2.00E+09 0.1149 4296.19
2.01E+09 0.1151 4293.26
2.02E+09 0.1122 4290.32
2.03E+09 0.1151 4287.43
2.04E+09 0.1144 4284.42
2.05E+09 0.1145 4281.52
2.06E+09 0.1121 4278.39
2.07E+09 0.1109 4275.35
2.07E+09 0.1132 4272.8
2.08E+09 0.1064 4269.97
2.09E+09 0.1139 4266.85
2.10E+09 0.1109 4263.84
2.11E+09 0.1123 4260.75
2.12E+09 0.1105 4257.57
2.13E+09 0.1093 4254.51
2.14E+09 0.1030 4252.09
2.15E+09 0.1086 4249.1
2.16E+09 0.1048 4246.49
2.17E+09 0.1056 4243.53
2.18E+09 0.1102 4240.58
2.19E+09 0.1030 4237.56
2.20E+09 0.1071 4234.47
2.21E+09 0.1036 4231.75
2.22E+09 0.1027 4228.7
2.23E+09 0.1069 4225.8
2.24E+09 0.1002 4223.21
2.25E+09 0.1011 4220.19
2.26E+09 0.0994 4217.6
2.27E+09 0.1065 4214.71
2.28E+09 0.1114 4211.3
2.29E+09 0.1087 4208.22
2.30E+09 0.1041 4205.16
2.31E+09 0.1003 4202.3
2.32E+09 0.0988 4199.39
2.33E+09 0.0991 4196.82
2.34E+09 0.0971 4193.99
2.35E+09 0.1023 4190.95
2.36E+09 0.0974 4187.99
2.37E+09 0.0975 4185.13
2.38E+09 0.0982 4182.02
2.39E+09 0.0952 4179.03
2.40E+09 0.0950 4176.06
2.41E+09 0.0922 4173.28
2.42E+09 0.0924 4170.57
2.43E+09 0.0940 4167.82
2.45E+09 0.0896 4165.02
2.45E+09 0.0898 4162.62
2.46E+09 0.0928 4160.01
2.47E+09 0.0908 4157.39
2.49E+09 0.0895 4154.7
2.50E+09 0.0902 4151.96
2.51E+09 0.0872 4149.17
2.52E+09 0.0895 4146.54
2.53E+09 0.0899 4143.64
2.54E+09 0.0853 4140.85
2.55E+09 0.0859 4138.19
2.56E+09 0.0884 4135.65
2.57E+09 0.0871 4133.04
2.59E+09 0.0872 4129.87
2.60E+09 0.0883 4127.23
2.61E+09 0.0910 4124.62
2.62E+09 0.0873 4121.46
2.63E+09 0.0856 4118.8
2.64E+09 0.0883 4115.83
2.66E+09 0.0866 4112.45
2.67E+09 0.0880 4109.5
2.68E+09 0.0883 4106.56
2.69E+09 0.0845 4103.75
2.70E+09 0.0812 4100.99
2.71E+09 0.0781 4098.6
2.73E+09 0.0823 4095.98
2.74E+09 0.0835 4093.45
2.75E+09 0.0804 4090.88
2.76E+09 0.0806 4088.08
2.77E+09 0.0757 4085.4
2.78E+09 0.0763 4082.89
2.79E+09 0.0767 4080.64
2.80E+09 0.0810 4078.06
2.82E+09 0.0784 4075.48
2.83E+09 0.0794 4073.17
2.84E+09 0.0777 4070.35
2.85E+09 0.0750 4068.02
2.86E+09 0.0741 4065.43
2.87E+09 0.0759 4063.1
2.89E+09 0.0736 4060.71
2.90E+09 0.0774 4057.93
2.91E+09 0.0722 4055.07
2.92E+09 0.0715 4052.42
2.94E+09 0.0702 4049.89
2.95E+09 0.0745 4047.62
2.96E+09 0.0728 4045.03
2.97E+09 0.0723 4042.61
2.99E+09 0.0700 4040.13
3.00E+09 0.0736 4037.46
3.01E+09 0.0689 4034.81
3.02E+09 0.0706 4032.37
3.03E+09 0.0689 4030.28
3.05E+09 0.0679 4027.75
3.06E+09 0.0689 4025.44
3.07E+09 0.0700 4023.29
3.08E+09 0.0659 4020.84
3.10E+09 0.0675 4018.41
3.11E+09 0.0649 4016.11
3.12E+09 0.0683 4013.79
3.13E+09 0.0668 4011.65
3.15E+09 0.0692 4008.89
3.16E+09 0.0679 4005.97
3.17E+09 0.0680 4003.46
3.19E+09 0.0674 4000.31
3.21E+09 0.0677 3997.63
3.22E+09 0.0693 3995.09
3.23E+09 0.0649 3992.15
3.25E+09 0.0655 3989.37
3.27E+09 0.0673 3986.31
3.28E+09 0.0690 3983.75
3.29E+09 0.0629 3981.25
3.31E+09 0.0601 3978.57
3.32E+09 0.0581 3976.5
3.33E+09 0.0602 3974.11
3.35E+09 0.0612 3971.95
3.36E+09 0.0641 3969.31
3.38E+09 0.0639 3966.56
3.39E+09 0.0645 3963.72
3.41E+09 0.0657 3960.65
3.43E+09 0.0651 3957.45
3.44E+09 0.0632 3954.18
3.46E+09 0.0625 3950.92
3.48E+09 0.0646 3947.8
3.50E+09 0.0615 3944.22
3.52E+09 0.0605 3940.52
3.54E+09 0.0611 3937.36
3.56E+09 0.0591 3934.4
3.58E+09 0.0590 3931.11
3.60E+09 0.0573 3927.81
3.62E+09 0.0578 3924.33
3.64E+09 0.0556 3921.52
3.66E+09 0.0527 3918.52
3.67E+09 0.0508 3916.67
3.68E+09 0.0524 3914.46
3.70E+09 0.0528 3912.41
3.71E+09 0.0499 3910.25
3.73E+09 0.0483 3908.14
3.75E+09 0.0476 3905.92
3.76E+09 0.0511 3903.93
3.77E+09 0.0512 3901.8
3.79E+09 0.0488 3899.83
3.80E+09 0.0502 3897.79
3.82E+09 0.0487 3895.67
3.83E+09 0.0490 3893.37
3.85E+09 0.0494 3891.45
3.86E+09 0.0469 3889.36
3.88E+09 0.0465 3887.59
3.89E+09 0.0511 3885.16
3.91E+09 0.0478 3883.28
3.93E+09 0.0454 3880.83
3.94E+09 0.0478 3878.7
3.96E+09 0.0473 3876.6
3.97E+09 0.0464 3874.57
3.99E+09 0.0468 3872.5
4.00E+09 0.0454 3870.61
4.02E+09 0.0462 3868.45
4.04E+09 0.0421 3866.24
4.05E+09 0.0437 3864.52
4.07E+09 0.0460 3862.42
4.08E+09 0.0461 3860.55
4.10E+09 0.0438 3858.31
4.12E+09 0.0441 3856.25
4.13E+09 0.0423 3854.24
4.15E+09 0.0420 3852.07
4.17E+09 0.0457 3850.15
4.18E+09 0.0443 3848.27
4.20E+09 0.0414 3846.09
4.22E+09 0.0394 3844.07
4.24E+09 0.0397 3842.07
4.25E+09 0.0438 3840.14
4.27E+09 0.0435 3837.9
4.29E+09 0.0389 3835.81
4.31E+09 0.0384 3833.7
4.32E+09 0.0432 3831.8
4.34E+09 0.0418 3829.64
4.36E+09 0.0381 3827.25
4.38E+09 0.0409 3825.34
4.40E+09 0.0400 3823.61
4.41E+09 0.0390 3821.44
4.43E+09 0.0381 3819.56
4.45E+09 0.0414 3817.63
4.47E+09 0.0386 3815.8
4.49E+09 0.0375 3813.65
4.50E+09 0.0401 3811.71
4.52E+09 0.0377 3809.88
4.54E+09 0.0404 3807.98
4.56E+09 0.0373 3805.96
4.58E+09 0.0367 3803.9
4.59E+09 0.0375 3802.01
4.61E+09 0.0368 3800.26
4.63E+09 0.0372 3798.14
4.64E+09 0.0387 3796.56
4.66E+09 0.0370 3794.56
4.68E+09 0.0338 3792.52
4.70E+09 0.0363 3790.45
4.72E+09 0.0360 3788.66
4.74E+09 0.0349 3786.72
4.76E+09 0.0371 3784.81
4.78E+09 0.0340 3782.69
4.80E+09 0.0332 3780.83
4.82E+09 0.0351 3779.15
4.84E+09 0.0345 3777.34
4.86E+09 0.0346 3775.51
4.87E+09 0.0334 3773.84
4.89E+09 0.0362 3771.8
4.91E+09 0.0346 3770.22
4.93E+09 0.0330 3767.89
4.95E+09 0.0335 3766.22
4.97E+09 0.0330 3764.54
4.99E+09 0.0326 3762.52
