0.00E+00 -0.8005 5864.3
1.42E+08 0.2298 5763.44
1.87E+08 0.2267 5726.6
2.21E+08 0.2317 5699.23
2.50E+08 0.2357 5677.07
2.79E+08 0.2150 5654.6
2.99E+08 0.2201 5640.17
3.21E+08 0.2088 5623.95
3.41E+08 0.2055 5610.19
3.59E+08 0.2069 5597.69
3.79E+08 0.1980 5584.1
3.97E+08 0.1982 5572.56
4.15E+08 0.1979 5560.88
4.30E+08 0.1977 5550.53
4.44E+08 0.2006 5541.56
4.52E+08 0.2249 5535.88
4.54E+08 0.2636 5534.12
4.58E+08 0.3680 5530.15
4.68E+08 0.3433 5518.13
4.93E+08 0.2952 5491.38
5.27E+08 0.2876 5459.2
5.54E+08 0.2921 5432.72
5.73E+08 0.2970 5414.64
5.88E+08 0.3280 5398.69
6.24E+08 0.3052 5361.34
6.49E+08 0.3065 5335.36
6.72E+08 0.3093 5312.59
6.97E+08 0.2968 5286.33
7.36E+08 0.2687 5249.36
7.77E+08 0.2406 5214.49
8.18E+08 0.2202 5183.27
8.60E+08 0.2334 5152.5
8.93E+08 0.2318 5126.36
9.21E+08 0.2679 5103.3
9.58E+08 0.2669 5069.61
9.81E+08 0.2555 5049.82
9.93E+08 0.2518 5039.18
1.01E+09 0.2304 5027.49
1.02E+09 0.2323 5017.37
1.03E+09 0.2291 5007.05
1.05E+09 0.2354 4993.89
1.07E+09 0.2240 4981.81
1.08E+09 0.2202 4972.53
1.09E+09 0.2165 4962.79
1.11E+09 0.2184 4953.71
1.12E+09 0.2194 4943.55
1.13E+09 0.2149 4933.99
1.15E+09 0.2090 4924.74
1.16E+09 0.2083 4914.69
1.18E+09 0.2084 4904.21
1.19E+09 0.2100 4895.18
1.20E+09 0.2042 4886.69
1.21E+09 0.1936 4877.82
1.23E+09 0.1934 4867.86
1.24E+09 0.1924 4861.29
1.25E+09 0.1915 4854.67
1.26E+09 0.1975 4845.6
1.28E+09 0.1962 4837.04
1.29E+09 0.1915 4827.39
1.30E+09 0.1963 4820.34
1.32E+09 0.1830 4812.79
1.33E+09 0.1778 4805.96
1.34E+09 0.1872 4798.18
1.35E+09 0.1801 4788.95
1.37E+09 0.1728 4781.92
1.38E+09 0.1723 4775.63
1.39E+09 0.1806 4768.11
1.41E+09 0.1720 4758.55
1.42E+09 0.1736 4751.94
1.43E+09 0.1629 4744.21
1.45E+09 0.1669 4734.85
1.46E+09 0.1762 4727.93
1.48E+09 0.1696 4719.26
1.49E+09 0.1673 4710.24
1.51E+09 0.1566 4702.8
1.52E+09 0.1539 4695.82
1.53E+09 0.1569 4689.01
1.55E+09 0.1597 4681.91
1.56E+09 0.1542 4676.15
1.57E+09 0.1458 4669.37
1.58E+09 0.1585 4664.02
1.60E+09 0.1487 4657.13
1.61E+09 0.1543 4650.41
1.63E+09 0.1344 4642.38
1.64E+09 0.1472 4637.15
1.65E+09 0.1460 4630.09
1.67E+09 0.1414 4623.19
1.68E+09 0.1388 4617.18
1.69E+09 0.1418 4610.72
1.71E+09 0.1323 4602.73
1.72E+09 0.1395 4596.12
1.74E+09 0.1359 4589.61
1.76E+09 0.1334 4581.17
1.77E+09 0.1313 4574.09
1.79E+09 0.1381 4567.97
1.81E+09 0.1282 4559.58
1.82E+09 0.1306 4552.11
1.84E+09 0.1283 4544.87
1.86E+09 0.1279 4537.15
1.87E+09 0.1203 4531.35
1.89E+09 0.1229 4524.62
1.91E+09 0.1244 4517.48
1.92E+09 0.1220 4510.71
1.94E+09 0.1156 4502.45
1.96E+09 0.1099 4496.48
1.98E+09 0.1110 4490.18
2.00E+09 0.1180 4482.99
2.02E+09 0.1123 4475.24
2.04E+09 0.1049 4468.73
2.05E+09 0.1077 4462.77
2.07E+09 0.1085 4456.89
2.09E+09 0.1047 4450.35
2.10E+09 0.1038 4444.16
2.13E+09 0.1021 4436.68
2.15E+09 0.0998 4430.37
2.17E+09 0.1009 4423.63
2.19E+09 0.0980 4416.15
2.21E+09 0.0957 4409.45
2.23E+09 0.0959 4403.66
2.25E+09 0.0928 4397.17
2.27E+09 0.0913 4391.37
2.29E+09 0.0882 4385.42
2.31E+09 0.0893 4379.15
2.33E+09 0.0912 4372.19
2.35E+09 0.0864 4365.21
2.38E+09 0.0844 4358.62
2.40E+09 0.0828 4351.81
2.42E+09 0.0823 4345.5
2.45E+09 0.0852 4339.58
2.47E+09 0.0809 4333.15
2.49E+09 0.0801 4327.34
2.51E+09 0.0773 4321.94
2.53E+09 0.0724 4316.02
2.56E+09 0.0767 4310.52
2.58E+09 0.0710 4304.3
2.61E+09 0.0700 4298.12
2.63E+09 0.0728 4291.89
2.66E+09 0.0689 4285.79
2.68E+09 0.0738 4280.05
2.71E+09 0.0654 4273.92
2.74E+09 0.0715 4268.41
2.76E+09 0.0627 4262.93
2.79E+09 0.0630 4257.19
2.81E+09 0.0629 4251.47
2.84E+09 0.0645 4246.42
2.87E+09 0.0651 4240.6
2.89E+09 0.0627 4234.67
2.92E+09 0.0618 4228.25
2.95E+09 0.0583 4222.69
2.98E+09 0.0544 4217.31
3.01E+09 0.0591 4211.85
3.04E+09 0.0563 4206.1
3.07E+09 0.0517 4200.72
3.10E+09 0.0556 4195.45
3.13E+09 0.0509 4190.1
3.16E+09 0.0513 4185.09
3.19E+09 0.0541 4179.58
3.22E+09 0.0497 4174.19
3.25E+09 0.0476 4168.75
3.28E+09 0.0512 4163.87
3.32E+09 0.0441 4158.75
3.35E+09 0.0462 4153.74
3.38E+09 0.0456 4148.47
3.42E+09 0.0439 4143.6
3.45E+09 0.0422 4138.84
3.48E+09 0.0428 4134.15
3.52E+09 0.0429 4129.28
3.55E+09 0.0403 4124.57
3.58E+09 0.0428 4120.02
3.62E+09 0.0399 4114.83
3.66E+09 0.0386 4110.22
3.69E+09 0.0380 4105.65
3.73E+09 0.0371 4101.13
3.77E+09 0.0347 4096.55
3.80E+09 0.0375 4092.31
3.84E+09 0.0349 4087.67
3.88E+09 0.0350 4083.32
3.91E+09 0.0334 4079.25
3.95E+09 0.0351 4075.31
3.98E+09 0.0318 4071.22
4.02E+09 0.0327 4067.13
4.06E+09 0.0298 4063.26
4.10E+09 0.0298 4059.34
4.14E+09 0.0297 4055.68
4.17E+09 0.0304 4052.05
4.21E+09 0.0277 4048.43
4.25E+09 0.0293 4044.84
4.28E+09 0.0259 4041.48
4.32E+09 0.0263 4038.26
4.35E+09 0.0250 4035.3
4.39E+09 0.0269 4031.92
4.43E+09 0.0257 4028.75
4.46E+09 0.0248 4025.82
4.50E+09 0.0272 4022.87
4.54E+09 0.0245 4019.58
4.57E+09 0.0245 4016.76
4.61E+09 0.0227 4013.8
4.65E+09 0.0240 4010.52
4.69E+09 0.0213 4007.51
4.73E+09 0.0225 4004.57
4.77E+09 0.0241 4001.64
4.81E+09 0.0194 3998.53
4.85E+09 0.0217 3995.69
4.89E+09 0.0196 3992.83
4.94E+09 0.0195 3989.69
4.99E+09 0.0203 3986.71
