0.00E+00 -0.3408 4102.3
4.79E+07 0.1867 4085.9
6.07E+07 0.2312 4077.01
7.80E+07 0.2401 4063.17
1.07E+08 0.2163 4041.37
1.51E+08 0.2152 4011.91
1.95E+08 0.2143 3979.9
2.40E+08 0.2150 3947.82
2.73E+08 0.1982 3925.57
2.94E+08 0.1886 3911.67
3.13E+08 0.1787 3900.28
3.28E+08 0.1724 3891.56
3.42E+08 0.1754 3883.6
3.59E+08 0.1689 3873.8
3.78E+08 0.1649 3863.13
3.93E+08 0.1581 3855.13
4.04E+08 0.1525 3849.71
4.18E+08 0.1516 3842.66
4.33E+08 0.1489 3835.02
4.45E+08 0.1469 3829.3
4.56E+08 0.1428 3823.86
4.68E+08 0.1397 3818.32
4.81E+08 0.1367 3812.28
4.94E+08 0.1323 3806.53
5.08E+08 0.1285 3800.29
5.20E+08 0.1263 3795.56
5.31E+08 0.1249 3790.65
5.45E+08 0.1212 3785.27
5.58E+08 0.1169 3779.92
5.71E+08 0.1146 3775.11
5.83E+08 0.1111 3770.56
5.94E+08 0.1078 3766.36
6.08E+08 0.1069 3761.39
6.20E+08 0.1041 3757.46
6.34E+08 0.1005 3752.54
6.50E+08 0.0970 3747.3
6.65E+08 0.0955 3742.72
6.77E+08 0.0932 3738.83
6.93E+08 0.0885 3734.11
7.10E+08 0.0861 3729.02
7.26E+08 0.0827 3724.58
7.42E+08 0.0803 3720.44
7.59E+08 0.0784 3715.99
7.70E+08 0.0752 3713.16
7.89E+08 0.0727 3708.42
8.08E+08 0.0699 3704.05
8.28E+08 0.0668 3699.5
8.49E+08 0.0639 3694.92
8.69E+08 0.0619 3690.7
8.88E+08 0.0584 3686.92
9.06E+08 0.0568 3683.43
9.24E+08 0.0550 3680.19
9.39E+08 0.0530 3677.39
9.55E+08 0.0527 3674.58
9.69E+08 0.0501 3672.25
9.81E+08 0.0509 3670.14
9.96E+08 0.0502 3667.74
1.01E+09 0.0501 3665.27
1.02E+09 0.0489 3663.01
1.04E+09 0.0490 3660.67
1.05E+09 0.0488 3658.44
1.06E+09 0.0487 3656.61
1.08E+09 0.0485 3654.69
1.09E+09 0.0482 3652.76
1.10E+09 0.0479 3650.17
1.12E+09 0.0485 3647.97
1.13E+09 0.0476 3645.85
1.14E+09 0.0481 3643.72
1.16E+09 0.0489 3641.28
1.18E+09 0.0471 3638.65
1.19E+09 0.0481 3636.05
1.21E+09 0.0469 3633.21
1.22E+09 0.0461 3631.12
1.24E+09 0.0462 3628.36
1.26E+09 0.0457 3625.67
1.28E+09 0.0452 3623.18
1.29E+09 0.0449 3620.69
1.31E+09 0.0444 3617.97
1.32E+09 0.0439 3616.39
1.34E+09 0.0431 3614.54
1.35E+09 0.0443 3612.34
1.36E+09 0.0429 3610.76
1.38E+09 0.0429 3608.56
1.39E+09 0.0427 3606.08
1.41E+09 0.0431 3603.38
1.43E+09 0.0416 3600.88
1.45E+09 0.0418 3598.27
1.47E+09 0.0416 3595.94
1.49E+09 0.0412 3593.47
1.51E+09 0.0406 3590.67
1.53E+09 0.0400 3587.89
1.54E+09 0.0392 3585.81
1.56E+09 0.0397 3583.75
1.58E+09 0.0386 3581.27
1.60E+09 0.0392 3578.71
1.62E+09 0.0384 3575.98
1.64E+09 0.0374 3573.26
1.66E+09 0.0372 3570.55
1.68E+09 0.0372 3568.16
1.70E+09 0.0364 3565.59
1.72E+09 0.0363 3563.29
1.74E+09 0.0364 3560.72
1.76E+09 0.0354 3558.21
1.78E+09 0.0353 3555.9
1.81E+09 0.0346 3553.34
1.83E+09 0.0348 3550.75
1.85E+09 0.0343 3548.01
1.88E+09 0.0334 3545.45
1.90E+09 0.0332 3542.82
1.92E+09 0.0335 3540.16
1.95E+09 0.0322 3537.8
1.97E+09 0.0322 3535.4
1.99E+09 0.0319 3532.9
2.02E+09 0.0312 3530.21
2.04E+09 0.0306 3528.07
2.06E+09 0.0306 3525.88
2.08E+09 0.0306 3523.53
2.10E+09 0.0303 3521.27
2.13E+09 0.0304 3518.77
2.16E+09 0.0294 3516.05
2.18E+09 0.0292 3513.68
2.21E+09 0.0294 3511.37
2.23E+09 0.0283 3508.9
2.26E+09 0.0279 3506.49
2.28E+09 0.0279 3503.93
2.31E+09 0.0273 3501.51
2.34E+09 0.0276 3499.1
2.37E+09 0.0267 3496.53
2.39E+09 0.0262 3494.42
2.41E+09 0.0261 3492.41
2.44E+09 0.0259 3490.27
2.47E+09 0.0252 3487.87
2.50E+09 0.0251 3485.25
2.52E+09 0.0257 3482.97
2.55E+09 0.0248 3480.54
2.58E+09 0.0247 3478.09
2.61E+09 0.0242 3475.63
2.64E+09 0.0241 3473.34
2.67E+09 0.0239 3471.01
2.70E+09 0.0235 3468.63
2.73E+09 0.0228 3466.38
2.76E+09 0.0232 3464
2.79E+09 0.0227 3461.73
2.82E+09 0.0221 3459.46
2.85E+09 0.0221 3457.18
2.88E+09 0.0217 3454.84
2.91E+09 0.0217 3452.76
2.95E+09 0.0216 3450.45
2.98E+09 0.0216 3448.14
3.01E+09 0.0211 3445.89
3.04E+09 0.0208 3443.59
3.07E+09 0.0212 3441.57
3.10E+09 0.0201 3439.38
3.14E+09 0.0201 3437.13
3.17E+09 0.0199 3434.97
3.21E+09 0.0195 3432.52
3.24E+09 0.0197 3430.25
3.28E+09 0.0190 3427.93
3.32E+09 0.0186 3425.63
3.35E+09 0.0183 3423.36
3.39E+09 0.0185 3421.08
3.43E+09 0.0177 3418.77
3.47E+09 0.0176 3416.43
3.51E+09 0.0178 3414.24
3.55E+09 0.0172 3412
3.58E+09 0.0169 3409.81
3.62E+09 0.0166 3407.63
3.66E+09 0.0163 3405.49
3.70E+09 0.0162 3403.52
3.74E+09 0.0159 3401.39
3.78E+09 0.0162 3399.27
3.82E+09 0.0159 3397.22
3.85E+09 0.0157 3395.27
3.90E+09 0.0158 3393.19
3.94E+09 0.0154 3390.98
3.98E+09 0.0151 3388.72
4.03E+09 0.0150 3386.54
4.07E+09 0.0146 3384.31
4.12E+09 0.0144 3382.14
4.16E+09 0.0143 3380.06
4.20E+09 0.0142 3377.97
4.25E+09 0.0141 3376.06
4.29E+09 0.0139 3373.93
4.34E+09 0.0135 3371.86
4.38E+09 0.0137 3369.68
4.43E+09 0.0137 3367.6
4.48E+09 0.0138 3365.47
4.52E+09 0.0134 3363.37
4.57E+09 0.0135 3361.38
4.61E+09 0.0135 3359.39
4.66E+09 0.0135 3357.34
4.71E+09 0.0136 3355.21
4.75E+09 0.0133 3353.19
4.80E+09 0.0130 3351.05
4.85E+09 0.0133 3349.05
4.89E+09 0.0132 3347.11
4.94E+09 0.0132 3345.05
4.98E+09 0.0131 3343.06
