0.00E+00 -0.6590 5443.28
2.01E+08 0.1854 5306.75
2.66E+08 0.1701 5258.69
3.24E+08 0.1619 5218.29
3.74E+08 0.1551 5184.82
4.22E+08 0.1398 5154.34
4.53E+08 0.1401 5134.9
4.89E+08 0.1340 5113.52
5.18E+08 0.1296 5096.82
5.48E+08 0.1244 5080.49
5.74E+08 0.1247 5066.14
5.98E+08 0.1284 5053.15
6.11E+08 0.1543 5045.89
6.15E+08 0.2275 5042.13
6.37E+08 0.2165 5019.67
6.84E+08 0.1912 4978.39
7.53E+08 0.1814 4923.12
7.99E+08 0.1839 4886.4
8.42E+08 0.1724 4851.23
9.18E+08 0.1700 4795.24
9.79E+08 0.1819 4748.57
1.04E+09 0.1483 4706.93
1.13E+09 0.1493 4653.02
1.22E+09 0.1454 4589.95
1.32E+09 0.1327 4526.14
1.38E+09 0.1127 4496.4
1.40E+09 0.1049 4486.12
1.42E+09 0.1105 4474.77
1.45E+09 0.1140 4462.58
1.48E+09 0.1087 4448.63
1.50E+09 0.1052 4438.42
1.52E+09 0.0977 4428.53
1.55E+09 0.1057 4418.23
1.57E+09 0.1029 4407.72
1.59E+09 0.0961 4399.36
1.61E+09 0.0885 4390.87
1.63E+09 0.0912 4383.91
1.65E+09 0.0961 4374.35
1.67E+09 0.0884 4366.83
1.69E+09 0.0933 4357.23
1.71E+09 0.0894 4351.37
1.73E+09 0.0848 4342.22
1.75E+09 0.0791 4335.87
1.77E+09 0.0796 4329.24
1.79E+09 0.0799 4321.98
1.81E+09 0.0784 4315.4
1.83E+09 0.0783 4306.88
1.86E+09 0.0807 4297.8
1.88E+09 0.0764 4290.72
1.90E+09 0.0752 4283.54
1.93E+09 0.0733 4274.91
1.95E+09 0.0674 4267.43
1.97E+09 0.0681 4262.32
1.99E+09 0.0625 4256.85
2.01E+09 0.0697 4251.03
2.03E+09 0.0649 4243.59
2.06E+09 0.0685 4237.58
2.08E+09 0.0660 4229.48
2.10E+09 0.0605 4223.73
2.12E+09 0.0670 4218
2.15E+09 0.0615 4211.29
2.18E+09 0.0612 4203.11
2.20E+09 0.0578 4196.31
2.23E+09 0.0515 4190.62
2.25E+09 0.0593 4185.32
2.28E+09 0.0523 4178.27
2.31E+09 0.0517 4171.68
2.33E+09 0.0579 4166.09
2.37E+09 0.0476 4158.03
2.40E+09 0.0514 4151.07
2.43E+09 0.0449 4145.55
2.45E+09 0.0472 4140.76
2.48E+09 0.0534 4134.16
2.51E+09 0.0444 4127.58
2.55E+09 0.0424 4120.33
2.58E+09 0.0395 4115.75
2.61E+09 0.0449 4109.64
2.64E+09 0.0392 4103.5
2.67E+09 0.0429 4098.11
2.72E+09 0.0389 4090.48
2.76E+09 0.0415 4083.96
2.79E+09 0.0350 4078.48
2.82E+09 0.0353 4072.85
2.87E+09 0.0338 4065.64
2.91E+09 0.0339 4059.42
2.95E+09 0.0338 4053.92
3.00E+09 0.0331 4047.06
3.03E+09 0.0294 4041.82
3.07E+09 0.0285 4036.8
3.12E+09 0.0292 4031.39
3.16E+09 0.0290 4025.76
3.21E+09 0.0262 4019.37
3.26E+09 0.0284 4013.61
3.30E+09 0.0267 4008.56
3.36E+09 0.0254 4003.03
3.40E+09 0.0249 3998.18
3.45E+09 0.0226 3993.12
3.49E+09 0.0231 3988.18
3.55E+09 0.0228 3982.82
3.60E+09 0.0204 3977.54
3.66E+09 0.0224 3972.52
3.72E+09 0.0199 3967.16
3.77E+09 0.0193 3962.46
3.82E+09 0.0175 3958.63
3.87E+09 0.0181 3954.4
3.93E+09 0.0188 3949.89
3.98E+09 0.0171 3945.65
4.05E+09 0.0183 3941.05
4.10E+09 0.0157 3936.67
4.16E+09 0.0168 3932.42
4.22E+09 0.0153 3928.42
4.28E+09 0.0153 3924.5
4.34E+09 0.0143 3920.25
4.41E+09 0.0144 3916.35
4.47E+09 0.0131 3912.45
4.54E+09 0.0127 3908.81
4.60E+09 0.0106 3905.44
4.67E+09 0.0139 3902.17
4.72E+09 0.0112 3899.02
4.79E+09 0.0119 3895.91
4.85E+09 0.0114 3892.78
4.91E+09 0.0116 3889.36
4.98E+09 0.0115 3886.15
