0.00E+00 -0.8921 6219.32
1.65E+08 0.2594 6035.98
2.23E+08 0.2499 5966.52
2.68E+08 0.2423 5914.85
3.08E+08 0.2254 5870.3
3.41E+08 0.2248 5835.89
3.73E+08 0.2156 5803.8
3.99E+08 0.2071 5777.7
4.24E+08 0.2049 5753.95
4.51E+08 0.1960 5728.86
4.74E+08 0.1964 5708.29
4.96E+08 0.1890 5688.64
5.19E+08 0.1845 5668.56
5.41E+08 0.1856 5649.87
5.63E+08 0.1783 5631.27
5.83E+08 0.1775 5614.88
6.04E+08 0.1741 5597.81
6.23E+08 0.1751 5582.68
6.43E+08 0.1710 5566.44
6.63E+08 0.1684 5550.88
6.81E+08 0.1667 5536.47
6.99E+08 0.1650 5523.03
7.15E+08 0.1642 5510.64
7.31E+08 0.1707 5498.74
7.45E+08 0.1804 5487.56
7.50E+08 0.2026 5482.66
7.53E+08 0.2626 5479.9
7.57E+08 0.3084 5473.87
7.77E+08 0.2789 5447.56
8.19E+08 0.2622 5394.69
8.53E+08 0.2555 5354.14
8.88E+08 0.2695 5312.6
9.24E+08 0.2326 5272.72
9.84E+08 0.2065 5211.4
1.06E+09 0.1836 5141.12
1.16E+09 0.1536 5065.95
1.24E+09 0.1926 4995.05
1.34E+09 0.1665 4919.51
1.45E+09 0.1766 4826.82
1.53E+09 0.1528 4760.94
1.60E+09 0.1366 4716.09
1.65E+09 0.1172 4685.04
1.68E+09 0.1311 4669.59
1.70E+09 0.1183 4655.87
1.73E+09 0.1110 4642.3
1.75E+09 0.1176 4629.87
1.77E+09 0.1073 4619.98
1.80E+09 0.0876 4608.05
1.82E+09 0.1050 4598.18
1.84E+09 0.0940 4587.64
1.87E+09 0.1067 4576.86
1.89E+09 0.0990 4564.52
1.92E+09 0.0924 4552.44
1.94E+09 0.0795 4543.96
1.97E+09 0.0956 4533.89
1.99E+09 0.0880 4525.01
2.01E+09 0.0915 4514.71
2.04E+09 0.0821 4502.69
2.07E+09 0.0776 4493.99
2.10E+09 0.0831 4482.78
2.13E+09 0.0790 4471.2
2.16E+09 0.0700 4461.48
2.18E+09 0.0810 4454.18
2.20E+09 0.0677 4445.63
2.24E+09 0.0720 4434.47
2.26E+09 0.0720 4425.41
2.29E+09 0.0634 4416.87
2.33E+09 0.0598 4407.51
2.35E+09 0.0665 4399.82
2.38E+09 0.0650 4391.76
2.41E+09 0.0621 4383.05
2.44E+09 0.0556 4374.18
2.47E+09 0.0542 4365.52
2.50E+09 0.0575 4359.11
2.53E+09 0.0557 4352.29
2.56E+09 0.0531 4342.54
2.60E+09 0.0516 4334.74
2.63E+09 0.0482 4326.62
2.67E+09 0.0475 4318.55
2.70E+09 0.0499 4311.08
2.73E+09 0.0461 4304.21
2.77E+09 0.0445 4295.9
2.81E+09 0.0438 4288.56
2.84E+09 0.0410 4282
2.88E+09 0.0413 4274.48
2.92E+09 0.0372 4267.67
2.95E+09 0.0341 4261.77
2.99E+09 0.0380 4256.13
3.02E+09 0.0331 4250.77
3.07E+09 0.0362 4243.62
3.10E+09 0.0297 4237.67
3.14E+09 0.0334 4232.5
3.18E+09 0.0287 4227.28
3.22E+09 0.0315 4219.97
3.27E+09 0.0314 4213.26
3.31E+09 0.0328 4207.61
3.35E+09 0.0267 4201.9
3.39E+09 0.0296 4197.27
3.44E+09 0.0247 4190.74
3.48E+09 0.0256 4186.02
3.53E+09 0.0234 4180.72
3.58E+09 0.0216 4176.07
3.62E+09 0.0248 4170.85
3.68E+09 0.0211 4165.01
3.73E+09 0.0199 4160.14
3.78E+09 0.0218 4155.16
3.83E+09 0.0204 4150.52
3.89E+09 0.0191 4144.97
3.94E+09 0.0169 4141.27
3.99E+09 0.0177 4136.55
4.05E+09 0.0162 4131.64
4.11E+09 0.0159 4127.18
4.17E+09 0.0160 4122.86
4.22E+09 0.0139 4119.52
4.27E+09 0.0116 4116.68
4.31E+09 0.0174 4114.22
4.36E+09 0.0134 4110.5
4.42E+09 0.0128 4106.57
4.49E+09 0.0127 4102.91
4.54E+09 0.0117 4099.77
4.61E+09 0.0131 4095.73
4.67E+09 0.0117 4092.15
4.74E+09 0.0120 4088.25
4.81E+09 0.0119 4084.47
4.88E+09 0.0103 4080.76
4.96E+09 0.0089 4077.41
