0.00E+00 -0.8234 5949.19
1.19E+08 0.2703 5877.21
1.51E+08 0.2759 5854.37
1.83E+08 0.2428 5831.63
2.03E+08 0.2611 5817.83
2.29E+08 0.2388 5799.58
2.45E+08 0.2529 5789.11
2.66E+08 0.2392 5774.96
2.84E+08 0.2406 5763.32
2.98E+08 0.2388 5753.61
3.14E+08 0.2329 5743.28
3.27E+08 0.2344 5735.01
3.39E+08 0.2411 5727.69
3.42E+08 0.2641 5725.45
3.43E+08 0.2884 5724.59
3.44E+08 0.3276 5723.56
3.47E+08 0.3627 5720.81
3.53E+08 0.3628 5714.99
3.63E+08 0.3537 5705.23
3.76E+08 0.3653 5692.14
3.84E+08 0.3938 5684.75
3.90E+08 0.3947 5677.97
4.12E+08 0.3669 5654.78
4.29E+08 0.3643 5638.35
4.42E+08 0.3656 5624.95
4.56E+08 0.3702 5609.99
4.87E+08 0.3619 5579.37
5.09E+08 0.3685 5557.18
5.25E+08 0.3759 5541.65
5.36E+08 0.3983 5529.92
5.56E+08 0.3758 5508.69
5.81E+08 0.3534 5483.28
6.12E+08 0.3335 5454.63
6.39E+08 0.3211 5430.62
6.57E+08 0.3117 5414.91
6.80E+08 0.2965 5396
6.96E+08 0.3117 5382.68
7.13E+08 0.3265 5367.79
7.21E+08 0.3220 5360.32
7.32E+08 0.3247 5350.26
7.42E+08 0.3211 5341.91
7.56E+08 0.3306 5329.39
7.68E+08 0.3152 5319.09
7.79E+08 0.3199 5309.18
7.89E+08 0.3114 5300.42
7.99E+08 0.3150 5291.68
8.11E+08 0.3071 5281.59
8.19E+08 0.3104 5275.02
8.29E+08 0.3001 5266.88
8.38E+08 0.3018 5259.04
8.48E+08 0.2887 5251.32
8.56E+08 0.2996 5244.98
8.66E+08 0.2988 5236.8
8.75E+08 0.2895 5229.77
8.84E+08 0.2846 5222.6
8.91E+08 0.2857 5216.64
9.00E+08 0.2863 5209.73
9.08E+08 0.2892 5203.64
9.17E+08 0.2838 5196.72
9.24E+08 0.2814 5191.07
9.32E+08 0.2805 5184.72
9.42E+08 0.2845 5177.08
9.49E+08 0.2817 5171.67
9.58E+08 0.2798 5164.98
9.66E+08 0.2723 5158.9
9.74E+08 0.2686 5152.72
9.82E+08 0.2754 5146.7
9.90E+08 0.2684 5141.18
9.98E+08 0.2714 5135.03
1.01E+09 0.2734 5129
1.01E+09 0.2632 5123.06
1.02E+09 0.2628 5118.27
1.03E+09 0.2689 5113.58
1.03E+09 0.2666 5108.65
1.04E+09 0.2582 5103.51
1.05E+09 0.2627 5097.7
1.06E+09 0.2552 5093.05
1.06E+09 0.2540 5088.45
1.07E+09 0.2532 5083.94
1.08E+09 0.2567 5079.61
1.08E+09 0.2590 5075.17
1.09E+09 0.2502 5070.4
1.09E+09 0.2561 5066.62
1.10E+09 0.2450 5061.6
1.11E+09 0.2548 5057.01
1.11E+09 0.2473 5052.29
1.12E+09 0.2535 5047.6
1.13E+09 0.2464 5042.8
1.14E+09 0.2445 5038.09
1.14E+09 0.2328 5033.72
1.15E+09 0.2479 5029.73
1.16E+09 0.2412 5024.91
1.16E+09 0.2464 5020.06
1.17E+09 0.2468 5014.79
1.18E+09 0.2425 5009.31
1.19E+09 0.2366 5004.71
1.19E+09 0.2385 5001.12
1.20E+09 0.2434 4995.53
1.21E+09 0.2361 4990.92
1.22E+09 0.2398 4985.75
1.22E+09 0.2406 4981.06
1.23E+09 0.2334 4975.32
1.24E+09 0.2297 4970.61
1.25E+09 0.2305 4965.68
1.25E+09 0.2260 4961.35
1.26E+09 0.2338 4956.28
1.27E+09 0.2333 4950.92
1.28E+09 0.2270 4946.54
1.28E+09 0.2232 4941.84
1.29E+09 0.2334 4937.42
1.30E+09 0.2196 4932.08
1.31E+09 0.2224 4927.56
1.31E+09 0.2239 4923.26
1.32E+09 0.2304 4918.4
1.33E+09 0.2261 4913.28
1.34E+09 0.2221 4907.99
1.35E+09 0.2241 4902.04
1.36E+09 0.2210 4897.3
1.36E+09 0.2092 4892.9
1.37E+09 0.2150 4888.78
1.38E+09 0.2127 4884.82
1.39E+09 0.2079 4880.5
1.39E+09 0.2190 4876.29
1.40E+09 0.2088 4871.54
1.41E+09 0.2036 4866.85
1.42E+09 0.2067 4863.27
1.42E+09 0.2121 4859.13
1.43E+09 0.2019 4854.38
1.44E+09 0.2130 4849.75
1.45E+09 0.2046 4844.41
1.46E+09 0.2082 4839.92
1.47E+09 0.2033 4835.24
1.47E+09 0.2118 4830.65
1.48E+09 0.2007 4824.82
1.49E+09 0.2032 4820.76
1.50E+09 0.1897 4816.13
1.51E+09 0.2020 4812.44
1.52E+09 0.1944 4807.8
1.52E+09 0.1949 4803.09
1.53E+09 0.1921 4797.74
1.54E+09 0.1901 4793.36
1.55E+09 0.1867 4788.75
1.56E+09 0.1907 4783.64
1.57E+09 0.1887 4778.79
1.58E+09 0.1894 4773.56
1.59E+09 0.1892 4768.1
1.60E+09 0.1844 4763.59
1.61E+09 0.1890 4759.17
1.62E+09 0.1882 4754.15
1.63E+09 0.1842 4749.55
1.64E+09 0.1862 4745.03
1.65E+09 0.1842 4740.4
1.66E+09 0.1763 4735.51
1.66E+09 0.1809 4731.5
1.67E+09 0.1736 4727.36
1.68E+09 0.1844 4722.65
1.69E+09 0.1783 4717.45
1.70E+09 0.1791 4712.96
1.71E+09 0.1783 4708.02
1.72E+09 0.1658 4703.16
1.73E+09 0.1746 4698.52
1.74E+09 0.1730 4693.21
1.75E+09 0.1701 4687.72
1.77E+09 0.1723 4682.18
1.78E+09 0.1661 4676.34
1.79E+09 0.1743 4670.87
1.80E+09 0.1683 4664.18
1.82E+09 0.1684 4658.89
1.83E+09 0.1644 4652.83
1.84E+09 0.1659 4646.53
1.86E+09 0.1632 4640.61
1.87E+09 0.1632 4634.87
1.88E+09 0.1552 4629.11
1.90E+09 0.1575 4623.92
1.91E+09 0.1538 4618.43
1.92E+09 0.1560 4613.75
1.93E+09 0.1517 4609.13
1.94E+09 0.1492 4604.01
1.96E+09 0.1515 4598.21
1.97E+09 0.1527 4592.62
1.98E+09 0.1525 4586.63
2.00E+09 0.1480 4580.98
2.01E+09 0.1506 4575.03
2.03E+09 0.1472 4569.25
2.04E+09 0.1403 4564.74
2.05E+09 0.1478 4559.62
2.06E+09 0.1384 4554.54
2.08E+09 0.1375 4549.51
2.09E+09 0.1376 4544.2
2.10E+09 0.1430 4539.52
2.12E+09 0.1380 4534.14
2.13E+09 0.1337 4529.97
2.14E+09 0.1391 4524.71
2.16E+09 0.1352 4519.06
2.17E+09 0.1331 4513.55
2.19E+09 0.1292 4508.95
2.20E+09 0.1283 4504.42
2.21E+09 0.1319 4499.45
2.23E+09 0.1310 4494.89
2.24E+09 0.1297 4490.5
2.25E+09 0.1253 4485.21
2.27E+09 0.1195 4481.01
2.28E+09 0.1281 4476.96
2.29E+09 0.1270 4472.16
2.31E+09 0.1223 4467
2.32E+09 0.1232 4462.3
2.34E+09 0.1221 4457.65
2.35E+09 0.1225 4452.96
2.37E+09 0.1172 4447.82
2.38E+09 0.1187 4442.97
2.39E+09 0.1140 4438.51
2.41E+09 0.1119 4433.91
2.43E+09 0.1106 4429.11
2.44E+09 0.1139 4424.03
2.46E+09 0.1166 4418.88
2.47E+09 0.1138 4414.09
2.49E+09 0.1116 4409.11
2.50E+09 0.1079 4405.17
2.52E+09 0.1087 4401.02
2.53E+09 0.1071 4397.22
2.55E+09 0.1116 4392.49
2.56E+09 0.1054 4387.55
2.58E+09 0.1046 4383.13
2.59E+09 0.1018 4379.08
2.61E+09 0.1025 4374.44
2.62E+09 0.1068 4370.15
2.64E+09 0.0976 4365.92
2.65E+09 0.0994 4361.89
2.67E+09 0.0929 4357.78
2.68E+09 0.0974 4353.82
2.70E+09 0.1000 4349.76
2.72E+09 0.0968 4345.2
2.73E+09 0.0945 4341.3
2.75E+09 0.0957 4337.22
2.76E+09 0.0980 4332.78
2.78E+09 0.0934 4328.53
2.80E+09 0.0908 4324.4
2.81E+09 0.0956 4320.33
2.83E+09 0.0937 4316.48
2.84E+09 0.0834 4312.51
2.86E+09 0.0867 4309.06
2.88E+09 0.0864 4305.26
2.89E+09 0.0845 4301.51
2.91E+09 0.0857 4297.67
2.92E+09 0.0850 4294
2.94E+09 0.0811 4289.97
2.96E+09 0.0874 4286.47
2.97E+09 0.0803 4282.47
2.99E+09 0.0811 4278.5
3.01E+09 0.0804 4274.85
3.02E+09 0.0802 4271.13
3.04E+09 0.0824 4267.64
3.06E+09 0.0798 4263.99
3.07E+09 0.0816 4260.29
3.09E+09 0.0770 4256.5
3.11E+09 0.0764 4252.92
3.13E+09 0.0753 4249.44
3.14E+09 0.0783 4245.82
3.16E+09 0.0732 4242.48
3.17E+09 0.0752 4239.3
3.19E+09 0.0722 4236.15
3.21E+09 0.0711 4232.72
3.22E+09 0.0734 4229.54
3.24E+09 0.0727 4225.73
3.26E+09 0.0717 4222.78
3.27E+09 0.0663 4220.05
3.29E+09 0.0741 4217.4
3.30E+09 0.0663 4214.85
3.32E+09 0.0628 4211.98
3.33E+09 0.0729 4209.26
3.35E+09 0.0659 4206.45
3.36E+09 0.0614 4203.72
3.38E+09 0.0613 4201.12
3.39E+09 0.0663 4198.49
3.41E+09 0.0711 4195.57
3.42E+09 0.0666 4192.35
3.44E+09 0.0623 4189.42
3.45E+09 0.0630 4187.11
3.47E+09 0.0612 4184.74
3.48E+09 0.0656 4182.02
3.50E+09 0.0605 4179.01
3.52E+09 0.0650 4176.19
3.53E+09 0.0612 4173.6
3.55E+09 0.0598 4170.68
3.57E+09 0.0612 4167.99
3.58E+09 0.0592 4165.41
3.60E+09 0.0556 4162.99
3.61E+09 0.0630 4160.6
3.63E+09 0.0564 4157.98
3.65E+09 0.0505 4155.33
3.66E+09 0.0576 4152.99
3.68E+09 0.0523 4150.37
3.70E+09 0.0582 4147.93
3.71E+09 0.0557 4145.6
3.73E+09 0.0595 4142.96
3.74E+09 0.0594 4140.39
3.76E+09 0.0513 4137.72
3.78E+09 0.0569 4135.12
3.80E+09 0.0541 4132.69
3.81E+09 0.0591 4129.87
3.83E+09 0.0522 4127.04
3.85E+09 0.0505 4124.32
3.87E+09 0.0514 4122.06
3.89E+09 0.0501 4119.82
3.90E+09 0.0526 4117.22
3.92E+09 0.0513 4114.91
3.94E+09 0.0473 4112.62
3.96E+09 0.0469 4110.19
3.97E+09 0.0492 4107.87
3.99E+09 0.0492 4105.59
4.01E+09 0.0472 4103.16
4.03E+09 0.0446 4100.62
4.05E+09 0.0506 4098.21
4.07E+09 0.0452 4095.65
4.09E+09 0.0436 4093.02
4.11E+09 0.0452 4090.9
4.12E+09 0.0425 4088.64
4.14E+09 0.0483 4086.21
4.16E+09 0.0498 4083.84
4.18E+09 0.0456 4081.19
4.20E+09 0.0405 4078.72
4.22E+09 0.0461 4076.61
4.24E+09 0.0473 4074.49
4.26E+09 0.0407 4072.05
4.28E+09 0.0452 4069.54
4.30E+09 0.0454 4067.22
4.32E+09 0.0422 4064.72
4.34E+09 0.0427 4062.39
4.36E+09 0.0409 4060.09
4.38E+09 0.0384 4057.72
4.40E+09 0.0413 4055.56
4.42E+09 0.0382 4053.56
4.44E+09 0.0387 4051.42
4.46E+09 0.0408 4049.07
4.48E+09 0.0375 4046.8
4.51E+09 0.0404 4044.45
4.53E+09 0.0421 4042.19
4.55E+09 0.0373 4039.79
4.57E+09 0.0376 4037.45
4.59E+09 0.0366 4035.27
4.61E+09 0.0343 4033.14
4.64E+09 0.0358 4030.93
4.66E+09 0.0374 4029.01
4.68E+09 0.0372 4026.98
4.70E+09 0.0391 4024.8
4.72E+09 0.0366 4022.42
4.74E+09 0.0349 4020.16
4.77E+09 0.0350 4017.78
4.79E+09 0.0367 4015.65
4.81E+09 0.0374 4013.41
4.84E+09 0.0363 4010.92
4.86E+09 0.0369 4008.51
4.89E+09 0.0329 4006.06
4.91E+09 0.0335 4003.95
4.93E+09 0.0348 4001.71
4.96E+09 0.0336 3999.36
4.98E+09 0.0339 3997.17
