0.00E+00 -1.1082 6936.28
9.90E+07 0.4420 6829.3
1.34E+08 0.4299 6782.55
1.64E+08 0.3921 6745.05
1.84E+08 0.3902 6719.83
2.05E+08 0.3867 6693.97
2.23E+08 0.3729 6672.14
2.41E+08 0.3673 6650.8
2.58E+08 0.3627 6631.94
2.75E+08 0.3523 6611.97
2.89E+08 0.3612 6596.93
3.06E+08 0.3440 6577.24
3.19E+08 0.3460 6562.97
3.32E+08 0.3413 6549.06
3.48E+08 0.3311 6532.46
3.60E+08 0.3287 6519.8
3.72E+08 0.3308 6507.22
3.85E+08 0.3246 6493.75
3.96E+08 0.3221 6482.22
4.06E+08 0.3211 6471.48
4.18E+08 0.3184 6459.57
4.29E+08 0.3101 6448.57
4.40E+08 0.3107 6437.91
4.50E+08 0.3166 6427.5
4.61E+08 0.3123 6417.24
4.70E+08 0.3081 6407.64
4.80E+08 0.3080 6397.97
4.89E+08 0.3073 6389.71
4.96E+08 0.3128 6382.57
5.03E+08 0.3172 6375.41
5.09E+08 0.3276 6369.61
5.10E+08 0.3568 6367.92
5.12E+08 0.3808 6365.39
5.15E+08 0.4083 6362.65
5.17E+08 0.4368 6360.18
5.20E+08 0.4734 6355.19
5.29E+08 0.4980 6341.62
5.44E+08 0.4947 6317.63
5.59E+08 0.4999 6294.24
5.71E+08 0.5026 6273.83
5.83E+08 0.5095 6255.27
5.92E+08 0.5191 6240.22
6.10E+08 0.4633 6212.91
6.28E+08 0.4477 6187.33
6.46E+08 0.4306 6160.92
6.68E+08 0.4093 6132.57
6.93E+08 0.3866 6100.45
7.23E+08 0.3577 6065.31
7.50E+08 0.3416 6035.27
7.75E+08 0.3448 6008.25
7.97E+08 0.3872 5982.29
8.18E+08 0.4241 5955.62
8.36E+08 0.4283 5931.77
8.56E+08 0.4353 5903.54
8.66E+08 0.3978 5890.45
8.94E+08 0.4496 5853.36
9.31E+08 0.4397 5801.1
9.70E+08 0.4136 5748.3
9.91E+08 0.4007 5721.05
1.00E+09 0.3831 5708.12
1.01E+09 0.3842 5694.03
1.02E+09 0.3712 5684.28
1.03E+09 0.3729 5674.13
1.04E+09 0.3736 5660.72
1.05E+09 0.3580 5648.43
1.06E+09 0.3696 5636.15
1.07E+09 0.3673 5621.75
1.09E+09 0.3583 5609.57
1.10E+09 0.3563 5596.95
1.11E+09 0.3549 5585.72
1.12E+09 0.3562 5571.29
1.13E+09 0.3503 5560.78
1.14E+09 0.3488 5550.71
1.15E+09 0.3466 5540.2
1.16E+09 0.3370 5528.76
1.17E+09 0.3429 5516.21
1.18E+09 0.3394 5502.49
1.19E+09 0.3231 5492.28
1.20E+09 0.3391 5481.11
1.21E+09 0.3245 5470.93
1.22E+09 0.3304 5462.48
1.23E+09 0.3260 5451.28
1.24E+09 0.3160 5438.45
1.25E+09 0.3193 5428.52
1.26E+09 0.3131 5417.07
1.28E+09 0.3079 5406.04
1.29E+09 0.3145 5394.03
1.30E+09 0.2983 5383.98
1.31E+09 0.3082 5373.23
1.32E+09 0.3039 5362.78
1.33E+09 0.3073 5352.87
1.34E+09 0.2982 5341.04
1.35E+09 0.2890 5330.4
1.36E+09 0.2963 5320.78
1.38E+09 0.2908 5308.95
1.39E+09 0.2878 5300.56
1.40E+09 0.2896 5288.87
1.41E+09 0.2780 5278.98
1.42E+09 0.2831 5268.73
1.43E+09 0.2809 5257.29
1.45E+09 0.2728 5247.65
1.46E+09 0.2655 5238.56
1.47E+09 0.2682 5228.91
1.48E+09 0.2742 5217.8
1.49E+09 0.2571 5208.68
1.51E+09 0.2666 5196.93
1.52E+09 0.2657 5186.5
1.53E+09 0.2553 5177.83
1.54E+09 0.2535 5167.89
1.55E+09 0.2516 5159.85
1.56E+09 0.2606 5152.44
1.57E+09 0.2497 5142.7
1.58E+09 0.2508 5132.74
1.60E+09 0.2459 5122.52
1.61E+09 0.2500 5112.76
1.62E+09 0.2355 5103.12
1.63E+09 0.2466 5093.45
1.65E+09 0.2302 5084.31
1.66E+09 0.2360 5074.75
1.67E+09 0.2326 5063.91
1.69E+09 0.2319 5052.98
1.70E+09 0.2272 5042.67
1.72E+09 0.2197 5033.56
1.73E+09 0.2136 5022.36
1.74E+09 0.2238 5014.73
1.76E+09 0.2106 5004
1.77E+09 0.2162 4994.91
1.79E+09 0.2170 4983.97
1.80E+09 0.2063 4976.68
1.81E+09 0.2144 4966.14
1.83E+09 0.2039 4956.73
1.84E+09 0.2117 4947.25
1.85E+09 0.1979 4939.89
1.87E+09 0.2058 4930.92
1.89E+09 0.2040 4920.31
1.90E+09 0.1953 4911.74
1.91E+09 0.1871 4902.45
1.93E+09 0.1854 4894.19
1.94E+09 0.1892 4884.28
1.96E+09 0.1846 4875.87
1.98E+09 0.1850 4865.53
1.99E+09 0.1827 4856.74
2.01E+09 0.1756 4846.73
2.02E+09 0.1726 4838.54
2.04E+09 0.1750 4830.18
2.05E+09 0.1760 4822.33
2.07E+09 0.1699 4812.51
2.09E+09 0.1647 4803.5
2.10E+09 0.1711 4795.09
2.12E+09 0.1653 4786.53
2.14E+09 0.1583 4776.78
2.15E+09 0.1645 4769.38
2.17E+09 0.1588 4762.54
2.18E+09 0.1598 4753.58
2.20E+09 0.1551 4744.52
2.22E+09 0.1515 4735.87
2.24E+09 0.1534 4726.91
2.26E+09 0.1504 4718.63
2.28E+09 0.1448 4709.22
2.30E+09 0.1464 4699.76
2.31E+09 0.1444 4693.28
2.32E+09 0.1396 4686.7
2.34E+09 0.1430 4679.58
2.36E+09 0.1446 4671.44
2.38E+09 0.1285 4663.49
2.40E+09 0.1383 4655.45
2.41E+09 0.1319 4648.73
2.43E+09 0.1300 4640.19
2.45E+09 0.1298 4632.93
2.46E+09 0.1292 4627.3
2.48E+09 0.1268 4619.06
2.50E+09 0.1236 4611.35
2.52E+09 0.1253 4603.19
2.54E+09 0.1265 4596.13
2.56E+09 0.1123 4587.6
2.58E+09 0.1216 4580.22
2.60E+09 0.1132 4573.16
2.62E+09 0.1169 4565.94
2.64E+09 0.1093 4558.39
2.67E+09 0.1175 4550.83
2.69E+09 0.1050 4543.05
2.71E+09 0.1089 4536.74
2.73E+09 0.1067 4528.24
2.75E+09 0.1010 4521.6
2.77E+09 0.1009 4514.43
2.79E+09 0.0938 4508.14
2.82E+09 0.1028 4500.85
2.84E+09 0.0950 4493.78
2.87E+09 0.0934 4486.13
2.89E+09 0.0964 4478.65
2.91E+09 0.0903 4472.72
2.93E+09 0.0893 4466.81
2.96E+09 0.0871 4459.89
2.98E+09 0.0856 4454.02
3.00E+09 0.0847 4447.43
3.03E+09 0.0885 4440.81
3.05E+09 0.0806 4434.33
3.08E+09 0.0861 4427.53
3.09E+09 0.0826 4422.52
3.12E+09 0.0779 4416.92
3.14E+09 0.0828 4410.1
3.16E+09 0.0776 4404.93
3.19E+09 0.0740 4399.66
3.21E+09 0.0753 4393.67
3.23E+09 0.0755 4388.66
3.25E+09 0.0706 4383.69
3.28E+09 0.0694 4377.46
3.31E+09 0.0692 4371
3.34E+09 0.0715 4364.95
3.36E+09 0.0656 4359.95
3.39E+09 0.0655 4354.56
3.41E+09 0.0669 4348.78
3.44E+09 0.0625 4343.4
3.47E+09 0.0632 4337.72
3.50E+09 0.0636 4332.1
3.53E+09 0.0549 4326.76
3.55E+09 0.0591 4321.82
3.58E+09 0.0571 4316.86
3.61E+09 0.0587 4311.78
3.64E+09 0.0556 4306.2
3.67E+09 0.0568 4301.03
3.70E+09 0.0541 4295.84
3.73E+09 0.0511 4290.78
3.76E+09 0.0526 4285.62
3.79E+09 0.0473 4280.98
3.82E+09 0.0519 4276.11
3.85E+09 0.0500 4270.35
3.89E+09 0.0478 4265.21
3.92E+09 0.0495 4260.34
3.95E+09 0.0465 4255.49
3.99E+09 0.0461 4250.09
4.02E+09 0.0472 4245.56
4.05E+09 0.0419 4241.08
4.08E+09 0.0436 4236.07
4.12E+09 0.0409 4231.73
4.15E+09 0.0409 4227.47
4.18E+09 0.0391 4223.1
4.22E+09 0.0412 4218.37
4.26E+09 0.0379 4214.01
4.29E+09 0.0372 4209.58
4.33E+09 0.0376 4205.28
4.37E+09 0.0380 4200.94
4.41E+09 0.0339 4196.36
4.44E+09 0.0337 4192.22
4.48E+09 0.0353 4188.44
4.52E+09 0.0323 4184.28
4.56E+09 0.0331 4180.24
4.59E+09 0.0337 4176.15
4.64E+09 0.0318 4172.06
4.67E+09 0.0303 4168.16
4.71E+09 0.0302 4164.34
4.76E+09 0.0337 4160.08
4.80E+09 0.0309 4155.81
4.84E+09 0.0316 4151.7
4.88E+09 0.0304 4147.52
4.92E+09 0.0289 4143.41
4.97E+09 0.0287 4139.75
