0.00E+00 -0.7354 5664.6
5.43E+08 0.0801 5088.48
9.77E+08 0.0409 4816.33
1.26E+09 0.0405 4703.07
1.45E+09 0.0802 4605.48
1.48E+09 0.0775 4583.93
1.59E+09 0.0365 4526.91
1.79E+09 0.0299 4457.98
1.95E+09 0.0350 4403.9
2.11E+09 0.0290 4348.71
2.23E+09 0.0235 4316.45
2.37E+09 0.0192 4286.6
2.51E+09 0.0159 4262.59
2.63E+09 0.0141 4244.7
2.73E+09 0.0134 4229.93
2.81E+09 0.0137 4217.86
2.88E+09 0.0145 4207.99
2.95E+09 0.0166 4197.12
3.01E+09 0.0170 4186.86
3.07E+09 0.0153 4177.33
3.13E+09 0.0133 4168.78
3.20E+09 0.0128 4159.74
3.25E+09 0.0134 4152.34
3.31E+09 0.0128 4144.99
3.36E+09 0.0114 4137.66
3.43E+09 0.0106 4130.19
3.49E+09 0.0102 4123.74
3.56E+09 0.0097 4117.37
3.62E+09 0.0092 4111.31
3.68E+09 0.0088 4105.46
3.75E+09 0.0083 4099.56
3.81E+09 0.0080 4094.2
3.88E+09 0.0077 4088.64
3.95E+09 0.0076 4083.48
4.02E+09 0.0072 4078.36
4.09E+09 0.0068 4073.39
4.15E+09 0.0064 4068.84
4.23E+09 0.0059 4064.28
4.30E+09 0.0057 4059.78
4.38E+09 0.0054 4055.39
4.45E+09 0.0050 4051.45
4.54E+09 0.0047 4047.43
4.62E+09 0.0044 4043.67
4.70E+09 0.0043 4040.12
4.77E+09 0.0044 4036.95
4.84E+09 0.0044 4033.58
4.92E+09 0.0041 4030.01
