0.00E+00 -0.7858 5768.61
1.29E+08 0.2450 5693.1
1.67E+08 0.2485 5667.09
2.01E+08 0.2395 5644.29
2.25E+08 0.2289 5627.88
2.50E+08 0.2255 5611.78
2.69E+08 0.2229 5599.39
2.93E+08 0.2072 5584.24
3.09E+08 0.2141 5574.68
3.27E+08 0.2089 5563.81
3.45E+08 0.2028 5552.95
3.59E+08 0.2022 5545.08
3.72E+08 0.2076 5537.45
3.77E+08 0.2287 5534.24
3.78E+08 0.2497 5533.24
3.79E+08 0.2964 5532.35
3.82E+08 0.3324 5529.65
3.89E+08 0.3292 5522.77
4.00E+08 0.3187 5513.09
4.12E+08 0.3291 5501.55
4.23E+08 0.3375 5490.95
4.27E+08 0.3645 5487.26
4.45E+08 0.3240 5469.35
4.73E+08 0.3096 5444.01
4.97E+08 0.3092 5422.42
5.13E+08 0.3077 5408.25
5.33E+08 0.3101 5389.89
5.58E+08 0.3073 5367.78
5.80E+08 0.3042 5348.39
6.01E+08 0.3022 5329.7
6.21E+08 0.3089 5312.5
6.36E+08 0.3265 5298.68
6.49E+08 0.3283 5286.09
6.78E+08 0.2918 5260.51
7.07E+08 0.2730 5236.9
7.35E+08 0.2565 5215.71
7.62E+08 0.2583 5195.66
7.83E+08 0.2829 5179.14
7.97E+08 0.2907 5167.79
8.09E+08 0.2863 5157.71
8.20E+08 0.2659 5148.38
8.32E+08 0.2664 5139.71
8.41E+08 0.2741 5132.56
8.54E+08 0.2677 5122.1
8.67E+08 0.2676 5112.43
8.79E+08 0.2619 5103.38
8.92E+08 0.2613 5093.64
9.04E+08 0.2537 5085.04
9.14E+08 0.2509 5077.41
9.26E+08 0.2597 5068.77
9.38E+08 0.2486 5059.92
9.47E+08 0.2430 5053.53
9.57E+08 0.2532 5046.19
9.70E+08 0.2435 5037.35
9.80E+08 0.2432 5029.86
9.91E+08 0.2471 5022.04
1.00E+09 0.2423 5015.26
1.01E+09 0.2334 5007.56
1.02E+09 0.2392 5000.62
1.03E+09 0.2372 4993.01
1.04E+09 0.2343 4987.32
1.05E+09 0.2315 4980.08
1.06E+09 0.2284 4973.87
1.07E+09 0.2171 4969.03
1.08E+09 0.2291 4964.01
1.09E+09 0.2204 4958.89
1.09E+09 0.2253 4953.06
1.10E+09 0.2258 4947.12
1.11E+09 0.2170 4941.08
1.12E+09 0.2176 4936.47
1.13E+09 0.2198 4931.67
1.14E+09 0.2094 4926.35
1.14E+09 0.2207 4921.93
1.15E+09 0.2065 4917.04
1.16E+09 0.2185 4912.32
1.17E+09 0.2102 4906.62
1.18E+09 0.2100 4902.55
1.18E+09 0.2059 4897.45
1.19E+09 0.2072 4892.74
1.20E+09 0.2066 4888.27
1.21E+09 0.2032 4884.68
1.21E+09 0.1998 4880.12
1.22E+09 0.2037 4876
1.23E+09 0.2068 4871.45
1.24E+09 0.2022 4866.79
1.25E+09 0.2065 4861.37
1.25E+09 0.2071 4857.34
1.26E+09 0.2046 4852.25
1.27E+09 0.1970 4847.47
1.28E+09 0.1976 4842.94
1.29E+09 0.1944 4837.7
1.29E+09 0.2036 4833.15
1.30E+09 0.2015 4829.24
1.31E+09 0.1935 4824.57
1.32E+09 0.1908 4819.67
1.33E+09 0.2010 4815.19
1.33E+09 0.1889 4811.08
1.34E+09 0.1896 4806.52
1.35E+09 0.1927 4801.76
1.36E+09 0.1861 4796.95
1.37E+09 0.1831 4792.15
1.38E+09 0.1863 4787.51
1.39E+09 0.1856 4782.57
1.39E+09 0.1835 4778.39
1.40E+09 0.1801 4774.73
1.41E+09 0.1855 4770.08
1.42E+09 0.1820 4765.59
1.43E+09 0.1840 4760.85
1.43E+09 0.1838 4756.63
1.44E+09 0.1772 4752.31
1.45E+09 0.1796 4747.65
1.46E+09 0.1742 4742.9
1.47E+09 0.1750 4738.51
1.48E+09 0.1735 4734.35
1.49E+09 0.1784 4729.61
1.50E+09 0.1765 4725.15
1.51E+09 0.1695 4720.88
1.51E+09 0.1678 4716.48
1.52E+09 0.1659 4712.18
1.53E+09 0.1704 4707.83
1.54E+09 0.1644 4703.14
1.55E+09 0.1643 4698.67
1.56E+09 0.1681 4694.04
1.57E+09 0.1634 4688.45
1.58E+09 0.1628 4684.23
1.59E+09 0.1604 4679.2
1.60E+09 0.1605 4674.84
1.61E+09 0.1563 4670.02
1.62E+09 0.1683 4665.82
1.63E+09 0.1576 4661.13
1.64E+09 0.1569 4656.88
1.65E+09 0.1556 4652.92
1.66E+09 0.1537 4647.84
1.67E+09 0.1505 4643.39
1.68E+09 0.1566 4638.89
1.69E+09 0.1550 4633.5
1.70E+09 0.1539 4629.33
1.72E+09 0.1506 4623.55
1.73E+09 0.1470 4618.47
1.74E+09 0.1500 4613.16
1.75E+09 0.1484 4607.72
1.77E+09 0.1499 4602.27
1.78E+09 0.1467 4595.85
1.80E+09 0.1444 4589.8
1.81E+09 0.1428 4583.67
1.82E+09 0.1444 4578.3
1.84E+09 0.1425 4571.87
1.85E+09 0.1403 4565.9
1.87E+09 0.1392 4559.54
1.88E+09 0.1371 4553.34
1.90E+09 0.1344 4547.41
1.91E+09 0.1335 4542.08
1.93E+09 0.1348 4537
1.94E+09 0.1319 4531.99
1.96E+09 0.1286 4526.08
1.97E+09 0.1279 4521.34
1.98E+09 0.1281 4516.23
2.00E+09 0.1241 4510.71
2.01E+09 0.1249 4505.49
2.03E+09 0.1251 4499.67
2.04E+09 0.1259 4494.88
2.06E+09 0.1206 4489.92
2.07E+09 0.1191 4485.03
2.08E+09 0.1172 4480.36
2.10E+09 0.1201 4475.42
2.11E+09 0.1187 4470.51
2.13E+09 0.1203 4465.18
2.15E+09 0.1176 4459.2
2.16E+09 0.1171 4454.07
2.18E+09 0.1088 4449.37
2.19E+09 0.1085 4444.61
2.21E+09 0.1144 4439.66
2.22E+09 0.1095 4434.17
2.24E+09 0.1051 4430.32
2.25E+09 0.1050 4425.02
2.27E+09 0.1046 4420.37
2.29E+09 0.1065 4415.29
2.30E+09 0.1045 4410.5
2.32E+09 0.0977 4405.35
2.34E+09 0.1008 4400.18
2.35E+09 0.1031 4395.29
2.37E+09 0.1002 4390.26
2.39E+09 0.0945 4385.55
2.40E+09 0.0998 4381.04
2.42E+09 0.0926 4376.54
2.44E+09 0.0994 4371.58
2.46E+09 0.0937 4366.64
2.47E+09 0.0903 4362.4
2.49E+09 0.0879 4357.5
2.51E+09 0.0883 4352.61
2.53E+09 0.0910 4348.11
2.55E+09 0.0923 4343.33
2.56E+09 0.0840 4339.19
2.58E+09 0.0849 4335.88
2.59E+09 0.0818 4332.75
2.60E+09 0.0805 4329.56
2.62E+09 0.0908 4325.78
2.63E+09 0.0861 4321.74
2.65E+09 0.0905 4317.51
2.67E+09 0.0816 4313.05
2.68E+09 0.0815 4309.26
2.70E+09 0.0813 4305.54
2.72E+09 0.0785 4300.94
2.74E+09 0.0790 4296.52
2.76E+09 0.0771 4292.37
2.78E+09 0.0742 4288.14
2.80E+09 0.0789 4283.99
2.81E+09 0.0781 4280.21
2.83E+09 0.0751 4276.08
2.85E+09 0.0801 4271.71
2.87E+09 0.0718 4267.68
2.89E+09 0.0740 4263.87
2.90E+09 0.0743 4260.13
2.92E+09 0.0659 4255.95
2.94E+09 0.0709 4252.23
2.96E+09 0.0661 4248.94
2.98E+09 0.0688 4245.54
3.00E+09 0.0657 4241.65
3.01E+09 0.0706 4238.55
3.03E+09 0.0676 4235.04
3.05E+09 0.0671 4231.27
3.07E+09 0.0666 4227.61
3.09E+09 0.0728 4224.32
3.11E+09 0.0636 4220.43
3.13E+09 0.0642 4217.16
3.14E+09 0.0610 4214.2
3.16E+09 0.0624 4210.66
3.18E+09 0.0636 4207.09
3.20E+09 0.0634 4203.97
3.21E+09 0.0600 4200.93
3.24E+09 0.0657 4197.24
3.25E+09 0.0597 4194.05
3.27E+09 0.0560 4191.21
3.29E+09 0.0606 4188.57
3.30E+09 0.0550 4185.75
3.32E+09 0.0544 4182.81
3.34E+09 0.0526 4180.21
3.36E+09 0.0561 4177.35
3.38E+09 0.0574 4174.13
3.39E+09 0.0554 4171.29
3.41E+09 0.0509 4168.82
3.43E+09 0.0569 4166.15
3.44E+09 0.0560 4163.48
3.46E+09 0.0511 4160.83
3.48E+09 0.0540 4157.73
3.50E+09 0.0481 4154.76
3.52E+09 0.0466 4151.8
3.54E+09 0.0506 4149.2
3.56E+09 0.0461 4146.45
3.58E+09 0.0476 4143.66
3.60E+09 0.0486 4140.89
3.62E+09 0.0524 4138.07
3.64E+09 0.0508 4134.8
3.66E+09 0.0474 4131.87
3.68E+09 0.0456 4129.14
3.70E+09 0.0452 4126.73
3.72E+09 0.0491 4123.81
3.75E+09 0.0470 4120.52
3.77E+09 0.0468 4117.25
3.79E+09 0.0437 4114.3
3.82E+09 0.0431 4111.69
3.84E+09 0.0467 4109.09
3.86E+09 0.0392 4106.11
3.88E+09 0.0444 4103.4
3.91E+09 0.0381 4100.64
3.93E+09 0.0421 4098.11
3.95E+09 0.0399 4095.74
3.97E+09 0.0399 4092.94
3.99E+09 0.0462 4090.18
4.02E+09 0.0393 4087.27
4.04E+09 0.0390 4084.71
4.06E+09 0.0398 4082.29
4.08E+09 0.0371 4079.89
4.11E+09 0.0396 4077.28
4.13E+09 0.0352 4074.74
4.15E+09 0.0361 4072.37
4.18E+09 0.0397 4069.41
4.21E+09 0.0388 4066.53
4.23E+09 0.0385 4063.49
4.26E+09 0.0373 4060.13
4.29E+09 0.0397 4057.07
4.32E+09 0.0383 4053.92
4.35E+09 0.0362 4050.27
4.38E+09 0.0362 4047.27
4.41E+09 0.0365 4044.07
4.44E+09 0.0331 4041.1
4.47E+09 0.0351 4038.33
4.50E+09 0.0336 4035.88
4.52E+09 0.0349 4033.18
4.55E+09 0.0321 4030.76
4.58E+09 0.0320 4028.34
4.60E+09 0.0333 4026.14
4.63E+09 0.0298 4023.7
4.66E+09 0.0306 4021.26
4.68E+09 0.0326 4019.12
4.71E+09 0.0301 4016.58
4.73E+09 0.0299 4014.39
4.76E+09 0.0291 4012.16
4.78E+09 0.0315 4009.86
4.81E+09 0.0304 4007.79
4.83E+09 0.0285 4005.69
4.86E+09 0.0311 4003.5
4.89E+09 0.0294 4000.92
4.91E+09 0.0281 3998.66
4.94E+09 0.0256 3996.71
4.96E+09 0.0267 3994.81
4.99E+09 0.0290 3992.49
