0.00E+00 -0.9377 6276.72
2.56E+08 0.2053 5899.35
3.54E+08 0.1787 5764.28
4.25E+08 0.1628 5675.08
4.87E+08 0.1468 5605.41
5.45E+08 0.1401 5544.9
6.02E+08 0.1307 5487.81
6.61E+08 0.1273 5432.4
7.21E+08 0.1211 5377.86
7.80E+08 0.1161 5326.61
8.44E+08 0.1100 5274.31
9.20E+08 0.1022 5215.32
1.01E+09 0.0942 5148.92
1.10E+09 0.0893 5088.75
1.15E+09 0.1018 5053.74
1.17E+09 0.2034 5037.42
1.18E+09 0.1790 5022.3
1.24E+09 0.0994 4964.09
1.46E+09 0.0877 4828.67
1.66E+09 0.0705 4709.67
1.90E+09 0.0698 4599.32
2.10E+09 0.0520 4513.62
2.25E+09 0.0403 4462.48
2.39E+09 0.0327 4425.04
2.50E+09 0.0347 4398.83
2.59E+09 0.0279 4376.76
2.65E+09 0.0247 4365.01
2.72E+09 0.0191 4355.15
2.78E+09 0.0260 4346.69
2.82E+09 0.0235 4338.51
2.87E+09 0.0178 4330.54
2.93E+09 0.0228 4323.06
2.98E+09 0.0202 4314.74
3.04E+09 0.0137 4307.15
3.09E+09 0.0175 4301.33
3.13E+09 0.0151 4296.04
3.20E+09 0.0136 4289.72
3.25E+09 0.0175 4283.53
3.31E+09 0.0153 4276.45
3.37E+09 0.0124 4270.52
3.42E+09 0.0120 4266.35
3.47E+09 0.0137 4261.66
3.52E+09 0.0120 4256.09
3.59E+09 0.0088 4251.06
3.64E+09 0.0135 4247.28
3.70E+09 0.0102 4241.4
3.79E+09 0.0078 4235.81
3.86E+09 0.0113 4231.37
3.92E+09 0.0113 4226.14
3.99E+09 0.0092 4221.1
4.05E+09 0.0090 4216.86
4.10E+09 0.0127 4212.58
4.17E+09 0.0102 4207.34
4.24E+09 0.0087 4202.12
4.31E+09 0.0075 4197.9
4.39E+09 0.0073 4194.13
4.46E+09 0.0085 4189.98
4.53E+09 0.0073 4185.89
4.60E+09 0.0073 4182.3
4.66E+09 0.0087 4178.37
4.73E+09 0.0074 4174.48
4.80E+09 0.0061 4170.64
4.89E+09 0.0065 4166.92
4.96E+09 0.0063 4163.3
