0.00E+00 -0.5431 5180.19
1.85E+08 0.1787 5084.63
2.00E+08 0.2234 5070.73
2.46E+08 0.1834 5032.77
3.09E+08 0.2244 4980.49
4.13E+08 0.2086 4890.21
5.19E+08 0.2065 4795.04
5.93E+08 0.1899 4734.29
6.36E+08 0.2058 4699.52
6.73E+08 0.1945 4668.44
7.08E+08 0.1867 4641.08
7.35E+08 0.1840 4620.25
7.62E+08 0.1853 4599.95
7.88E+08 0.1836 4580.62
8.13E+08 0.1815 4560.81
8.36E+08 0.1751 4544.2
8.56E+08 0.1668 4529.68
8.79E+08 0.1685 4513.89
8.99E+08 0.1695 4500.16
9.25E+08 0.1600 4482.01
9.46E+08 0.1593 4468.4
9.70E+08 0.1571 4452.16
9.95E+08 0.1533 4436.6
1.01E+09 0.1504 4423.86
1.04E+09 0.1426 4411.41
1.06E+09 0.1512 4396.91
1.09E+09 0.1419 4379.88
1.11E+09 0.1312 4366.12
1.13E+09 0.1366 4353.96
1.17E+09 0.1327 4336.14
1.19E+09 0.1247 4322.38
1.22E+09 0.1181 4308.32
1.24E+09 0.1057 4300.27
1.25E+09 0.1078 4292.93
1.27E+09 0.1174 4283.2
1.30E+09 0.1175 4272.9
1.32E+09 0.1058 4262.3
1.34E+09 0.1097 4254.25
1.36E+09 0.1104 4242.75
1.38E+09 0.1047 4233.11
1.40E+09 0.1024 4224.68
1.42E+09 0.0942 4217.84
1.44E+09 0.0922 4211.48
1.46E+09 0.0912 4203.13
1.48E+09 0.1035 4193.84
1.51E+09 0.1014 4182.24
1.53E+09 0.0970 4173.72
1.55E+09 0.0956 4164.33
1.57E+09 0.0960 4155.91
1.60E+09 0.0911 4146.77
1.62E+09 0.0929 4138.61
1.64E+09 0.0904 4129.08
1.67E+09 0.0844 4118.64
1.69E+09 0.0771 4111.7
1.72E+09 0.0853 4103.91
1.74E+09 0.0856 4096.05
1.76E+09 0.0743 4088.46
1.79E+09 0.0795 4081.26
1.81E+09 0.0786 4073.3
1.83E+09 0.0758 4065.36
1.86E+09 0.0706 4057.78
1.88E+09 0.0775 4051.6
1.91E+09 0.0741 4042.56
1.93E+09 0.0712 4034.83
1.96E+09 0.0694 4027.52
1.98E+09 0.0654 4020.49
2.01E+09 0.0711 4011.65
2.04E+09 0.0681 4003.47
2.08E+09 0.0689 3994.27
2.11E+09 0.0671 3984.8
2.14E+09 0.0648 3976.43
2.18E+09 0.0643 3967.35
2.21E+09 0.0597 3958.36
2.24E+09 0.0584 3951.17
2.27E+09 0.0594 3942.91
2.31E+09 0.0557 3933.73
2.34E+09 0.0560 3926.18
2.38E+09 0.0511 3918.62
2.41E+09 0.0506 3912.67
2.44E+09 0.0534 3904.59
2.48E+09 0.0486 3896.78
2.52E+09 0.0460 3889.68
2.55E+09 0.0443 3884.05
2.58E+09 0.0447 3877.63
2.62E+09 0.0440 3870.93
2.65E+09 0.0420 3864.58
2.69E+09 0.0461 3857.69
2.73E+09 0.0475 3849.87
2.78E+09 0.0443 3841.22
2.82E+09 0.0409 3834.14
2.86E+09 0.0382 3827.67
2.90E+09 0.0388 3820.71
2.94E+09 0.0395 3813.6
2.98E+09 0.0326 3807.84
3.02E+09 0.0348 3802.34
3.06E+09 0.0373 3796.38
3.11E+09 0.0353 3789.72
3.15E+09 0.0315 3784.01
3.19E+09 0.0302 3779.19
3.23E+09 0.0336 3773.1
3.28E+09 0.0317 3766.99
3.32E+09 0.0282 3761.58
3.37E+09 0.0278 3756.02
3.41E+09 0.0266 3751.73
3.45E+09 0.0272 3746.35
3.50E+09 0.0272 3741.21
3.55E+09 0.0252 3735.96
3.59E+09 0.0250 3731.33
3.64E+09 0.0240 3726.48
3.69E+09 0.0251 3721.81
3.73E+09 0.0210 3717.35
3.77E+09 0.0214 3713.65
3.82E+09 0.0211 3709.48
3.87E+09 0.0245 3704.88
3.92E+09 0.0227 3699.74
3.96E+09 0.0212 3695.85
4.01E+09 0.0211 3691.57
4.06E+09 0.0182 3687.55
4.10E+09 0.0195 3684.18
4.15E+09 0.0216 3680.25
4.20E+09 0.0198 3676.23
4.24E+09 0.0175 3673.03
4.29E+09 0.0168 3669.79
4.33E+09 0.0164 3666.58
4.38E+09 0.0203 3662.98
4.43E+09 0.0182 3659.13
4.47E+09 0.0154 3655.98
4.52E+09 0.0176 3652.59
4.57E+09 0.0192 3648.58
4.62E+09 0.0199 3644.71
4.67E+09 0.0173 3640.98
4.72E+09 0.0150 3637.82
4.77E+09 0.0143 3634.88
4.82E+09 0.0142 3631.91
4.87E+09 0.0139 3629.01
4.92E+09 0.0152 3626.04
4.96E+09 0.0166 3622.87
