0.00E+00 -0.5753 5303.32
3.44E+08 0.1040 5028.47
4.60E+08 0.1042 4942.67
5.70E+08 0.0921 4867.35
6.54E+08 0.0849 4814.31
7.30E+08 0.0810 4769.61
8.05E+08 0.0763 4727.71
8.71E+08 0.0722 4693.64
9.01E+08 0.0823 4677.95
9.14E+08 0.1287 4667.91
9.63E+08 0.1079 4626.51
1.12E+09 0.1027 4515.43
1.23E+09 0.0834 4438.99
1.39E+09 0.0701 4353.87
1.53E+09 0.0592 4289.54
1.66E+09 0.0510 4239.5
1.78E+09 0.0510 4198.56
1.88E+09 0.0560 4156.43
1.99E+09 0.0490 4118.33
2.08E+09 0.0448 4089.18
2.15E+09 0.0425 4066.07
2.22E+09 0.0400 4045.61
2.27E+09 0.0416 4031.62
2.31E+09 0.0362 4021.19
2.35E+09 0.0372 4010.16
2.39E+09 0.0347 3999.92
2.44E+09 0.0324 3989.22
2.48E+09 0.0309 3979.29
2.52E+09 0.0283 3970.83
2.57E+09 0.0261 3961.53
2.62E+09 0.0252 3953.77
2.66E+09 0.0287 3945.29
2.71E+09 0.0263 3936.49
2.75E+09 0.0239 3928.09
2.80E+09 0.0258 3919.82
2.85E+09 0.0264 3911.36
2.89E+09 0.0232 3903.39
2.95E+09 0.0203 3894.46
3.01E+09 0.0191 3886.69
3.07E+09 0.0184 3879.02
3.13E+09 0.0216 3869.91
3.19E+09 0.0227 3860.91
3.25E+09 0.0205 3851.3
3.32E+09 0.0190 3841.33
3.39E+09 0.0179 3832.13
3.45E+09 0.0193 3824.61
3.52E+09 0.0157 3816.37
3.59E+09 0.0153 3808.24
3.66E+09 0.0145 3800.88
3.73E+09 0.0140 3793.9
3.81E+09 0.0131 3786.61
3.88E+09 0.0132 3779.76
3.95E+09 0.0129 3773.14
4.03E+09 0.0114 3766.36
4.12E+09 0.0108 3759.85
4.20E+09 0.0108 3753.72
4.27E+09 0.0099 3748.02
4.36E+09 0.0093 3742.58
4.44E+09 0.0099 3736.91
4.52E+09 0.0097 3731.35
4.61E+09 0.0088 3725.47
4.70E+09 0.0085 3720.11
4.78E+09 0.0084 3715.15
4.87E+09 0.0079 3710
4.96E+09 0.0076 3704.96
