0.00E+00 -0.6751 5523.04
1.69E+08 0.1812 5423.02
2.18E+08 0.1823 5389.71
2.56E+08 0.1877 5365.01
2.93E+08 0.1835 5341.81
3.21E+08 0.1732 5324.1
3.48E+08 0.1651 5308.53
3.70E+08 0.1695 5295.72
3.93E+08 0.1669 5282.14
4.04E+08 0.1727 5275.29
4.06E+08 0.1810 5274.14
4.09E+08 0.2033 5272.19
4.14E+08 0.2136 5268.32
4.22E+08 0.2246 5262.4
4.37E+08 0.2336 5250.13
4.58E+08 0.2596 5232.58
4.62E+08 0.2961 5228.62
4.80E+08 0.2505 5210.93
5.31E+08 0.2407 5169.41
5.60E+08 0.2616 5144.32
5.79E+08 0.2965 5126.02
6.32E+08 0.2533 5075.6
6.95E+08 0.2324 5022.87
7.48E+08 0.2139 4981.38
7.96E+08 0.1950 4946.8
8.43E+08 0.1786 4916.11
8.83E+08 0.1753 4891.23
9.18E+08 0.1703 4870.56
9.51E+08 0.1639 4851.35
9.79E+08 0.1860 4834.17
1.01E+09 0.2166 4812.8
1.04E+09 0.2066 4794.28
1.05E+09 0.1973 4783.62
1.07E+09 0.1852 4773.76
1.08E+09 0.1874 4761.92
1.10E+09 0.1821 4751.74
1.11E+09 0.1818 4742.74
1.13E+09 0.1884 4734.32
1.14E+09 0.1773 4723.61
1.16E+09 0.1751 4715.62
1.17E+09 0.1727 4705.27
1.19E+09 0.1726 4697.24
1.20E+09 0.1690 4687.95
1.22E+09 0.1629 4680.18
1.23E+09 0.1655 4670.85
1.25E+09 0.1694 4662.04
1.26E+09 0.1648 4654.75
1.28E+09 0.1652 4644.92
1.29E+09 0.1579 4636.99
1.30E+09 0.1516 4629.95
1.32E+09 0.1579 4621.88
1.33E+09 0.1553 4613.1
1.35E+09 0.1523 4603.21
1.36E+09 0.1490 4596.84
1.38E+09 0.1500 4589.14
1.39E+09 0.1488 4581.23
1.41E+09 0.1484 4573.66
1.43E+09 0.1441 4564.84
1.44E+09 0.1423 4557.3
1.46E+09 0.1441 4550.48
1.47E+09 0.1379 4541.64
1.49E+09 0.1387 4534.62
1.50E+09 0.1371 4528.15
1.52E+09 0.1254 4521.14
1.53E+09 0.1355 4513.8
1.55E+09 0.1336 4504.83
1.57E+09 0.1283 4497.35
1.58E+09 0.1326 4491.32
1.60E+09 0.1241 4482.32
1.62E+09 0.1331 4475.71
1.63E+09 0.1243 4468.88
1.65E+09 0.1226 4462.56
1.66E+09 0.1165 4456.23
1.68E+09 0.1234 4448.62
1.70E+09 0.1145 4440.47
1.71E+09 0.1101 4435.25
1.73E+09 0.1231 4429.53
1.75E+09 0.1180 4420.76
1.77E+09 0.1145 4412.69
1.78E+09 0.1132 4405.91
1.80E+09 0.1156 4397.79
1.82E+09 0.1136 4389.75
1.84E+09 0.1105 4382.7
1.86E+09 0.1085 4375.54
1.88E+09 0.1089 4368.13
1.90E+09 0.1033 4360.05
1.92E+09 0.1008 4352.92
1.94E+09 0.1016 4346.82
1.96E+09 0.0938 4340.82
1.98E+09 0.1035 4333.94
2.00E+09 0.0975 4326.9
2.02E+09 0.0932 4319.55
2.04E+09 0.0891 4313.7
2.06E+09 0.0919 4307.35
2.08E+09 0.0928 4301.4
2.10E+09 0.0966 4294.16
2.12E+09 0.0898 4286.76
2.14E+09 0.0932 4280.13
2.16E+09 0.0866 4272.82
2.18E+09 0.0831 4266.49
2.20E+09 0.0821 4260.71
2.23E+09 0.0836 4254.56
2.25E+09 0.0867 4247.56
2.27E+09 0.0785 4240.93
2.30E+09 0.0788 4234.51
2.32E+09 0.0780 4228.64
2.34E+09 0.0750 4222.4
2.36E+09 0.0742 4216.17
2.39E+09 0.0720 4209.97
2.41E+09 0.0756 4203.98
2.43E+09 0.0746 4197.83
2.46E+09 0.0739 4191.96
2.48E+09 0.0724 4185.62
2.51E+09 0.0697 4179.58
2.53E+09 0.0676 4173.91
2.55E+09 0.0699 4168.18
2.58E+09 0.0656 4162.54
2.60E+09 0.0646 4157.13
2.63E+09 0.0626 4151.3
2.66E+09 0.0658 4145.06
2.69E+09 0.0656 4138.4
2.72E+09 0.0650 4131.57
2.75E+09 0.0618 4124.76
2.77E+09 0.0574 4118.85
2.80E+09 0.0578 4113.68
2.83E+09 0.0570 4107.99
2.86E+09 0.0558 4102.23
2.89E+09 0.0546 4096.69
2.92E+09 0.0580 4090.87
2.95E+09 0.0506 4085.22
2.98E+09 0.0518 4079.7
3.01E+09 0.0502 4073.99
3.04E+09 0.0476 4068.66
3.07E+09 0.0506 4063.12
3.10E+09 0.0501 4057.28
3.14E+09 0.0469 4052.11
3.16E+09 0.0459 4047.21
3.19E+09 0.0477 4042.28
3.23E+09 0.0461 4036.98
3.26E+09 0.0430 4032.11
3.29E+09 0.0418 4026.96
3.33E+09 0.0462 4021.91
3.36E+09 0.0443 4016.15
3.40E+09 0.0385 4011.34
3.43E+09 0.0391 4006.64
3.47E+09 0.0379 4001.78
3.50E+09 0.0390 3996.9
3.54E+09 0.0371 3992.54
3.57E+09 0.0349 3987.66
3.61E+09 0.0359 3983.15
3.64E+09 0.0340 3979.1
3.68E+09 0.0324 3975.05
3.70E+09 0.0332 3972.25
3.74E+09 0.0343 3968.3
3.77E+09 0.0322 3964.66
3.80E+09 0.0334 3960.97
3.83E+09 0.0292 3957.36
3.86E+09 0.0299 3954.01
3.90E+09 0.0307 3950.77
3.92E+09 0.0322 3947.58
3.96E+09 0.0267 3943.65
3.99E+09 0.0322 3940.71
4.02E+09 0.0310 3937.26
4.06E+09 0.0268 3933.4
4.10E+09 0.0275 3930.17
4.13E+09 0.0251 3927.1
4.16E+09 0.0267 3924.2
4.20E+09 0.0272 3920.85
4.23E+09 0.0254 3917.61
4.28E+09 0.0229 3914.08
4.30E+09 0.0250 3911.89
4.34E+09 0.0250 3909.08
4.37E+09 0.0244 3905.68
4.42E+09 0.0219 3902.26
4.45E+09 0.0210 3899.85
4.48E+09 0.0243 3896.95
4.52E+09 0.0214 3894.04
4.56E+09 0.0244 3891.27
4.58E+09 0.0219 3889.05
4.62E+09 0.0207 3886.09
4.66E+09 0.0211 3883.68
4.69E+09 0.0205 3880.92
4.73E+09 0.0210 3878.26
4.77E+09 0.0189 3875.63
4.80E+09 0.0207 3873.14
4.84E+09 0.0223 3870.09
4.89E+09 0.0190 3866.99
4.93E+09 0.0209 3864.23
4.96E+09 0.0190 3861.63
