0.00E+00 -0.8033 6174.34
1.86E+08 0.2313 5972.31
2.53E+08 0.2379 5894.08
3.04E+08 0.2252 5836.95
3.48E+08 0.2078 5790.36
3.83E+08 0.2020 5754.06
4.18E+08 0.1930 5719.71
4.52E+08 0.1843 5687.47
4.82E+08 0.1798 5659.89
5.13E+08 0.1747 5631.98
5.40E+08 0.1751 5608.94
5.71E+08 0.1674 5581.81
5.99E+08 0.1686 5558.1
6.27E+08 0.1629 5535.18
6.51E+08 0.1610 5515.77
6.77E+08 0.1576 5495.39
7.01E+08 0.1581 5476.09
7.25E+08 0.1561 5457.8
7.47E+08 0.1631 5439.46
7.58E+08 0.1933 5430.1
7.67E+08 0.2517 5420.62
8.03E+08 0.2732 5369.86
8.57E+08 0.2459 5299.17
9.32E+08 0.2135 5212.62
1.03E+09 0.1860 5114.79
1.14E+09 0.1649 5022.15
1.26E+09 0.1464 4925.36
1.35E+09 0.1677 4860.03
1.43E+09 0.1502 4797.73
1.53E+09 0.1583 4721.82
1.62E+09 0.1472 4652.22
1.67E+09 0.1309 4615.74
1.72E+09 0.1407 4585.76
1.76E+09 0.1342 4559.33
1.77E+09 0.1357 4550.47
1.79E+09 0.1174 4540.66
1.81E+09 0.0995 4527.33
1.83E+09 0.1049 4515.08
1.86E+09 0.1037 4501.85
1.88E+09 0.1003 4490.14
1.91E+09 0.0954 4477.95
1.94E+09 0.1103 4464.03
1.96E+09 0.1069 4449.38
1.99E+09 0.1036 4436.11
2.01E+09 0.0912 4424.88
2.04E+09 0.0769 4411.46
2.07E+09 0.0887 4399.92
2.09E+09 0.0850 4390.09
2.12E+09 0.0798 4379.33
2.14E+09 0.0871 4368.65
2.17E+09 0.0892 4355.4
2.20E+09 0.0831 4345.71
2.23E+09 0.0710 4333.35
2.26E+09 0.0798 4322.26
2.29E+09 0.0788 4309.32
2.32E+09 0.0784 4298.82
2.34E+09 0.0688 4289.64
2.37E+09 0.0758 4278.32
2.41E+09 0.0758 4266.07
2.44E+09 0.0706 4252.9
2.48E+09 0.0648 4240.53
2.50E+09 0.0588 4232.22
2.54E+09 0.0568 4222.16
2.57E+09 0.0544 4212.67
2.61E+09 0.0510 4203.78
2.64E+09 0.0541 4195.25
2.67E+09 0.0644 4185.24
2.72E+09 0.0600 4171.73
2.76E+09 0.0554 4158.38
2.80E+09 0.0523 4148.64
2.83E+09 0.0504 4141.17
2.87E+09 0.0416 4131.16
2.92E+09 0.0527 4121
2.95E+09 0.0419 4113.2
3.00E+09 0.0410 4104.19
3.03E+09 0.0467 4095.91
3.07E+09 0.0470 4087.35
3.11E+09 0.0388 4079.26
3.16E+09 0.0348 4070.79
3.20E+09 0.0391 4062.1
3.23E+09 0.0412 4056.43
3.28E+09 0.0346 4047.65
3.32E+09 0.0346 4040.28
3.37E+09 0.0294 4032.33
3.42E+09 0.0327 4024.43
3.47E+09 0.0361 4015.65
3.53E+09 0.0338 4005.15
3.58E+09 0.0329 3997
3.63E+09 0.0255 3989.66
3.69E+09 0.0240 3982.95
3.74E+09 0.0288 3976.52
3.78E+09 0.0268 3969.84
3.84E+09 0.0238 3962.81
3.89E+09 0.0252 3957.11
3.94E+09 0.0218 3950.47
4.00E+09 0.0218 3944.59
4.05E+09 0.0219 3939.11
4.11E+09 0.0219 3932.59
4.16E+09 0.0221 3926.35
4.22E+09 0.0210 3920.12
4.28E+09 0.0188 3914.03
4.35E+09 0.0183 3908.15
4.41E+09 0.0198 3902.51
4.47E+09 0.0187 3896.37
4.54E+09 0.0174 3890.23
4.60E+09 0.0163 3884.88
4.67E+09 0.0153 3879.49
4.73E+09 0.0166 3874.52
4.80E+09 0.0164 3869.19
4.87E+09 0.0152 3863.49
4.94E+09 0.0144 3858.09
