0.00E+00 -0.4335 4611.84
1.60E+08 0.1675 4541.31
2.53E+08 0.1567 4478.55
3.87E+08 0.1486 4392.44
4.89E+08 0.1459 4328.91
5.31E+08 0.1372 4304.16
5.50E+08 0.1379 4293.43
5.71E+08 0.1325 4281.87
5.92E+08 0.1295 4270.21
6.17E+08 0.1342 4256.78
6.43E+08 0.1294 4242.26
6.63E+08 0.1280 4231.65
6.83E+08 0.1224 4221.46
7.04E+08 0.1209 4210.92
7.28E+08 0.1206 4198.82
7.56E+08 0.1275 4184.36
7.83E+08 0.1172 4170.49
7.99E+08 0.1112 4163.08
8.14E+08 0.1059 4156.29
8.30E+08 0.1083 4149.12
8.64E+08 0.1172 4133.21
8.92E+08 0.1077 4120.24
9.04E+08 0.1024 4114.84
9.17E+08 0.0989 4109.53
9.36E+08 0.0936 4101.69
9.57E+08 0.0893 4093.89
9.68E+08 0.0868 4089.76
9.85E+08 0.0907 4083.72
1.01E+09 0.0942 4074.9
1.03E+09 0.0947 4065.74
1.05E+09 0.0929 4056.35
1.08E+09 0.0865 4045.36
1.10E+09 0.0769 4038.87
1.12E+09 0.0693 4033.49
1.15E+09 0.0818 4024.44
1.17E+09 0.0797 4016.87
1.19E+09 0.0690 4010.46
1.22E+09 0.0699 4003.8
1.24E+09 0.0712 3996.29
1.26E+09 0.0664 3989.58
1.29E+09 0.0678 3982.46
1.32E+09 0.0663 3973.89
1.35E+09 0.0627 3966.99
1.37E+09 0.0662 3959.64
1.40E+09 0.0616 3952.93
1.42E+09 0.0548 3947.47
1.45E+09 0.0535 3941.65
1.46E+09 0.0553 3937.97
1.49E+09 0.0626 3931.44
1.51E+09 0.0569 3925.75
1.54E+09 0.0546 3920.66
1.56E+09 0.0517 3915.92
1.58E+09 0.0539 3910.93
1.60E+09 0.0545 3905.99
1.63E+09 0.0520 3900.33
1.65E+09 0.0500 3895.62
1.68E+09 0.0499 3890.23
1.70E+09 0.0490 3885.8
1.72E+09 0.0445 3882.1
1.73E+09 0.0479 3878.58
1.76E+09 0.0419 3874.43
1.78E+09 0.0404 3870.9
1.79E+09 0.0446 3867.95
1.81E+09 0.0425 3864.42
1.84E+09 0.0448 3860.16
1.86E+09 0.0434 3856.38
1.88E+09 0.0393 3852.76
1.90E+09 0.0416 3849.05
1.93E+09 0.0446 3843.71
1.95E+09 0.0462 3839.4
1.98E+09 0.0416 3835.05
2.01E+09 0.0428 3829.83
2.04E+09 0.0433 3824.28
2.07E+09 0.0416 3818.43
2.10E+09 0.0380 3814.22
2.13E+09 0.0365 3809.19
2.16E+09 0.0371 3805.23
2.18E+09 0.0348 3801.03
2.21E+09 0.0329 3796.87
2.24E+09 0.0322 3793.67
2.27E+09 0.0367 3788.64
2.31E+09 0.0375 3783.27
2.33E+09 0.0328 3779.21
2.36E+09 0.0334 3775.96
2.38E+09 0.0303 3773.07
2.41E+09 0.0289 3769.58
2.44E+09 0.0332 3766.14
2.46E+09 0.0311 3762.58
2.49E+09 0.0300 3758.82
2.52E+09 0.0278 3755.85
2.55E+09 0.0314 3752.07
2.58E+09 0.0309 3748.08
2.61E+09 0.0272 3744.62
2.64E+09 0.0286 3741.24
2.66E+09 0.0288 3737.99
2.69E+09 0.0288 3734.52
2.72E+09 0.0268 3730.86
2.76E+09 0.0251 3727.29
2.79E+09 0.0277 3723.96
2.82E+09 0.0257 3720.81
2.85E+09 0.0245 3717.34
2.89E+09 0.0240 3713.55
2.92E+09 0.0222 3710.75
2.96E+09 0.0224 3706.86
2.99E+09 0.0215 3703.65
3.03E+09 0.0239 3700.08
3.07E+09 0.0267 3696.24
3.10E+09 0.0239 3692.41
3.14E+09 0.0226 3689.02
3.17E+09 0.0229 3686.2
3.20E+09 0.0208 3683.59
3.23E+09 0.0194 3680.95
3.27E+09 0.0226 3677.58
3.31E+09 0.0215 3673.94
3.34E+09 0.0208 3670.75
3.38E+09 0.0201 3667.93
3.41E+09 0.0202 3664.9
3.45E+09 0.0205 3661.82
3.48E+09 0.0195 3659.23
3.52E+09 0.0179 3656.49
3.56E+09 0.0214 3653.34
3.60E+09 0.0203 3649.79
3.63E+09 0.0196 3646.76
3.67E+09 0.0162 3643.91
3.72E+09 0.0172 3640.97
3.76E+09 0.0185 3637.7
3.80E+09 0.0188 3634.16
3.85E+09 0.0181 3630.32
3.90E+09 0.0174 3626.93
3.94E+09 0.0166 3623.85
3.98E+09 0.0142 3621.43
4.03E+09 0.0156 3618.44
4.08E+09 0.0150 3615.33
4.13E+09 0.0139 3612.4
4.18E+09 0.0143 3609.21
4.23E+09 0.0148 3606.19
4.28E+09 0.0147 3602.98
4.33E+09 0.0139 3600.37
4.38E+09 0.0147 3597.47
4.42E+09 0.0162 3594.43
4.47E+09 0.0146 3591.48
4.52E+09 0.0117 3588.66
4.58E+09 0.0125 3585.76
4.63E+09 0.0126 3583.14
4.69E+09 0.0122 3580.25
4.73E+09 0.0114 3578
4.79E+09 0.0124 3575.12
4.85E+09 0.0132 3571.97
4.90E+09 0.0134 3568.89
4.96E+09 0.0140 3565.9
