0.00E+00 -0.6588 5513.08
1.68E+08 0.1820 5418.45
2.19E+08 0.1820 5385.11
2.55E+08 0.1886 5361.98
2.87E+08 0.1814 5342.43
2.94E+08 0.1998 5338.12
2.96E+08 0.2480 5336.84
3.02E+08 0.2702 5331.36
3.16E+08 0.2566 5318.57
3.35E+08 0.2910 5302.28
3.52E+08 0.2866 5285.73
3.74E+08 0.2817 5264.82
4.28E+08 0.2779 5214.41
4.53E+08 0.3066 5190.63
5.20E+08 0.2793 5123.73
5.87E+08 0.2572 5063.59
6.35E+08 0.2409 5023.2
6.73E+08 0.2299 4992.86
7.07E+08 0.2231 4966.44
7.37E+08 0.2230 4943.93
7.61E+08 0.2222 4926.46
7.79E+08 0.2307 4912.43
7.98E+08 0.2309 4897.91
8.18E+08 0.2249 4882.65
8.39E+08 0.2327 4865.57
8.63E+08 0.2214 4847.55
8.83E+08 0.2222 4832.5
9.10E+08 0.2208 4812.72
9.32E+08 0.2115 4796.51
9.50E+08 0.2065 4783.53
9.69E+08 0.2115 4770.43
9.88E+08 0.1995 4757.53
1.00E+09 0.2030 4747.06
1.02E+09 0.1994 4738.04
1.03E+09 0.1921 4727.22
1.04E+09 0.1916 4720.02
1.06E+09 0.1831 4712.93
1.07E+09 0.1908 4706.4
1.08E+09 0.1781 4699.75
1.09E+09 0.1708 4693.73
1.10E+09 0.1872 4685.89
1.11E+09 0.1816 4677.13
1.13E+09 0.1859 4669.31
1.14E+09 0.1785 4661.46
1.15E+09 0.1812 4653.07
1.16E+09 0.1734 4646.17
1.18E+09 0.1752 4637.78
1.19E+09 0.1762 4628.58
1.21E+09 0.1755 4620.93
1.22E+09 0.1734 4610.92
1.24E+09 0.1632 4601.62
1.25E+09 0.1598 4594.78
1.26E+09 0.1579 4589.23
1.28E+09 0.1548 4583.15
1.29E+09 0.1647 4576.03
1.31E+09 0.1611 4566.5
1.32E+09 0.1563 4560.15
1.33E+09 0.1472 4553.22
1.34E+09 0.1550 4548.2
1.35E+09 0.1524 4541.92
1.37E+09 0.1543 4535.58
1.38E+09 0.1562 4527.83
1.39E+09 0.1482 4521.45
1.41E+09 0.1430 4515.16
1.42E+09 0.1471 4507.4
1.43E+09 0.1440 4501.21
1.45E+09 0.1456 4495.34
1.46E+09 0.1409 4487.63
1.48E+09 0.1459 4480.39
1.49E+09 0.1436 4472.96
1.50E+09 0.1337 4466.8
1.52E+09 0.1339 4460.31
1.54E+09 0.1396 4452.77
1.55E+09 0.1360 4444.97
1.57E+09 0.1392 4436.31
1.59E+09 0.1370 4428.63
1.60E+09 0.1262 4421.59
1.62E+09 0.1280 4414.13
1.63E+09 0.1309 4408.1
1.65E+09 0.1215 4401.22
1.67E+09 0.1222 4394.83
1.68E+09 0.1242 4388.82
1.70E+09 0.1225 4381.93
1.71E+09 0.1084 4375.92
1.73E+09 0.1253 4369.78
1.75E+09 0.1235 4362.76
1.76E+09 0.1178 4355.66
1.78E+09 0.1157 4348.53
1.80E+09 0.1206 4342.52
1.81E+09 0.1108 4335.61
1.83E+09 0.1114 4329.6
1.85E+09 0.1148 4322.47
1.87E+09 0.1094 4315.83
1.88E+09 0.1102 4309.87
1.90E+09 0.1097 4302.44
1.92E+09 0.1100 4296.03
1.94E+09 0.1063 4289.03
1.96E+09 0.1061 4280.98
1.98E+09 0.1038 4273.35
2.01E+09 0.1003 4265.7
2.03E+09 0.1075 4258.35
2.05E+09 0.1036 4250.78
2.07E+09 0.0957 4243.79
2.09E+09 0.0988 4236.67
2.11E+09 0.0934 4230.61
2.13E+09 0.0952 4223.74
2.15E+09 0.0914 4217.07
2.17E+09 0.0833 4210.98
2.19E+09 0.0904 4205.24
2.21E+09 0.0842 4199.29
2.23E+09 0.0902 4192.8
2.25E+09 0.0825 4186.93
2.28E+09 0.0876 4180.39
2.30E+09 0.0876 4173.08
2.32E+09 0.0868 4166.54
2.35E+09 0.0814 4160.13
2.37E+09 0.0827 4154.05
2.39E+09 0.0803 4147.4
2.42E+09 0.0778 4140.38
2.44E+09 0.0729 4134.98
2.46E+09 0.0720 4129.37
2.49E+09 0.0716 4122.99
2.51E+09 0.0693 4117.84
2.54E+09 0.0704 4111.74
2.56E+09 0.0748 4105.6
2.59E+09 0.0693 4099.37
2.61E+09 0.0705 4094.02
2.63E+09 0.0642 4088.89
2.66E+09 0.0636 4084.22
2.68E+09 0.0701 4079.51
2.71E+09 0.0661 4073.01
2.73E+09 0.0633 4067.94
2.75E+09 0.0603 4062.59
2.77E+09 0.0561 4058.58
2.79E+09 0.0640 4054.42
2.82E+09 0.0612 4049.38
2.84E+09 0.0600 4044.21
2.87E+09 0.0610 4039.25
2.90E+09 0.0597 4033.22
2.93E+09 0.0617 4027.62
2.95E+09 0.0580 4022.15
2.98E+09 0.0567 4016.92
3.01E+09 0.0571 4011.9
3.04E+09 0.0564 4006.2
3.06E+09 0.0498 4001.81
3.09E+09 0.0462 3996.88
3.12E+09 0.0486 3992.85
3.15E+09 0.0557 3987.55
3.18E+09 0.0514 3982.07
3.21E+09 0.0504 3977.27
3.24E+09 0.0460 3972.28
3.26E+09 0.0476 3967.96
3.29E+09 0.0454 3963.31
3.32E+09 0.0427 3958.95
3.35E+09 0.0478 3954.11
3.39E+09 0.0456 3949.17
3.42E+09 0.0432 3944.21
3.45E+09 0.0420 3940.16
3.48E+09 0.0460 3935.19
3.51E+09 0.0422 3930.12
3.54E+09 0.0372 3925.98
3.57E+09 0.0328 3923.06
3.60E+09 0.0432 3919.76
3.63E+09 0.0411 3915.34
3.65E+09 0.0392 3911.43
3.68E+09 0.0344 3907.86
3.71E+09 0.0316 3904.98
3.74E+09 0.0388 3901.52
3.77E+09 0.0344 3898.11
3.79E+09 0.0317 3894.9
3.82E+09 0.0330 3892.09
3.85E+09 0.0320 3889.26
3.87E+09 0.0299 3886.25
3.91E+09 0.0309 3883.05
3.93E+09 0.0311 3880.35
3.96E+09 0.0316 3877.63
3.99E+09 0.0320 3874.49
4.01E+09 0.0310 3871.37
4.04E+09 0.0321 3868.23
4.08E+09 0.0309 3865.05
4.11E+09 0.0309 3861.95
4.14E+09 0.0330 3858.65
4.17E+09 0.0277 3855.54
4.20E+09 0.0271 3852.79
4.22E+09 0.0316 3850.26
4.25E+09 0.0264 3847.34
4.28E+09 0.0291 3844.59
4.31E+09 0.0287 3841.64
4.35E+09 0.0274 3838.45
4.38E+09 0.0268 3835.67
4.41E+09 0.0232 3832.94
4.44E+09 0.0255 3830.37
4.47E+09 0.0271 3827.48
4.51E+09 0.0272 3824.42
4.54E+09 0.0227 3821.49
4.58E+09 0.0253 3818.6
4.61E+09 0.0244 3815.73
4.65E+09 0.0216 3813.05
4.68E+09 0.0259 3810.76
4.71E+09 0.0250 3808.05
4.74E+09 0.0220 3805.42
4.77E+09 0.0238 3803.06
4.80E+09 0.0226 3800.61
4.83E+09 0.0222 3798.54
4.86E+09 0.0215 3796.19
4.89E+09 0.0220 3794.04
4.92E+09 0.0222 3791.82
4.95E+09 0.0215 3789.38
4.99E+09 0.0205 3787.02
