0.00E+00 -0.4155 4631.26
7.14E+08 0.0413 4290.59
8.37E+08 0.0601 4219.88
1.02E+09 0.0479 4128.27
1.16E+09 0.0419 4074.44
1.27E+09 0.0376 4033.06
1.38E+09 0.0392 3994.25
1.49E+09 0.0398 3953.9
1.59E+09 0.0419 3916.72
1.71E+09 0.0355 3875.2
1.82E+09 0.0314 3840.31
1.92E+09 0.0263 3812.63
2.04E+09 0.0235 3788.04
2.13E+09 0.0190 3769.17
2.25E+09 0.0187 3750.18
2.36E+09 0.0200 3728.16
2.47E+09 0.0173 3710.56
2.56E+09 0.0150 3696.15
2.64E+09 0.0132 3686.7
2.72E+09 0.0116 3677.62
2.79E+09 0.0116 3670.43
2.86E+09 0.0094 3663.35
2.94E+09 0.0089 3657.21
3.02E+09 0.0111 3649.67
3.09E+09 0.0111 3642
3.17E+09 0.0103 3634.25
3.25E+09 0.0096 3626.93
3.34E+09 0.0092 3619.28
3.43E+09 0.0086 3611.91
3.52E+09 0.0078 3605.55
3.61E+09 0.0069 3599.41
3.69E+09 0.0067 3594.19
3.77E+09 0.0064 3589.12
3.87E+09 0.0052 3584.17
3.96E+09 0.0045 3579.9
4.07E+09 0.0039 3575.88
4.16E+09 0.0036 3572.68
4.27E+09 0.0036 3569.29
4.37E+09 0.0036 3566.01
4.48E+09 0.0050 3561.68
4.58E+09 0.0054 3556.6
4.69E+09 0.0050 3551.58
4.80E+09 0.0045 3546.84
4.92E+09 0.0039 3542.27
