0.00E+00 -0.2700 3874.19
4.16E+07 0.1680 3864.51
5.87E+07 0.1922 3853.79
9.55E+07 0.1731 3831.56
1.44E+08 0.1801 3804.9
1.99E+08 0.1746 3771.98
2.49E+08 0.1674 3742.88
2.82E+08 0.1588 3725.15
3.05E+08 0.1534 3712.7
3.25E+08 0.1473 3702.92
3.46E+08 0.1438 3692.65
3.70E+08 0.1385 3681.23
3.84E+08 0.1344 3674.74
4.02E+08 0.1306 3667.08
4.19E+08 0.1282 3659.42
4.35E+08 0.1247 3652.68
4.51E+08 0.1223 3646.07
4.66E+08 0.1183 3640.2
4.82E+08 0.1169 3633.75
4.99E+08 0.1132 3627.27
5.15E+08 0.1104 3621.37
5.29E+08 0.1077 3616.46
5.43E+08 0.1049 3611.34
5.58E+08 0.1022 3605.99
5.74E+08 0.0993 3600.7
5.89E+08 0.0971 3595.84
6.04E+08 0.0937 3591.09
6.21E+08 0.0914 3585.88
6.32E+08 0.0896 3582.31
6.49E+08 0.0867 3577.52
6.64E+08 0.0837 3573.08
6.79E+08 0.0820 3568.88
6.96E+08 0.0787 3564.54
7.10E+08 0.0772 3560.81
7.23E+08 0.0756 3557.46
7.42E+08 0.0733 3552.73
7.61E+08 0.0710 3548.12
7.81E+08 0.0685 3543.43
8.03E+08 0.0657 3538.63
8.20E+08 0.0631 3534.99
8.40E+08 0.0615 3530.71
8.64E+08 0.0588 3525.99
8.84E+08 0.0566 3521.99
9.06E+08 0.0543 3518.05
9.26E+08 0.0530 3514.48
9.45E+08 0.0514 3511.02
9.66E+08 0.0502 3507.56
9.80E+08 0.0493 3505.08
9.96E+08 0.0492 3502.52
1.01E+09 0.0489 3499.74
1.03E+09 0.0482 3497.41
1.04E+09 0.0486 3495.33
1.06E+09 0.0481 3492.81
1.07E+09 0.0476 3490.06
1.08E+09 0.0474 3488.14
1.10E+09 0.0469 3485.23
1.12E+09 0.0467 3482.53
1.14E+09 0.0458 3480.09
1.15E+09 0.0455 3477.74
1.17E+09 0.0453 3475.03
1.19E+09 0.0456 3472.61
1.20E+09 0.0448 3470.09
1.22E+09 0.0443 3467.41
1.24E+09 0.0444 3464.37
1.26E+09 0.0435 3461.83
1.27E+09 0.0438 3459.51
1.29E+09 0.0433 3456.68
1.31E+09 0.0428 3453.91
1.33E+09 0.0425 3451.1
1.35E+09 0.0420 3448.74
1.37E+09 0.0421 3446.24
1.38E+09 0.0422 3443.62
1.40E+09 0.0413 3441.04
1.42E+09 0.0408 3438.37
1.44E+09 0.0413 3435.83
1.46E+09 0.0416 3433.23
1.48E+09 0.0407 3430.5
1.50E+09 0.0404 3427.74
1.52E+09 0.0397 3424.86
1.54E+09 0.0397 3422.26
1.56E+09 0.0391 3419.42
1.58E+09 0.0390 3416.49
1.61E+09 0.0390 3413.69
1.63E+09 0.0384 3410.95
1.65E+09 0.0381 3408.42
1.67E+09 0.0379 3405.83
1.69E+09 0.0374 3403.11
1.71E+09 0.0372 3400.61
1.73E+09 0.0368 3397.98
1.75E+09 0.0367 3395.3
1.77E+09 0.0365 3392.76
1.79E+09 0.0362 3390.2
1.82E+09 0.0365 3387.47
1.84E+09 0.0360 3384.64
1.86E+09 0.0349 3381.77
1.89E+09 0.0352 3379.26
1.91E+09 0.0348 3376.58
1.93E+09 0.0344 3373.91
1.96E+09 0.0340 3371.06
1.98E+09 0.0341 3368.62
2.00E+09 0.0341 3366.02
2.03E+09 0.0337 3363.31
2.05E+09 0.0332 3360.53
2.08E+09 0.0327 3357.84
2.10E+09 0.0322 3355.27
2.12E+09 0.0318 3352.53
2.15E+09 0.0318 3349.95
2.17E+09 0.0317 3347.33
2.20E+09 0.0310 3344.69
2.22E+09 0.0308 3342.13
2.25E+09 0.0308 3339.44
2.27E+09 0.0301 3336.87
2.30E+09 0.0303 3334.33
2.32E+09 0.0299 3332
2.35E+09 0.0294 3329.63
2.37E+09 0.0299 3327.23
2.40E+09 0.0288 3324.5
2.43E+09 0.0289 3321.9
2.45E+09 0.0283 3319.34
2.48E+09 0.0284 3316.75
2.51E+09 0.0281 3314.09
2.54E+09 0.0277 3311.45
2.56E+09 0.0270 3309
2.59E+09 0.0270 3306.54
2.62E+09 0.0266 3304.06
2.64E+09 0.0267 3301.8
2.67E+09 0.0260 3299.22
2.70E+09 0.0263 3297.02
2.73E+09 0.0257 3294.55
2.75E+09 0.0259 3292.19
2.78E+09 0.0257 3289.84
2.81E+09 0.0252 3287.2
2.84E+09 0.0251 3284.72
2.87E+09 0.0246 3282.21
2.90E+09 0.0248 3279.73
2.93E+09 0.0242 3277.37
2.96E+09 0.0240 3274.94
2.99E+09 0.0237 3272.77
3.02E+09 0.0235 3270.33
3.05E+09 0.0237 3267.89
3.08E+09 0.0232 3265.34
3.11E+09 0.0230 3262.94
3.14E+09 0.0229 3260.5
3.17E+09 0.0229 3258.13
3.21E+09 0.0223 3255.8
3.24E+09 0.0220 3253.49
3.27E+09 0.0217 3251.17
3.30E+09 0.0220 3248.77
3.33E+09 0.0209 3246.35
3.37E+09 0.0214 3243.87
3.41E+09 0.0209 3241.3
3.44E+09 0.0206 3238.94
3.47E+09 0.0206 3236.73
3.51E+09 0.0204 3234.41
3.54E+09 0.0202 3231.97
3.58E+09 0.0201 3229.55
3.62E+09 0.0197 3227.12
3.65E+09 0.0195 3224.64
3.69E+09 0.0192 3222.24
3.72E+09 0.0190 3220.06
3.76E+09 0.0192 3217.8
3.80E+09 0.0189 3215.34
3.84E+09 0.0189 3213.02
3.87E+09 0.0181 3210.79
3.91E+09 0.0183 3208.72
3.94E+09 0.0175 3206.9
3.97E+09 0.0179 3204.85
4.01E+09 0.0181 3202.65
4.04E+09 0.0179 3200.52
4.08E+09 0.0175 3198.36
4.12E+09 0.0171 3196.02
4.16E+09 0.0169 3193.6
4.20E+09 0.0168 3191.38
4.24E+09 0.0174 3189.16
4.28E+09 0.0167 3186.85
4.32E+09 0.0166 3184.69
4.36E+09 0.0161 3182.33
4.40E+09 0.0160 3180.41
4.44E+09 0.0160 3178.22
4.48E+09 0.0161 3175.93
4.52E+09 0.0157 3173.94
4.56E+09 0.0158 3171.84
4.60E+09 0.0158 3169.69
4.64E+09 0.0155 3167.46
4.69E+09 0.0155 3165.3
4.72E+09 0.0159 3163.26
4.77E+09 0.0158 3161
4.81E+09 0.0155 3158.9
4.85E+09 0.0152 3156.97
4.89E+09 0.0152 3154.8
4.92E+09 0.0156 3152.86
4.96E+09 0.0154 3150.8
