0.00E+00 -0.3814 4436
7.96E+08 0.0132 4128.87
1.06E+09 0.0100 4092.47
1.21E+09 0.0350 4064.78
1.31E+09 0.0289 4026.17
1.43E+09 0.0368 3979.79
1.54E+09 0.0301 3934.58
1.68E+09 0.0254 3889.29
1.82E+09 0.0219 3849.12
1.94E+09 0.0194 3817.25
2.06E+09 0.0176 3789.73
2.19E+09 0.0156 3765.09
2.33E+09 0.0135 3740.26
2.45E+09 0.0118 3721.33
2.56E+09 0.0103 3705.72
2.67E+09 0.0091 3692.95
2.77E+09 0.0082 3682.87
2.86E+09 0.0075 3674.46
2.94E+09 0.0069 3667.07
3.02E+09 0.0065 3660.23
3.11E+09 0.0063 3653.8
3.18E+09 0.0062 3647.94
3.26E+09 0.0060 3642
3.35E+09 0.0056 3635.65
3.43E+09 0.0052 3630.67
3.52E+09 0.0049 3625.06
3.61E+09 0.0049 3619.6
3.71E+09 0.0048 3613.81
3.81E+09 0.0047 3608.15
3.91E+09 0.0044 3602.54
4.01E+09 0.0042 3597.09
4.13E+09 0.0041 3591.24
4.24E+09 0.0040 3585.55
4.36E+09 0.0039 3579.8
4.48E+09 0.0037 3574.3
4.60E+09 0.0035 3568.81
4.72E+09 0.0033 3563.68
4.84E+09 0.0030 3559.05
4.97E+09 0.0028 3554.49
