0.00E+00 -0.1915 3428.33
3.45E+07 0.1282 3424
5.18E+07 0.1378 3416.66
9.59E+07 0.1286 3399.27
1.41E+08 0.1349 3381.85
1.94E+08 0.1235 3361.75
2.24E+08 0.1182 3350.8
2.48E+08 0.1127 3342.59
2.69E+08 0.1071 3335.88
2.88E+08 0.1059 3330
3.05E+08 0.1010 3324.57
3.21E+08 0.0985 3319.89
3.34E+08 0.0966 3316.14
3.48E+08 0.0943 3312.15
3.61E+08 0.0930 3308.58
3.74E+08 0.0904 3305.04
3.87E+08 0.0894 3301.48
4.01E+08 0.0868 3297.93
4.14E+08 0.0854 3294.5
4.28E+08 0.0830 3291.04
4.40E+08 0.0812 3287.99
4.52E+08 0.0790 3285.24
4.65E+08 0.0775 3282.25
4.78E+08 0.0763 3279.23
4.93E+08 0.0737 3275.96
5.04E+08 0.0724 3273.5
5.17E+08 0.0710 3270.69
5.29E+08 0.0695 3268.3
5.43E+08 0.0672 3265.43
5.59E+08 0.0652 3262.21
5.72E+08 0.0638 3259.8
5.89E+08 0.0623 3256.67
6.06E+08 0.0604 3253.51
6.24E+08 0.0585 3250.41
6.41E+08 0.0573 3247.48
6.59E+08 0.0547 3244.39
6.76E+08 0.0538 3241.7
6.94E+08 0.0517 3238.83
7.14E+08 0.0502 3235.87
7.31E+08 0.0485 3233.3
7.47E+08 0.0474 3231.02
7.66E+08 0.0464 3228.4
7.81E+08 0.0457 3226.42
7.97E+08 0.0445 3224.25
8.13E+08 0.0433 3222.11
8.30E+08 0.0432 3219.94
8.47E+08 0.0431 3217.76
8.62E+08 0.0424 3215.81
8.79E+08 0.0420 3213.78
8.93E+08 0.0413 3212.02
9.06E+08 0.0414 3210.39
9.20E+08 0.0408 3208.71
9.36E+08 0.0405 3206.79
9.49E+08 0.0404 3205.2
9.62E+08 0.0401 3203.62
9.74E+08 0.0399 3202.14
9.88E+08 0.0398 3200.49
1.00E+09 0.0400 3198.69
1.02E+09 0.0393 3196.71
1.04E+09 0.0395 3194.83
1.05E+09 0.0388 3192.75
1.07E+09 0.0386 3190.9
1.09E+09 0.0381 3189.19
1.10E+09 0.0378 3187.25
1.12E+09 0.0381 3185.43
1.14E+09 0.0380 3183.41
1.15E+09 0.0377 3181.43
1.17E+09 0.0376 3179.31
1.19E+09 0.0376 3177.41
1.21E+09 0.0375 3175.62
1.22E+09 0.0371 3173.75
1.24E+09 0.0372 3171.97
1.25E+09 0.0370 3170.28
1.27E+09 0.0365 3168.53
1.28E+09 0.0364 3166.96
1.30E+09 0.0361 3165.17
1.32E+09 0.0359 3163.54
1.33E+09 0.0360 3161.94
1.35E+09 0.0359 3160.22
1.36E+09 0.0353 3158.48
1.38E+09 0.0356 3156.65
1.40E+09 0.0355 3154.93
1.42E+09 0.0356 3153.05
1.43E+09 0.0355 3151.17
1.45E+09 0.0354 3149.34
1.47E+09 0.0352 3147.35
1.49E+09 0.0347 3145.34
1.51E+09 0.0349 3143.44
1.52E+09 0.0349 3141.72
1.54E+09 0.0345 3139.84
1.56E+09 0.0343 3138.1
1.58E+09 0.0341 3136.25
1.60E+09 0.0337 3134.28
1.62E+09 0.0334 3132.39
1.63E+09 0.0337 3130.57
1.65E+09 0.0334 3128.74
1.67E+09 0.0334 3126.95
1.69E+09 0.0330 3125.11
1.71E+09 0.0324 3123.29
1.72E+09 0.0324 3121.59
1.74E+09 0.0326 3120.06
1.76E+09 0.0318 3118.31
1.78E+09 0.0322 3116.61
1.79E+09 0.0320 3114.95
1.81E+09 0.0318 3113.04
1.83E+09 0.0318 3111.21
1.85E+09 0.0316 3109.22
1.88E+09 0.0317 3107.26
1.89E+09 0.0313 3105.44
1.91E+09 0.0311 3103.73
1.93E+09 0.0307 3101.95
1.95E+09 0.0309 3100.37
1.97E+09 0.0303 3098.59
1.99E+09 0.0307 3096.83
2.01E+09 0.0300 3095.15
2.03E+09 0.0302 3093.31
2.05E+09 0.0301 3091.46
2.07E+09 0.0299 3089.61
2.09E+09 0.0296 3087.71
2.11E+09 0.0297 3085.97
2.13E+09 0.0294 3084.24
2.15E+09 0.0293 3082.58
2.17E+09 0.0292 3080.66
2.19E+09 0.0291 3079.06
2.21E+09 0.0287 3077.24
2.23E+09 0.0291 3075.57
2.25E+09 0.0285 3073.84
2.27E+09 0.0286 3072.1
2.29E+09 0.0283 3070.24
2.32E+09 0.0277 3068.47
2.33E+09 0.0278 3066.88
2.36E+09 0.0279 3065.16
2.38E+09 0.0280 3063.5
2.40E+09 0.0275 3061.83
2.42E+09 0.0277 3060.19
2.43E+09 0.0276 3058.63
2.46E+09 0.0278 3056.87
2.48E+09 0.0272 3054.99
2.50E+09 0.0269 3053.26
2.52E+09 0.0266 3051.68
2.54E+09 0.0268 3050.24
2.56E+09 0.0263 3048.48
2.58E+09 0.0263 3046.72
2.61E+09 0.0262 3045
2.63E+09 0.0259 3043.17
2.65E+09 0.0257 3041.51
2.67E+09 0.0255 3039.78
2.69E+09 0.0253 3038.19
2.72E+09 0.0255 3036.57
2.74E+09 0.0252 3034.74
2.77E+09 0.0254 3032.8
2.79E+09 0.0249 3031.06
2.81E+09 0.0249 3029.46
2.83E+09 0.0249 3027.84
2.86E+09 0.0248 3026.1
2.88E+09 0.0244 3024.46
2.90E+09 0.0244 3022.84
2.93E+09 0.0244 3021.07
2.95E+09 0.0240 3019.34
2.97E+09 0.0244 3017.65
3.00E+09 0.0243 3015.93
3.02E+09 0.0243 3014.21
3.04E+09 0.0238 3012.56
3.07E+09 0.0238 3010.97
3.09E+09 0.0238 3009.47
3.11E+09 0.0239 3007.83
3.14E+09 0.0238 3006.05
3.16E+09 0.0234 3004.38
3.19E+09 0.0233 3002.48
3.21E+09 0.0236 3000.69
3.24E+09 0.0234 2998.98
3.26E+09 0.0231 2997.16
3.29E+09 0.0230 2995.47
3.31E+09 0.0230 2993.93
3.34E+09 0.0224 2992.3
3.36E+09 0.0227 2990.82
3.38E+09 0.0229 2989.28
3.40E+09 0.0225 2987.65
3.43E+09 0.0228 2986.14
3.45E+09 0.0219 2984.46
3.48E+09 0.0222 2982.95
3.50E+09 0.0221 2981.26
3.52E+09 0.0218 2979.7
3.55E+09 0.0218 2978.18
3.57E+09 0.0218 2976.62
3.60E+09 0.0214 2974.91
3.63E+09 0.0217 2973.18
3.65E+09 0.0214 2971.39
3.68E+09 0.0212 2969.64
3.71E+09 0.0213 2967.99
3.73E+09 0.0211 2966.32
3.76E+09 0.0211 2964.67
3.79E+09 0.0208 2962.87
3.82E+09 0.0211 2961.26
3.84E+09 0.0211 2959.53
3.87E+09 0.0205 2957.87
3.89E+09 0.0206 2956.39
3.92E+09 0.0208 2954.94
3.94E+09 0.0206 2953.63
3.97E+09 0.0203 2952.03
4.00E+09 0.0202 2950.22
4.02E+09 0.0203 2948.73
4.05E+09 0.0203 2947.21
4.07E+09 0.0202 2945.72
4.10E+09 0.0205 2944.13
4.12E+09 0.0202 2942.44
4.15E+09 0.0202 2940.95
4.18E+09 0.0204 2939.09
4.21E+09 0.0200 2937.49
4.23E+09 0.0201 2935.85
4.26E+09 0.0198 2934.06
4.30E+09 0.0200 2932.25
4.32E+09 0.0201 2930.5
4.35E+09 0.0203 2928.86
4.38E+09 0.0200 2927.15
4.41E+09 0.0201 2925.3
4.44E+09 0.0206 2923.65
4.47E+09 0.0205 2921.95
4.50E+09 0.0201 2920.15
4.53E+09 0.0200 2918.4
4.55E+09 0.0200 2916.76
4.58E+09 0.0204 2915.15
4.61E+09 0.0203 2913.38
4.64E+09 0.0203 2911.56
4.67E+09 0.0203 2909.84
4.70E+09 0.0202 2908.04
4.73E+09 0.0201 2906.37
4.75E+09 0.0200 2904.74
4.78E+09 0.0200 2903.42
4.80E+09 0.0201 2902.2
4.82E+09 0.0204 2900.6
4.85E+09 0.0202 2898.92
4.88E+09 0.0201 2897.34
4.90E+09 0.0201 2895.74
4.93E+09 0.0202 2894.36
4.95E+09 0.0202 2892.68
4.98E+09 0.0205 2890.93
