0.00E+00 -0.5157 4824.84
2.45E+08 0.1115 4735.62
3.07E+08 0.1128 4711.74
3.24E+08 0.1262 4705.09
3.28E+08 0.1630 4703.22
3.41E+08 0.1620 4695.78
3.65E+08 0.1690 4682.43
3.75E+08 0.1792 4676.07
4.07E+08 0.1754 4656.55
4.58E+08 0.1838 4624.55
4.99E+08 0.1902 4597.1
5.96E+08 0.1687 4536.75
6.70E+08 0.1533 4495.83
7.23E+08 0.1422 4468.42
7.72E+08 0.1342 4445.16
8.18E+08 0.1318 4423.68
8.55E+08 0.1321 4406.99
8.83E+08 0.1356 4393.83
9.09E+08 0.1418 4381.48
9.30E+08 0.1430 4370.73
9.56E+08 0.1363 4358.16
9.83E+08 0.1276 4345.76
1.01E+09 0.1162 4335.63
1.03E+09 0.1255 4326.82
1.06E+09 0.1183 4314.9
1.09E+09 0.1104 4302.72
1.11E+09 0.1117 4292.29
1.15E+09 0.1036 4280.2
1.17E+09 0.1100 4271.36
1.20E+09 0.1023 4260.76
1.22E+09 0.0938 4253.42
1.24E+09 0.0930 4247.97
1.26E+09 0.0864 4242.51
1.27E+09 0.0968 4237.39
1.29E+09 0.0902 4230.19
1.31E+09 0.0892 4223.97
1.33E+09 0.0850 4218.38
1.35E+09 0.0932 4212.86
1.37E+09 0.0877 4206.64
1.39E+09 0.0880 4200.29
1.41E+09 0.0847 4193.6
1.43E+09 0.0838 4188.85
1.45E+09 0.0776 4184.01
1.46E+09 0.0846 4178.68
1.48E+09 0.0780 4173.53
1.50E+09 0.0750 4169.9
1.51E+09 0.0740 4165.82
1.53E+09 0.0793 4161.06
1.55E+09 0.0794 4155.18
1.57E+09 0.0741 4150.32
1.59E+09 0.0759 4145.74
1.61E+09 0.0773 4140.06
1.63E+09 0.0743 4135.05
1.65E+09 0.0728 4130.04
1.67E+09 0.0744 4124.67
1.69E+09 0.0687 4119.43
1.71E+09 0.0705 4114.6
1.73E+09 0.0682 4110.42
1.75E+09 0.0695 4105.38
1.77E+09 0.0637 4100
1.79E+09 0.0639 4096.69
1.81E+09 0.0644 4091.68
1.83E+09 0.0631 4087.03
1.85E+09 0.0625 4082.83
1.87E+09 0.0607 4078.06
1.89E+09 0.0579 4073.67
1.91E+09 0.0561 4069.9
1.93E+09 0.0594 4065.42
1.95E+09 0.0614 4061.6
1.98E+09 0.0594 4056.05
2.00E+09 0.0551 4051.07
2.03E+09 0.0553 4046.21
2.05E+09 0.0568 4041.12
2.08E+09 0.0541 4036.05
2.11E+09 0.0554 4031.17
2.13E+09 0.0511 4027.41
2.14E+09 0.0553 4024.27
2.16E+09 0.0504 4020.54
2.18E+09 0.0469 4016.86
2.21E+09 0.0500 4012.94
2.23E+09 0.0469 4009.25
2.25E+09 0.0451 4005.65
2.28E+09 0.0522 4001.75
2.30E+09 0.0464 3997.47
2.33E+09 0.0473 3993.41
2.35E+09 0.0472 3989.39
2.37E+09 0.0446 3985.74
2.40E+09 0.0410 3981.63
2.43E+09 0.0381 3978.32
2.45E+09 0.0435 3975.24
2.48E+09 0.0442 3970.85
2.51E+09 0.0414 3966.66
2.53E+09 0.0377 3963.3
2.55E+09 0.0447 3960.08
2.58E+09 0.0429 3955.47
2.61E+09 0.0394 3951.36
2.64E+09 0.0379 3947.76
2.67E+09 0.0394 3944.18
2.69E+09 0.0350 3940.44
2.73E+09 0.0393 3936.6
2.76E+09 0.0377 3932.36
2.79E+09 0.0344 3928.64
2.82E+09 0.0337 3924.78
2.85E+09 0.0327 3920.74
2.88E+09 0.0341 3917.31
2.91E+09 0.0339 3913.73
2.94E+09 0.0324 3910.23
2.98E+09 0.0311 3906.75
3.01E+09 0.0303 3903.3
3.04E+09 0.0339 3899.62
3.08E+09 0.0351 3894.99
3.12E+09 0.0336 3890.64
3.15E+09 0.0313 3886.64
3.18E+09 0.0331 3883.02
3.21E+09 0.0300 3879.86
3.25E+09 0.0297 3876.42
3.28E+09 0.0272 3873.55
3.30E+09 0.0237 3871.12
3.33E+09 0.0244 3868.75
3.36E+09 0.0241 3866.52
3.38E+09 0.0253 3864.12
3.42E+09 0.0233 3861.42
3.45E+09 0.0273 3858.37
3.49E+09 0.0282 3855.08
3.52E+09 0.0264 3851.58
3.56E+09 0.0233 3848.27
3.59E+09 0.0253 3845.63
3.63E+09 0.0241 3842.4
3.67E+09 0.0239 3839.22
3.71E+09 0.0247 3835.59
3.76E+09 0.0243 3831.63
3.80E+09 0.0226 3828.09
3.84E+09 0.0222 3824.87
3.88E+09 0.0213 3821.84
3.93E+09 0.0208 3818.86
3.97E+09 0.0216 3815.72
4.01E+09 0.0192 3812.91
4.05E+09 0.0192 3810.01
4.10E+09 0.0205 3806.78
4.14E+09 0.0207 3803.3
4.19E+09 0.0194 3800.47
4.22E+09 0.0182 3798.33
4.25E+09 0.0162 3796.28
4.29E+09 0.0184 3794.21
4.33E+09 0.0185 3791.61
4.37E+09 0.0195 3788.8
4.42E+09 0.0172 3786.03
4.46E+09 0.0155 3783.77
4.50E+09 0.0156 3781.64
4.53E+09 0.0170 3779.37
4.58E+09 0.0149 3776.9
4.63E+09 0.0160 3774.46
4.66E+09 0.0150 3772.38
4.71E+09 0.0160 3770.02
4.76E+09 0.0152 3767.36
4.81E+09 0.0168 3764.68
4.86E+09 0.0164 3761.56
4.91E+09 0.0169 3758.63
4.96E+09 0.0151 3755.65
