0.00E+00 -0.2376 3625.12
5.68E+07 0.1440 3611.71
7.96E+07 0.1553 3598.63
1.27E+08 0.1354 3573.45
1.83E+08 0.1440 3546.7
2.53E+08 0.1352 3510.67
3.07E+08 0.1281 3483.88
3.35E+08 0.1196 3471.56
3.55E+08 0.1114 3462.99
3.74E+08 0.1118 3454.95
3.98E+08 0.1056 3445.61
4.21E+08 0.1020 3437.09
4.43E+08 0.0973 3429.26
4.60E+08 0.0925 3423.13
4.77E+08 0.0914 3417.42
4.93E+08 0.0870 3412.07
5.13E+08 0.0846 3405.83
5.30E+08 0.0821 3400.84
5.47E+08 0.0799 3395.54
5.65E+08 0.0773 3390.43
5.82E+08 0.0747 3385.66
6.02E+08 0.0733 3380.37
6.22E+08 0.0712 3375.15
6.42E+08 0.0674 3369.98
6.64E+08 0.0647 3364.72
6.87E+08 0.0618 3359.42
7.11E+08 0.0581 3354.2
7.33E+08 0.0558 3349.66
7.50E+08 0.0537 3346.31
7.70E+08 0.0506 3342.41
7.90E+08 0.0488 3338.85
8.15E+08 0.0459 3334.45
8.42E+08 0.0431 3330.15
8.68E+08 0.0402 3326.09
8.91E+08 0.0380 3322.84
9.16E+08 0.0358 3319.52
9.46E+08 0.0335 3315.74
9.80E+08 0.0306 3311.71
1.01E+09 0.0280 3308.17
1.05E+09 0.0259 3304.92
1.09E+09 0.0230 3301.35
1.13E+09 0.0207 3298.05
1.17E+09 0.0178 3294.93
1.21E+09 0.0165 3292.17
1.25E+09 0.0145 3289.98
1.29E+09 0.0137 3287.9
1.33E+09 0.0137 3286.07
1.36E+09 0.0137 3284.4
1.39E+09 0.0135 3282.99
1.42E+09 0.0140 3281.48
1.45E+09 0.0137 3279.92
1.48E+09 0.0138 3278.41
1.51E+09 0.0141 3276.78
1.55E+09 0.0135 3275.11
1.58E+09 0.0139 3273.46
1.61E+09 0.0139 3271.85
1.65E+09 0.0136 3270.13
1.68E+09 0.0135 3268.52
1.71E+09 0.0133 3266.84
1.75E+09 0.0132 3265.27
1.78E+09 0.0132 3263.5
1.82E+09 0.0132 3261.86
1.85E+09 0.0130 3260.11
1.89E+09 0.0132 3258.5
1.92E+09 0.0132 3256.8
1.96E+09 0.0129 3255.15
1.99E+09 0.0132 3253.58
2.02E+09 0.0133 3251.98
2.06E+09 0.0127 3250.27
2.09E+09 0.0128 3248.61
2.13E+09 0.0131 3246.89
2.17E+09 0.0132 3245.25
2.20E+09 0.0126 3243.53
2.24E+09 0.0125 3241.87
2.28E+09 0.0122 3240.14
2.31E+09 0.0125 3238.45
2.35E+09 0.0124 3236.77
2.39E+09 0.0126 3235.08
2.43E+09 0.0123 3233.34
2.47E+09 0.0121 3231.64
2.50E+09 0.0121 3230.01
2.54E+09 0.0122 3228.19
2.58E+09 0.0121 3226.41
2.63E+09 0.0119 3224.56
2.67E+09 0.0121 3222.75
2.71E+09 0.0116 3221.08
2.75E+09 0.0115 3219.27
2.79E+09 0.0116 3217.45
2.84E+09 0.0116 3215.6
2.88E+09 0.0114 3213.66
2.93E+09 0.0109 3211.9
2.97E+09 0.0111 3210.04
3.02E+09 0.0111 3208.23
3.06E+09 0.0111 3206.43
3.10E+09 0.0110 3204.77
3.15E+09 0.0108 3203.08
3.19E+09 0.0108 3201.33
3.24E+09 0.0106 3199.52
3.28E+09 0.0107 3197.72
3.33E+09 0.0105 3195.88
3.38E+09 0.0103 3194.07
3.43E+09 0.0104 3192.28
3.47E+09 0.0104 3190.49
3.52E+09 0.0103 3188.69
3.56E+09 0.0104 3187.05
3.61E+09 0.0105 3185.22
3.66E+09 0.0104 3183.53
3.70E+09 0.0102 3181.75
3.76E+09 0.0103 3179.87
3.81E+09 0.0099 3178.01
3.85E+09 0.0100 3176.37
3.90E+09 0.0101 3174.54
3.95E+09 0.0102 3172.72
4.00E+09 0.0104 3170.92
4.04E+09 0.0104 3169.16
4.09E+09 0.0103 3167.36
4.14E+09 0.0104 3165.47
4.19E+09 0.0105 3163.61
4.23E+09 0.0106 3161.91
4.28E+09 0.0109 3160.13
4.32E+09 0.0107 3158.4
4.37E+09 0.0108 3156.46
4.42E+09 0.0107 3154.5
4.47E+09 0.0111 3152.54
4.52E+09 0.0111 3150.5
4.57E+09 0.0116 3148.63
4.62E+09 0.0112 3146.61
4.66E+09 0.0115 3144.82
4.71E+09 0.0117 3142.78
4.76E+09 0.0116 3140.69
4.81E+09 0.0116 3138.61
4.86E+09 0.0116 3136.55
4.90E+09 0.0117 3134.46
4.95E+09 0.0117 3132.45
5.00E+09 0.0123 3130.39
