0.00E+00 -1.3087 7229.33
1.53E+08 0.4031 6920.18
2.11E+08 0.3482 6798.06
2.56E+08 0.3370 6709.87
2.96E+08 0.3164 6635.14
3.30E+08 0.3006 6572.72
3.62E+08 0.3002 6517.51
3.93E+08 0.2903 6467.91
4.21E+08 0.2713 6422.81
4.47E+08 0.2696 6382.19
4.75E+08 0.2594 6341.16
5.01E+08 0.2574 6303.18
5.28E+08 0.2487 6265.25
5.54E+08 0.2441 6228.65
5.82E+08 0.2347 6191.01
6.07E+08 0.2302 6157.39
6.34E+08 0.2225 6124.14
6.56E+08 0.2184 6096.52
6.78E+08 0.2096 6070.03
7.01E+08 0.2113 6041.66
7.23E+08 0.2061 6015.93
7.47E+08 0.2007 5988.34
7.69E+08 0.1923 5963.48
7.94E+08 0.1936 5935.84
8.17E+08 0.1872 5911.15
8.39E+08 0.1880 5887.38
8.62E+08 0.1834 5864.16
8.85E+08 0.1825 5839.6
9.12E+08 0.1843 5812.53
9.36E+08 0.1824 5787.15
9.55E+08 0.1807 5768.03
9.71E+08 0.1876 5751.12
9.87E+08 0.2121 5733.25
9.98E+08 0.3465 5718.18
1.00E+09 0.3796 5712.35
1.01E+09 0.3396 5699.08
1.03E+09 0.2451 5655.42
1.10E+09 0.2014 5571.92
1.18E+09 0.2065 5483.51
1.28E+09 0.1786 5374.57
1.36E+09 0.1429 5295.31
1.51E+09 0.1308 5184.34
1.65E+09 0.1257 5083.94
1.79E+09 0.0937 4999.15
1.92E+09 0.1050 4917.82
2.03E+09 0.0819 4860.31
2.13E+09 0.0866 4811.4
2.24E+09 0.0692 4761.23
2.34E+09 0.0530 4728.81
2.43E+09 0.0579 4698.48
2.49E+09 0.0464 4680.22
2.55E+09 0.0425 4665.67
2.61E+09 0.0359 4651.15
2.65E+09 0.0398 4642.29
2.71E+09 0.0329 4632.05
2.75E+09 0.0312 4623.53
2.80E+09 0.0308 4614.95
2.85E+09 0.0293 4606.73
2.90E+09 0.0351 4597.58
2.95E+09 0.0232 4589.35
3.00E+09 0.0310 4581.77
3.06E+09 0.0229 4572.4
3.11E+09 0.0207 4566.09
3.16E+09 0.0264 4558.77
3.22E+09 0.0184 4552.11
3.27E+09 0.0179 4547.39
3.32E+09 0.0209 4540.92
3.38E+09 0.0216 4534.67
3.43E+09 0.0214 4528.04
3.49E+09 0.0188 4521.37
3.54E+09 0.0188 4514.81
3.61E+09 0.0156 4509.16
3.66E+09 0.0171 4504.15
3.72E+09 0.0171 4498.8
3.78E+09 0.0167 4493.13
3.85E+09 0.0151 4486.68
3.91E+09 0.0150 4481.36
3.98E+09 0.0137 4476.04
4.04E+09 0.0147 4471.09
4.11E+09 0.0115 4465.88
4.18E+09 0.0141 4460.92
4.25E+09 0.0105 4455.98
4.32E+09 0.0122 4451.67
4.39E+09 0.0113 4446.53
4.46E+09 0.0108 4442.27
4.54E+09 0.0103 4437.71
4.61E+09 0.0086 4433.94
4.68E+09 0.0093 4430.53
4.76E+09 0.0086 4426.14
4.84E+09 0.0087 4422.42
4.92E+09 0.0085 4418.37
