0.00E+00 -0.2031 3493.33
3.78E+07 0.1320 3488.29
5.72E+07 0.1482 3479.61
1.07E+08 0.1303 3458.95
1.57E+08 0.1374 3439.47
2.09E+08 0.1278 3419.06
2.39E+08 0.1212 3408.17
2.54E+08 0.1185 3402.67
2.74E+08 0.1140 3395.86
2.95E+08 0.1100 3388.99
3.15E+08 0.1070 3382.53
3.34E+08 0.1019 3376.64
3.47E+08 0.0995 3372.77
3.60E+08 0.0978 3368.9
3.75E+08 0.0961 3364.79
3.87E+08 0.0927 3361.26
4.01E+08 0.0904 3357.5
4.15E+08 0.0890 3353.93
4.29E+08 0.0866 3350.2
4.43E+08 0.0856 3346.7
4.57E+08 0.0833 3343.05
4.73E+08 0.0808 3339.17
4.90E+08 0.0784 3335.14
5.06E+08 0.0762 3331.58
5.24E+08 0.0736 3327.47
5.38E+08 0.0718 3324.57
5.53E+08 0.0694 3321.31
5.71E+08 0.0674 3317.73
5.88E+08 0.0649 3314.42
6.06E+08 0.0630 3310.9
6.20E+08 0.0615 3308.32
6.37E+08 0.0593 3305.39
6.53E+08 0.0579 3302.51
6.71E+08 0.0563 3299.53
6.87E+08 0.0545 3296.89
7.05E+08 0.0530 3294.1
7.23E+08 0.0510 3291.23
7.43E+08 0.0497 3288.23
7.60E+08 0.0485 3285.79
7.79E+08 0.0464 3283.12
7.98E+08 0.0455 3280.53
8.16E+08 0.0448 3278.1
8.29E+08 0.0440 3276.38
8.45E+08 0.0437 3274.39
8.61E+08 0.0431 3272.26
8.75E+08 0.0431 3270.45
8.92E+08 0.0424 3268.29
9.07E+08 0.0423 3266.47
9.21E+08 0.0422 3264.72
9.37E+08 0.0416 3262.72
9.54E+08 0.0409 3260.66
9.70E+08 0.0409 3258.68
9.87E+08 0.0407 3256.64
1.00E+09 0.0401 3254.84
1.02E+09 0.0399 3252.9
1.03E+09 0.0399 3251.09
1.05E+09 0.0396 3249.62
1.06E+09 0.0389 3247.66
1.08E+09 0.0390 3245.61
1.10E+09 0.0388 3243.58
1.12E+09 0.0381 3241.46
1.14E+09 0.0380 3239.29
1.15E+09 0.0375 3237.49
1.17E+09 0.0380 3235.57
1.19E+09 0.0375 3233.71
1.20E+09 0.0372 3232.07
1.22E+09 0.0372 3230.32
1.23E+09 0.0371 3228.48
1.25E+09 0.0367 3226.22
1.27E+09 0.0371 3224.37
1.29E+09 0.0367 3222.62
1.30E+09 0.0365 3220.66
1.32E+09 0.0356 3218.67
1.34E+09 0.0361 3217
1.36E+09 0.0360 3215.22
1.37E+09 0.0358 3213.56
1.39E+09 0.0359 3211.7
1.41E+09 0.0353 3209.68
1.43E+09 0.0348 3207.62
1.44E+09 0.0347 3205.88
1.46E+09 0.0352 3204.25
1.48E+09 0.0347 3202.45
1.50E+09 0.0345 3200.52
1.51E+09 0.0343 3198.82
1.53E+09 0.0340 3197.01
1.55E+09 0.0341 3195.26
1.57E+09 0.0340 3193.45
1.58E+09 0.0339 3191.57
1.60E+09 0.0336 3189.75
1.62E+09 0.0336 3187.91
1.64E+09 0.0340 3186.15
1.66E+09 0.0333 3184.26
1.68E+09 0.0337 3182.45
1.70E+09 0.0331 3180.48
1.71E+09 0.0329 3178.67
1.73E+09 0.0328 3176.93
1.75E+09 0.0328 3175.17
1.77E+09 0.0323 3173.33
1.79E+09 0.0324 3171.46
1.81E+09 0.0316 3169.37
1.83E+09 0.0317 3167.51
1.85E+09 0.0316 3165.64
1.87E+09 0.0314 3163.66
1.89E+09 0.0314 3161.79
1.91E+09 0.0312 3160.05
1.93E+09 0.0313 3158.16
1.95E+09 0.0309 3156.28
1.97E+09 0.0307 3154.41
1.99E+09 0.0311 3152.68
2.01E+09 0.0307 3150.79
2.03E+09 0.0303 3148.93
2.05E+09 0.0305 3147.35
2.07E+09 0.0303 3145.68
2.09E+09 0.0300 3143.97
2.11E+09 0.0297 3142.22
2.13E+09 0.0296 3140.48
2.15E+09 0.0293 3138.55
2.17E+09 0.0294 3136.81
2.19E+09 0.0295 3135.07
2.21E+09 0.0295 3133.27
2.23E+09 0.0290 3131.57
2.25E+09 0.0294 3130.07
2.27E+09 0.0284 3128.25
2.29E+09 0.0287 3126.58
2.31E+09 0.0288 3125.07
2.33E+09 0.0283 3123.4
2.35E+09 0.0287 3121.65
2.37E+09 0.0284 3119.74
2.39E+09 0.0286 3118.09
2.41E+09 0.0282 3116.41
2.43E+09 0.0282 3114.62
2.45E+09 0.0279 3112.92
2.47E+09 0.0277 3111.36
2.49E+09 0.0278 3109.95
2.51E+09 0.0269 3108.39
2.53E+09 0.0276 3106.79
2.55E+09 0.0271 3105.13
2.57E+09 0.0267 3103.54
2.59E+09 0.0269 3102
2.60E+09 0.0272 3100.57
2.62E+09 0.0266 3099.14
2.64E+09 0.0266 3097.79
2.66E+09 0.0266 3096.12
2.68E+09 0.0263 3094.39
2.70E+09 0.0262 3092.8
2.72E+09 0.0263 3091.26
2.74E+09 0.0261 3089.62
2.76E+09 0.0260 3087.93
2.79E+09 0.0259 3086.18
2.81E+09 0.0254 3084.36
2.83E+09 0.0254 3082.78
2.86E+09 0.0254 3081.13
2.88E+09 0.0252 3079.39
2.90E+09 0.0250 3077.61
2.92E+09 0.0249 3075.96
2.95E+09 0.0247 3074.35
2.97E+09 0.0244 3072.89
2.99E+09 0.0241 3071.28
3.01E+09 0.0243 3069.68
3.03E+09 0.0242 3068.19
3.05E+09 0.0240 3066.55
3.08E+09 0.0238 3065.03
3.10E+09 0.0239 3063.63
3.11E+09 0.0242 3062.31
3.14E+09 0.0238 3060.79
3.16E+09 0.0236 3059.17
3.18E+09 0.0233 3057.61
3.20E+09 0.0232 3055.99
3.23E+09 0.0233 3054.55
3.25E+09 0.0230 3052.96
3.27E+09 0.0228 3051.24
3.30E+09 0.0232 3049.66
3.32E+09 0.0225 3048.16
3.34E+09 0.0223 3046.63
3.37E+09 0.0220 3045.03
3.39E+09 0.0223 3043.5
3.41E+09 0.0223 3041.87
3.44E+09 0.0221 3040.33
3.46E+09 0.0221 3038.68
3.49E+09 0.0218 3036.99
3.51E+09 0.0219 3035.42
3.54E+09 0.0219 3033.97
3.56E+09 0.0215 3032.49
3.58E+09 0.0215 3030.97
3.61E+09 0.0209 3029.52
3.63E+09 0.0212 3028.09
3.65E+09 0.0210 3026.73
3.67E+09 0.0211 3025.35
3.69E+09 0.0214 3024.09
3.72E+09 0.0209 3022.59
3.74E+09 0.0209 3020.97
3.77E+09 0.0207 3019.54
3.79E+09 0.0209 3018.06
3.81E+09 0.0209 3016.82
3.83E+09 0.0213 3015.62
3.85E+09 0.0209 3014.18
3.87E+09 0.0207 3012.75
3.90E+09 0.0208 3011.37
3.92E+09 0.0204 3009.94
3.94E+09 0.0206 3008.72
3.96E+09 0.0205 3007.6
3.98E+09 0.0204 3006.51
4.00E+09 0.0203 3005.32
4.02E+09 0.0203 3004.08
4.04E+09 0.0200 3002.85
4.06E+09 0.0201 3001.48
4.08E+09 0.0203 3000.24
4.11E+09 0.0199 2998.8
4.13E+09 0.0199 2997.36
4.15E+09 0.0201 2995.97
4.18E+09 0.0197 2994.6
4.20E+09 0.0199 2993.33
4.22E+09 0.0199 2991.91
4.25E+09 0.0198 2990.24
4.28E+09 0.0193 2988.75
4.30E+09 0.0196 2987.32
4.33E+09 0.0199 2985.82
4.36E+09 0.0198 2984.15
4.38E+09 0.0197 2982.59
4.41E+09 0.0195 2980.98
4.44E+09 0.0198 2979.55
4.46E+09 0.0198 2977.97
4.49E+09 0.0195 2976.45
4.52E+09 0.0193 2974.79
4.55E+09 0.0193 2973.02
4.57E+09 0.0193 2971.51
4.60E+09 0.0196 2970.09
4.63E+09 0.0194 2968.39
4.66E+09 0.0194 2966.74
4.68E+09 0.0191 2965.1
4.71E+09 0.0194 2963.51
4.74E+09 0.0194 2961.77
4.77E+09 0.0197 2960.18
4.80E+09 0.0192 2958.43
4.83E+09 0.0195 2956.87
4.85E+09 0.0194 2955.3
4.88E+09 0.0197 2953.66
4.91E+09 0.0196 2952.01
4.94E+09 0.0195 2950.48
4.96E+09 0.0192 2948.97
4.99E+09 0.0193 2947.53
