0.00E+00 -0.2777 3840.55
4.55E+07 0.1476 3832.18
5.52E+07 0.1845 3827.58
6.65E+07 0.1978 3821.39
8.74E+07 0.1834 3810.31
1.18E+08 0.1700 3795.04
1.51E+08 0.1566 3780.1
1.78E+08 0.1594 3767.71
2.00E+08 0.1773 3757.48
2.22E+08 0.1711 3746.97
2.40E+08 0.1660 3738.17
2.58E+08 0.1610 3730.15
2.72E+08 0.1572 3723.81
2.86E+08 0.1546 3717.78
2.98E+08 0.1492 3712.37
3.12E+08 0.1431 3706.87
3.23E+08 0.1443 3702.38
3.39E+08 0.1402 3695.93
3.50E+08 0.1354 3691.32
3.61E+08 0.1346 3687.39
3.72E+08 0.1323 3683.24
3.81E+08 0.1284 3679.78
3.91E+08 0.1272 3676.36
4.01E+08 0.1234 3672.75
4.09E+08 0.1209 3669.79
4.18E+08 0.1208 3666.83
4.27E+08 0.1189 3663.75
4.36E+08 0.1182 3660.75
4.46E+08 0.1144 3657.62
4.54E+08 0.1119 3655.04
4.63E+08 0.1112 3651.96
4.73E+08 0.1096 3648.87
4.83E+08 0.1078 3645.79
4.94E+08 0.1051 3642.65
5.05E+08 0.1029 3639.45
5.14E+08 0.1014 3636.81
5.25E+08 0.0992 3633.63
5.38E+08 0.0969 3630.15
5.48E+08 0.0931 3627.33
5.61E+08 0.0926 3624.07
5.71E+08 0.0905 3621.44
5.81E+08 0.0881 3618.85
5.91E+08 0.0856 3616.29
6.03E+08 0.0849 3613.56
6.16E+08 0.0821 3610.43
6.30E+08 0.0802 3607.13
6.45E+08 0.0780 3603.91
6.60E+08 0.0754 3600.69
6.75E+08 0.0740 3597.35
6.88E+08 0.0716 3594.66
7.02E+08 0.0694 3591.9
7.16E+08 0.0676 3589.28
7.29E+08 0.0669 3586.83
7.39E+08 0.0658 3584.99
7.48E+08 0.0640 3583.19
7.60E+08 0.0630 3581.05
7.71E+08 0.0627 3579.16
7.80E+08 0.0620 3577.61
7.88E+08 0.0619 3576.21
7.96E+08 0.0618 3574.77
8.05E+08 0.0612 3573.17
8.14E+08 0.0607 3571.7
8.22E+08 0.0596 3570.31
8.31E+08 0.0599 3568.85
8.39E+08 0.0592 3567.41
8.47E+08 0.0595 3566.11
8.56E+08 0.0583 3564.68
8.65E+08 0.0585 3563.05
8.77E+08 0.0587 3561.08
8.88E+08 0.0581 3559.3
9.00E+08 0.0574 3557.41
9.12E+08 0.0566 3555.45
9.22E+08 0.0563 3553.76
9.31E+08 0.0558 3552.42
9.39E+08 0.0550 3551.1
9.49E+08 0.0549 3549.66
9.59E+08 0.0550 3548.04
9.70E+08 0.0546 3546.35
9.81E+08 0.0538 3544.67
9.93E+08 0.0539 3542.82
1.01E+09 0.0531 3540.98
1.02E+09 0.0522 3539.19
1.03E+09 0.0523 3537.16
1.05E+09 0.0522 3535.06
1.06E+09 0.0518 3533.35
1.07E+09 0.0519 3531.6
1.08E+09 0.0510 3529.93
1.09E+09 0.0515 3528.04
1.11E+09 0.0506 3525.87
1.12E+09 0.0506 3524.03
1.13E+09 0.0506 3522.05
1.15E+09 0.0503 3520.02
1.16E+09 0.0497 3517.93
1.18E+09 0.0494 3515.93
1.19E+09 0.0501 3513.83
1.21E+09 0.0495 3511.88
1.22E+09 0.0494 3509.8
1.24E+09 0.0487 3507.88
1.25E+09 0.0482 3506.08
1.26E+09 0.0482 3504.1
1.28E+09 0.0483 3501.86
1.29E+09 0.0480 3499.91
1.31E+09 0.0478 3497.91
1.32E+09 0.0472 3495.81
1.34E+09 0.0464 3493.56
1.36E+09 0.0465 3491.45
1.37E+09 0.0464 3489.37
1.39E+09 0.0462 3487.29
1.41E+09 0.0458 3485.16
1.42E+09 0.0460 3482.85
1.44E+09 0.0448 3480.53
1.46E+09 0.0450 3478.64
1.47E+09 0.0446 3476.72
1.49E+09 0.0439 3474.76
1.50E+09 0.0446 3472.94
1.52E+09 0.0433 3470.78
1.53E+09 0.0436 3469.09
1.55E+09 0.0434 3467.14
1.56E+09 0.0432 3465.18
1.58E+09 0.0430 3463.39
1.60E+09 0.0425 3461.33
1.61E+09 0.0427 3459.48
1.63E+09 0.0422 3457.7
1.64E+09 0.0422 3456.06
1.65E+09 0.0419 3454.34
1.67E+09 0.0412 3452.26
1.69E+09 0.0409 3450.27
1.71E+09 0.0418 3448.21
1.73E+09 0.0406 3446.03
1.74E+09 0.0408 3444.11
1.76E+09 0.0406 3441.94
1.78E+09 0.0399 3439.93
1.80E+09 0.0403 3438
1.81E+09 0.0398 3436.05
1.83E+09 0.0394 3434.12
1.85E+09 0.0393 3432.12
1.87E+09 0.0392 3430.11
1.89E+09 0.0387 3428.08
1.90E+09 0.0385 3426.17
1.92E+09 0.0380 3424.4
1.94E+09 0.0383 3422.54
1.96E+09 0.0378 3420.39
1.97E+09 0.0376 3418.59
1.99E+09 0.0369 3416.57
2.01E+09 0.0370 3414.79
2.03E+09 0.0367 3412.98
2.05E+09 0.0359 3410.9
2.06E+09 0.0364 3409.22
2.08E+09 0.0366 3407.36
2.10E+09 0.0360 3405.57
2.12E+09 0.0359 3403.6
2.14E+09 0.0355 3401.72
2.16E+09 0.0358 3399.88
2.18E+09 0.0354 3397.96
2.20E+09 0.0349 3395.99
2.22E+09 0.0346 3394.01
2.23E+09 0.0341 3392.1
2.26E+09 0.0344 3390.11
2.28E+09 0.0340 3388.1
2.29E+09 0.0341 3386.29
2.31E+09 0.0339 3384.38
2.33E+09 0.0338 3382.47
2.35E+09 0.0334 3380.57
2.37E+09 0.0332 3378.68
2.39E+09 0.0330 3376.81
2.41E+09 0.0327 3375.01
2.43E+09 0.0328 3373.37
2.45E+09 0.0323 3371.53
2.47E+09 0.0319 3369.79
2.49E+09 0.0319 3368.27
2.51E+09 0.0318 3366.73
2.52E+09 0.0315 3364.96
2.55E+09 0.0314 3363.12
2.56E+09 0.0309 3361.48
2.58E+09 0.0310 3359.84
2.60E+09 0.0309 3358.04
2.63E+09 0.0308 3356.13
2.65E+09 0.0308 3354.26
2.67E+09 0.0303 3352.32
2.69E+09 0.0300 3350.43
2.71E+09 0.0297 3348.7
2.73E+09 0.0293 3347.04
2.75E+09 0.0291 3345.2
2.78E+09 0.0291 3343.52
2.80E+09 0.0289 3341.62
2.82E+09 0.0283 3339.66
2.84E+09 0.0284 3338.19
2.86E+09 0.0287 3336.69
2.88E+09 0.0282 3335.02
2.90E+09 0.0281 3333.35
2.92E+09 0.0283 3331.64
2.95E+09 0.0281 3329.68
2.97E+09 0.0278 3327.78
3.00E+09 0.0276 3325.92
3.02E+09 0.0272 3324.04
3.04E+09 0.0270 3322.18
3.07E+09 0.0268 3320.36
3.09E+09 0.0267 3318.6
3.11E+09 0.0264 3316.99
3.13E+09 0.0258 3315.33
3.16E+09 0.0263 3313.73
3.18E+09 0.0260 3311.83
3.21E+09 0.0256 3309.98
3.23E+09 0.0256 3308.28
3.26E+09 0.0257 3306.43
3.28E+09 0.0255 3304.53
3.31E+09 0.0249 3302.79
3.33E+09 0.0250 3301.2
3.35E+09 0.0250 3299.54
3.38E+09 0.0246 3297.82
3.40E+09 0.0242 3296.36
3.42E+09 0.0239 3294.77
3.45E+09 0.0243 3293.09
3.47E+09 0.0243 3291.55
3.50E+09 0.0236 3289.82
3.52E+09 0.0234 3288.14
3.54E+09 0.0234 3286.62
3.57E+09 0.0235 3284.92
3.59E+09 0.0234 3283.38
3.62E+09 0.0233 3281.65
3.65E+09 0.0231 3279.77
3.67E+09 0.0233 3278.02
3.70E+09 0.0233 3276.14
3.73E+09 0.0224 3274.38
3.75E+09 0.0225 3272.9
3.78E+09 0.0226 3271.37
3.80E+09 0.0225 3269.83
3.83E+09 0.0221 3268.19
3.85E+09 0.0219 3266.57
3.88E+09 0.0217 3265.04
3.91E+09 0.0223 3263.26
3.93E+09 0.0222 3261.53
3.96E+09 0.0218 3259.83
3.99E+09 0.0220 3258.24
4.01E+09 0.0214 3256.61
4.04E+09 0.0217 3254.88
4.07E+09 0.0213 3253.24
4.10E+09 0.0212 3251.63
4.12E+09 0.0213 3250.24
4.15E+09 0.0213 3248.7
4.17E+09 0.0207 3247.21
4.20E+09 0.0208 3245.66
4.22E+09 0.0206 3244.17
4.25E+09 0.0205 3242.54
4.28E+09 0.0203 3241
4.30E+09 0.0205 3239.48
4.33E+09 0.0206 3237.94
4.36E+09 0.0203 3236.41
4.39E+09 0.0199 3234.63
4.41E+09 0.0201 3233.15
4.44E+09 0.0203 3231.79
4.46E+09 0.0196 3230.21
4.49E+09 0.0202 3228.64
4.53E+09 0.0197 3226.81
4.55E+09 0.0195 3225.19
4.59E+09 0.0195 3223.44
4.62E+09 0.0192 3221.74
4.64E+09 0.0192 3220.37
4.67E+09 0.0195 3218.93
4.70E+09 0.0195 3217.34
4.72E+09 0.0195 3215.88
4.75E+09 0.0190 3214.3
4.78E+09 0.0194 3212.84
4.81E+09 0.0191 3211.2
4.84E+09 0.0192 3209.74
4.87E+09 0.0190 3208.12
4.90E+09 0.0190 3206.41
4.93E+09 0.0191 3204.95
4.95E+09 0.0193 3203.46
4.98E+09 0.0193 3201.98
