0.00E+00 -0.9578 6403.5
1.48E+08 0.2950 6225.98
2.06E+08 0.2716 6151.82
2.50E+08 0.2683 6095.58
2.81E+08 0.2558 6058.16
3.11E+08 0.2577 6024.55
3.41E+08 0.2397 5991.33
3.64E+08 0.2377 5966.14
3.90E+08 0.2257 5939.39
4.12E+08 0.2253 5916.43
4.37E+08 0.2200 5891.74
4.57E+08 0.2111 5871.38
4.78E+08 0.2071 5851.96
4.98E+08 0.2063 5832.54
5.19E+08 0.2016 5813.63
5.40E+08 0.2021 5794.17
5.59E+08 0.1953 5776.64
5.78E+08 0.1974 5760.47
5.98E+08 0.1910 5742.5
6.16E+08 0.1916 5726.69
6.34E+08 0.1866 5711.34
6.51E+08 0.1903 5697.32
6.66E+08 0.1896 5684.1
6.80E+08 0.1949 5672.01
6.93E+08 0.2057 5660.03
7.04E+08 0.2299 5649.62
7.06E+08 0.2816 5647.19
7.10E+08 0.3568 5641.66
7.16E+08 0.3495 5631.23
7.41E+08 0.3000 5595.14
7.82E+08 0.2849 5541.86
8.16E+08 0.2804 5498.09
8.48E+08 0.2721 5458.09
8.80E+08 0.3042 5418.79
9.17E+08 0.2434 5375.33
9.54E+08 0.2441 5334.67
1.02E+09 0.2057 5270.03
1.09E+09 0.1801 5208.91
1.16E+09 0.2145 5149.38
1.23E+09 0.1887 5080.15
1.33E+09 0.1937 4997.83
1.41E+09 0.1897 4923.98
1.48E+09 0.1732 4862.87
1.55E+09 0.1528 4811.55
1.61E+09 0.1345 4771.62
1.64E+09 0.1342 4756.9
1.67E+09 0.1149 4741.07
1.69E+09 0.1166 4727.11
1.72E+09 0.1043 4715.36
1.74E+09 0.1138 4703.32
1.77E+09 0.1116 4691.05
1.79E+09 0.1124 4678.18
1.82E+09 0.1055 4663.7
1.85E+09 0.0952 4651.4
1.87E+09 0.0958 4641.64
1.90E+09 0.1039 4628.44
1.93E+09 0.0900 4616.27
1.95E+09 0.0987 4604.67
1.98E+09 0.0921 4593.32
2.00E+09 0.0895 4583.67
2.03E+09 0.0939 4572.15
2.06E+09 0.0808 4560.98
2.08E+09 0.0789 4551.67
2.11E+09 0.0807 4542.47
2.14E+09 0.0825 4531.16
2.17E+09 0.0775 4521.16
2.20E+09 0.0762 4509.68
2.22E+09 0.0816 4501.3
2.25E+09 0.0772 4492.68
2.28E+09 0.0659 4483.34
2.31E+09 0.0724 4473.31
2.34E+09 0.0614 4463.66
2.38E+09 0.0697 4453.04
2.41E+09 0.0613 4442.66
2.44E+09 0.0621 4435.91
2.47E+09 0.0555 4427.83
2.50E+09 0.0598 4420.11
2.53E+09 0.0599 4410.37
2.57E+09 0.0582 4400.32
2.61E+09 0.0532 4391.49
2.64E+09 0.0508 4383.2
2.67E+09 0.0577 4376.2
2.71E+09 0.0507 4368.25
2.74E+09 0.0496 4359.45
2.78E+09 0.0435 4351.11
2.82E+09 0.0388 4343.75
2.85E+09 0.0457 4337.89
2.89E+09 0.0414 4330.28
2.93E+09 0.0419 4322.61
2.96E+09 0.0397 4316.97
3.00E+09 0.0410 4310.34
3.04E+09 0.0388 4302.61
3.08E+09 0.0355 4296.07
3.13E+09 0.0394 4288.58
3.17E+09 0.0326 4281.27
3.22E+09 0.0370 4274.59
3.26E+09 0.0356 4267.76
3.31E+09 0.0317 4260.14
3.35E+09 0.0306 4253.78
3.40E+09 0.0243 4247.91
3.44E+09 0.0282 4243.07
3.49E+09 0.0287 4237.3
3.53E+09 0.0285 4231.67
3.58E+09 0.0231 4226.42
3.62E+09 0.0223 4221.64
3.67E+09 0.0213 4217.02
3.71E+09 0.0240 4212.52
3.76E+09 0.0211 4207.79
3.81E+09 0.0262 4202.32
3.87E+09 0.0201 4196.81
3.92E+09 0.0231 4191.97
3.97E+09 0.0191 4187.14
4.04E+09 0.0186 4181.7
4.09E+09 0.0201 4177.5
4.13E+09 0.0192 4173.08
4.19E+09 0.0178 4168.17
4.24E+09 0.0196 4164.02
4.29E+09 0.0173 4159.81
4.35E+09 0.0164 4155
4.41E+09 0.0178 4150.35
4.48E+09 0.0139 4145.88
4.54E+09 0.0173 4141.35
4.60E+09 0.0137 4136.93
4.68E+09 0.0118 4132.89
4.73E+09 0.0166 4129.22
4.80E+09 0.0126 4125.15
4.87E+09 0.0124 4120.97
4.93E+09 0.0117 4117.37
