0.00E+00 -1.1334 6611.31
1.57E+08 0.2944 6377.18
2.08E+08 0.3059 6297.46
2.52E+08 0.2878 6232.67
2.93E+08 0.2776 6174.61
3.33E+08 0.2643 6119.57
3.68E+08 0.2477 6074.07
3.98E+08 0.2380 6036.93
4.23E+08 0.2317 6007.34
4.47E+08 0.2242 5979.15
4.68E+08 0.2211 5956.36
4.91E+08 0.2136 5929.96
5.12E+08 0.2033 5908.02
5.31E+08 0.2018 5888.62
5.52E+08 0.1962 5867.31
5.71E+08 0.1965 5848.92
5.91E+08 0.1888 5829.38
6.08E+08 0.1842 5812.67
6.28E+08 0.1845 5793.71
6.46E+08 0.1733 5777.61
6.64E+08 0.1784 5761.47
6.80E+08 0.1700 5746.34
6.97E+08 0.1749 5731.88
7.14E+08 0.1723 5716.62
7.32E+08 0.1705 5701.62
7.47E+08 0.1717 5687.96
7.65E+08 0.1658 5672.74
7.82E+08 0.1680 5658.3
7.98E+08 0.1671 5644.32
8.15E+08 0.1681 5630.53
8.31E+08 0.1719 5616.71
8.46E+08 0.1737 5603.05
8.61E+08 0.1868 5589.44
8.72E+08 0.2467 5577.92
8.75E+08 0.3217 5573.72
8.80E+08 0.3304 5564.71
8.91E+08 0.2855 5548.17
9.35E+08 0.2121 5494.06
9.92E+08 0.2050 5435.2
1.06E+09 0.1921 5364.69
1.13E+09 0.1745 5301.29
1.22E+09 0.1634 5224.77
1.33E+09 0.1691 5131.69
1.45E+09 0.1372 5035.94
1.58E+09 0.1327 4947.23
1.71E+09 0.1155 4866.94
1.81E+09 0.0946 4812.36
1.91E+09 0.0800 4766.22
2.00E+09 0.0707 4728.45
2.08E+09 0.0558 4702.96
2.15E+09 0.0461 4684.96
2.21E+09 0.0409 4671.34
2.26E+09 0.0352 4661.76
2.31E+09 0.0352 4653.13
2.35E+09 0.0333 4646.12
2.39E+09 0.0328 4639.65
2.43E+09 0.0359 4633
2.48E+09 0.0280 4624.49
2.51E+09 0.0282 4619.54
2.55E+09 0.0266 4613.71
2.60E+09 0.0312 4606.34
2.65E+09 0.0253 4599.75
2.69E+09 0.0229 4594.08
2.73E+09 0.0308 4588.26
2.77E+09 0.0239 4582.72
2.83E+09 0.0253 4576.09
2.87E+09 0.0210 4570.75
2.92E+09 0.0218 4565.73
2.96E+09 0.0273 4560.48
3.01E+09 0.0222 4554.45
3.05E+09 0.0202 4549.86
3.10E+09 0.0182 4544.53
3.15E+09 0.0207 4540.14
3.20E+09 0.0178 4534.78
3.24E+09 0.0168 4530.99
3.30E+09 0.0175 4526.53
3.35E+09 0.0143 4522.14
3.40E+09 0.0158 4518.38
3.45E+09 0.0176 4513.99
3.50E+09 0.0141 4509.84
3.56E+09 0.0142 4505.91
3.61E+09 0.0120 4502.11
3.68E+09 0.0118 4498.33
3.73E+09 0.0111 4494.91
3.79E+09 0.0130 4491.83
3.84E+09 0.0129 4488.28
3.91E+09 0.0133 4484.01
3.95E+09 0.0144 4480.58
4.02E+09 0.0105 4476.25
4.07E+09 0.0124 4473.03
4.14E+09 0.0090 4469.52
4.19E+09 0.0115 4466.86
4.27E+09 0.0082 4463.27
4.34E+09 0.0082 4460.22
4.40E+09 0.0078 4457.5
4.47E+09 0.0070 4454.79
4.53E+09 0.0077 4452.59
4.61E+09 0.0085 4449.29
4.67E+09 0.0089 4446.38
4.75E+09 0.0073 4443.66
4.81E+09 0.0074 4440.88
4.89E+09 0.0066 4438.33
4.97E+09 0.0058 4435.84
