0.00E+00 -0.1745 3328.79
4.06E+07 0.1138 3323.78
6.12E+07 0.1248 3315.67
1.10E+08 0.1133 3297.41
1.65E+08 0.1161 3277.96
2.18E+08 0.1065 3259.84
2.51E+08 0.1017 3249.07
2.79E+08 0.0958 3240.48
3.03E+08 0.0920 3233.7
3.25E+08 0.0888 3227.4
3.47E+08 0.0851 3221.54
3.67E+08 0.0816 3216.28
3.87E+08 0.0799 3211.35
4.07E+08 0.0758 3206.67
4.23E+08 0.0743 3202.89
4.42E+08 0.0719 3198.53
4.61E+08 0.0693 3194.34
4.81E+08 0.0665 3190.23
4.99E+08 0.0646 3186.6
5.18E+08 0.0628 3182.84
5.37E+08 0.0602 3179.27
5.54E+08 0.0584 3176.08
5.70E+08 0.0566 3173.26
5.87E+08 0.0548 3170.3
6.06E+08 0.0526 3167.24
6.26E+08 0.0504 3163.96
6.49E+08 0.0485 3160.5
6.73E+08 0.0464 3156.88
6.94E+08 0.0445 3153.95
7.14E+08 0.0427 3151.25
7.34E+08 0.0416 3148.71
7.55E+08 0.0397 3146.02
7.78E+08 0.0381 3143.24
7.96E+08 0.0370 3141.18
8.16E+08 0.0358 3138.9
8.41E+08 0.0342 3136.23
8.62E+08 0.0333 3133.97
8.84E+08 0.0321 3131.79
9.07E+08 0.0310 3129.53
9.26E+08 0.0308 3127.79
9.47E+08 0.0299 3125.82
9.66E+08 0.0297 3124.05
9.89E+08 0.0293 3121.96
1.01E+09 0.0292 3120.01
1.03E+09 0.0286 3118.15
1.05E+09 0.0288 3116.78
1.06E+09 0.0281 3115.24
1.08E+09 0.0279 3113.89
1.10E+09 0.0275 3112.46
1.11E+09 0.0276 3111.12
1.13E+09 0.0269 3109.51
1.15E+09 0.0269 3107.76
1.17E+09 0.0266 3106.1
1.19E+09 0.0261 3104.56
1.21E+09 0.0259 3103.07
1.23E+09 0.0258 3101.55
1.25E+09 0.0256 3100.09
1.26E+09 0.0254 3098.81
1.28E+09 0.0255 3097.58
1.29E+09 0.0251 3096.45
1.31E+09 0.0249 3095.22
1.32E+09 0.0252 3094.03
1.34E+09 0.0247 3092.66
1.36E+09 0.0248 3091.22
1.38E+09 0.0249 3089.59
1.40E+09 0.0248 3087.86
1.42E+09 0.0254 3086.37
1.45E+09 0.0245 3084.68
1.46E+09 0.0247 3083.35
1.48E+09 0.0240 3081.94
1.50E+09 0.0241 3080.53
1.52E+09 0.0245 3079.03
1.54E+09 0.0240 3077.3
1.57E+09 0.0237 3075.52
1.59E+09 0.0239 3073.78
1.61E+09 0.0241 3072.09
1.64E+09 0.0241 3070.34
1.66E+09 0.0239 3068.43
1.69E+09 0.0238 3066.69
1.71E+09 0.0235 3064.92
1.73E+09 0.0237 3063.1
1.76E+09 0.0233 3061.32
1.78E+09 0.0234 3059.82
1.80E+09 0.0230 3058.19
1.82E+09 0.0230 3056.65
1.85E+09 0.0231 3055.08
1.87E+09 0.0229 3053.36
1.89E+09 0.0229 3051.73
1.92E+09 0.0226 3050.02
1.94E+09 0.0225 3048.37
1.96E+09 0.0226 3046.73
1.99E+09 0.0222 3045.08
2.01E+09 0.0226 3043.5
2.04E+09 0.0223 3041.78
2.06E+09 0.0218 3040.07
2.08E+09 0.0223 3038.56
2.11E+09 0.0219 3036.83
2.14E+09 0.0218 3035.04
2.16E+09 0.0217 3033.29
2.18E+09 0.0218 3031.73
2.21E+09 0.0218 3030.24
2.23E+09 0.0216 3028.73
2.25E+09 0.0216 3027.27
2.27E+09 0.0220 3025.72
2.30E+09 0.0214 3023.95
2.33E+09 0.0210 3022.1
2.36E+09 0.0211 3020.36
2.38E+09 0.0211 3018.52
2.41E+09 0.0210 3016.84
2.43E+09 0.0213 3015.21
2.46E+09 0.0211 3013.46
2.49E+09 0.0206 3011.77
2.51E+09 0.0209 3010.29
2.54E+09 0.0208 3008.59
2.56E+09 0.0209 3006.91
2.59E+09 0.0205 3005.28
2.61E+09 0.0207 3003.73
2.64E+09 0.0201 3001.93
2.67E+09 0.0204 3000.34
2.69E+09 0.0202 2998.63
2.72E+09 0.0197 2997.09
2.74E+09 0.0195 2995.58
2.77E+09 0.0199 2994.12
2.79E+09 0.0198 2992.62
2.82E+09 0.0195 2991
2.85E+09 0.0193 2989.35
2.87E+09 0.0194 2987.96
2.89E+09 0.0195 2986.42
2.92E+09 0.0192 2984.73
2.95E+09 0.0191 2983.05
2.98E+09 0.0190 2981.49
3.00E+09 0.0191 2979.87
3.03E+09 0.0190 2978.3
3.06E+09 0.0194 2976.88
3.08E+09 0.0188 2975.17
3.11E+09 0.0185 2973.61
3.14E+09 0.0185 2972.16
3.16E+09 0.0183 2970.64
3.19E+09 0.0185 2969.01
3.22E+09 0.0187 2967.6
3.24E+09 0.0188 2966.12
3.27E+09 0.0185 2964.69
3.30E+09 0.0181 2963.03
3.32E+09 0.0185 2961.59
3.35E+09 0.0178 2960.14
3.37E+09 0.0181 2958.86
3.40E+09 0.0180 2957.39
3.42E+09 0.0176 2955.85
3.45E+09 0.0176 2954.43
3.48E+09 0.0178 2953.01
3.51E+09 0.0177 2951.42
3.53E+09 0.0174 2949.92
3.56E+09 0.0177 2948.63
3.58E+09 0.0178 2947.42
3.60E+09 0.0176 2946.17
3.62E+09 0.0176 2944.9
3.65E+09 0.0178 2943.67
3.67E+09 0.0176 2942.42
3.69E+09 0.0176 2941.06
3.72E+09 0.0175 2939.52
3.75E+09 0.0176 2937.9
3.78E+09 0.0172 2936.27
3.81E+09 0.0173 2934.68
3.84E+09 0.0175 2933.2
3.86E+09 0.0175 2931.89
3.90E+09 0.0172 2930.25
3.92E+09 0.0172 2928.69
3.95E+09 0.0176 2927.04
3.99E+09 0.0176 2925.35
4.02E+09 0.0173 2923.77
4.04E+09 0.0174 2922.2
4.07E+09 0.0171 2920.61
4.10E+09 0.0172 2919.07
4.13E+09 0.0174 2917.49
4.16E+09 0.0173 2915.88
4.19E+09 0.0175 2914.23
4.22E+09 0.0175 2912.65
4.25E+09 0.0172 2911.06
4.28E+09 0.0176 2909.48
4.31E+09 0.0174 2907.85
4.34E+09 0.0175 2906.25
4.37E+09 0.0175 2904.59
4.40E+09 0.0176 2902.96
4.43E+09 0.0176 2901.29
4.46E+09 0.0177 2899.83
4.49E+09 0.0178 2898.23
4.52E+09 0.0177 2896.51
4.55E+09 0.0177 2894.71
4.59E+09 0.0178 2892.95
4.62E+09 0.0176 2891.28
4.65E+09 0.0178 2889.64
4.68E+09 0.0178 2888
4.70E+09 0.0180 2886.39
4.73E+09 0.0180 2884.87
4.76E+09 0.0178 2883.47
4.78E+09 0.0175 2881.96
4.81E+09 0.0176 2880.47
4.84E+09 0.0176 2878.84
4.87E+09 0.0181 2877.26
4.90E+09 0.0178 2875.59
4.93E+09 0.0182 2874.21
4.96E+09 0.0180 2872.57
4.98E+09 0.0181 2870.97
