0.00E+00 -0.4159 4486.65
1.06E+08 0.1750 4434.37
1.33E+08 0.1597 4418.11
1.74E+08 0.1442 4395.42
2.44E+08 0.1585 4358.12
3.31E+08 0.1518 4309.54
3.90E+08 0.1443 4277.74
4.37E+08 0.1468 4252.88
4.76E+08 0.1379 4232.79
4.99E+08 0.1313 4221.43
5.22E+08 0.1364 4211.15
5.44E+08 0.1354 4200.14
5.72E+08 0.1318 4186.38
5.90E+08 0.1242 4178.29
6.08E+08 0.1215 4170.57
6.20E+08 0.1172 4165.33
6.37E+08 0.1088 4158.54
6.55E+08 0.1265 4151.09
6.77E+08 0.1204 4141.15
6.89E+08 0.1171 4136.02
7.05E+08 0.1116 4129.57
7.23E+08 0.1122 4122.2
7.36E+08 0.1106 4116.76
7.47E+08 0.1060 4112.45
7.64E+08 0.1057 4106.38
7.87E+08 0.1124 4096.7
8.00E+08 0.1099 4091.55
8.16E+08 0.1044 4085.61
8.25E+08 0.1018 4082.19
8.43E+08 0.0995 4075.79
8.56E+08 0.1018 4071.19
8.74E+08 0.1017 4064.47
8.93E+08 0.0981 4057.73
9.08E+08 0.0949 4052.55
9.20E+08 0.0878 4048.46
9.37E+08 0.0928 4043.15
9.52E+08 0.0904 4038.23
9.68E+08 0.0861 4033.21
9.86E+08 0.0861 4027.66
9.98E+08 0.0867 4023.98
1.02E+09 0.0839 4018.23
1.03E+09 0.0862 4013.49
1.06E+09 0.0828 4006.27
1.07E+09 0.0808 4002.33
1.09E+09 0.0750 3997.41
1.11E+09 0.0739 3992.77
1.13E+09 0.0766 3986.92
1.15E+09 0.0758 3980.17
1.17E+09 0.0751 3976.41
1.18E+09 0.0655 3971.95
1.20E+09 0.0661 3968.85
1.21E+09 0.0685 3965.39
1.22E+09 0.0695 3961.82
1.24E+09 0.0613 3957.34
1.26E+09 0.0662 3953.46
1.28E+09 0.0615 3949.83
1.30E+09 0.0609 3945.54
1.32E+09 0.0641 3940.9
1.33E+09 0.0667 3938.11
1.34E+09 0.0586 3934.67
1.36E+09 0.0607 3930.52
1.38E+09 0.0576 3926.52
1.40E+09 0.0588 3923.44
1.41E+09 0.0562 3920.13
1.43E+09 0.0592 3916.1
1.45E+09 0.0543 3912.47
1.47E+09 0.0572 3909.02
1.49E+09 0.0551 3904.71
1.51E+09 0.0577 3900.96
1.53E+09 0.0554 3897.23
1.55E+09 0.0556 3893.11
1.56E+09 0.0535 3889.88
1.58E+09 0.0534 3886.13
1.60E+09 0.0532 3882.37
1.62E+09 0.0517 3879.02
1.64E+09 0.0488 3876.11
1.66E+09 0.0496 3872.66
1.68E+09 0.0491 3868.6
1.70E+09 0.0508 3864.97
1.72E+09 0.0483 3861.02
1.74E+09 0.0490 3857.22
1.76E+09 0.0487 3853.21
1.78E+09 0.0451 3849.67
1.81E+09 0.0493 3845.89
1.83E+09 0.0482 3842.5
1.84E+09 0.0473 3840.01
1.86E+09 0.0459 3836.58
1.88E+09 0.0486 3833.05
1.90E+09 0.0441 3829.39
1.93E+09 0.0433 3825.46
1.95E+09 0.0452 3821.54
1.98E+09 0.0440 3817.41
2.00E+09 0.0459 3814.01
2.02E+09 0.0409 3810.67
2.04E+09 0.0414 3807.77
2.06E+09 0.0442 3805.18
2.08E+09 0.0415 3801.82
2.10E+09 0.0398 3798.96
2.12E+09 0.0379 3796.65
2.14E+09 0.0383 3793.88
2.16E+09 0.0416 3790.31
2.18E+09 0.0401 3787.34
2.20E+09 0.0383 3784.97
2.22E+09 0.0385 3782.23
2.24E+09 0.0368 3779.54
2.26E+09 0.0384 3776.67
2.28E+09 0.0385 3773.65
2.30E+09 0.0359 3770.8
2.33E+09 0.0350 3767.96
2.35E+09 0.0352 3765.47
2.37E+09 0.0364 3762.25
2.39E+09 0.0370 3759.6
2.41E+09 0.0337 3757.2
2.43E+09 0.0357 3754.1
2.46E+09 0.0344 3750.98
2.48E+09 0.0340 3748.26
2.51E+09 0.0307 3745.43
2.53E+09 0.0330 3742.23
2.56E+09 0.0326 3739.5
2.58E+09 0.0314 3736.26
2.61E+09 0.0321 3733.42
2.64E+09 0.0323 3729.89
2.67E+09 0.0317 3726.48
2.69E+09 0.0299 3723.95
2.71E+09 0.0287 3721.58
2.74E+09 0.0288 3718.84
2.77E+09 0.0300 3715.74
2.80E+09 0.0294 3712.85
2.82E+09 0.0279 3710.19
2.85E+09 0.0275 3707.26
2.88E+09 0.0289 3704.2
2.92E+09 0.0270 3700.72
2.95E+09 0.0267 3697.52
2.98E+09 0.0278 3694.69
3.01E+09 0.0263 3691.64
3.04E+09 0.0269 3688.99
3.07E+09 0.0240 3686.32
3.10E+09 0.0265 3683.61
3.13E+09 0.0255 3680.84
3.15E+09 0.0254 3678.7
3.17E+09 0.0254 3676.45
3.20E+09 0.0231 3673.82
3.24E+09 0.0230 3671.21
3.26E+09 0.0254 3668.7
3.30E+09 0.0234 3665.88
3.33E+09 0.0228 3663.42
3.36E+09 0.0236 3660.78
3.39E+09 0.0246 3658.1
3.42E+09 0.0227 3655.59
3.46E+09 0.0240 3652.34
3.49E+09 0.0242 3649.27
3.52E+09 0.0214 3646.61
3.55E+09 0.0214 3644.47
3.58E+09 0.0228 3642.17
3.61E+09 0.0222 3639.72
3.65E+09 0.0219 3637
3.68E+09 0.0224 3634.54
3.71E+09 0.0209 3632.19
3.74E+09 0.0196 3629.65
3.77E+09 0.0201 3627.35
3.80E+09 0.0193 3625.28
3.83E+09 0.0189 3623.12
3.87E+09 0.0205 3620.63
3.90E+09 0.0210 3618.26
3.93E+09 0.0201 3615.96
3.97E+09 0.0179 3613.61
4.01E+09 0.0180 3611.14
4.05E+09 0.0194 3608.44
4.09E+09 0.0181 3605.79
4.12E+09 0.0194 3603.78
4.15E+09 0.0183 3601.33
4.18E+09 0.0170 3599.26
4.22E+09 0.0181 3597.13
4.25E+09 0.0176 3594.85
4.29E+09 0.0164 3592.54
4.33E+09 0.0159 3590.43
4.36E+09 0.0171 3588.48
4.40E+09 0.0166 3586.01
4.43E+09 0.0165 3583.98
4.47E+09 0.0164 3581.75
4.51E+09 0.0156 3579.59
4.54E+09 0.0152 3577.74
4.58E+09 0.0168 3575.51
4.62E+09 0.0145 3573.43
4.65E+09 0.0155 3571.56
4.69E+09 0.0156 3569.64
4.73E+09 0.0165 3567.52
4.76E+09 0.0150 3565.49
4.80E+09 0.0146 3563.25
4.85E+09 0.0154 3560.88
4.89E+09 0.0154 3558.46
4.93E+09 0.0152 3556.34
4.97E+09 0.0139 3554.33
