0.00E+00 -0.8957 6379.75
1.88E+08 0.2407 6136.7
2.49E+08 0.2508 6053.72
3.01E+08 0.2337 5986.77
3.47E+08 0.2213 5930.28
3.88E+08 0.2092 5882.29
4.26E+08 0.2031 5838.51
4.62E+08 0.1993 5799.38
4.96E+08 0.1868 5763.58
5.28E+08 0.1843 5731.05
5.58E+08 0.1796 5701.52
5.88E+08 0.1755 5672.53
6.14E+08 0.1674 5647.79
6.39E+08 0.1641 5625.23
6.65E+08 0.1642 5601.97
6.91E+08 0.1605 5578.89
7.18E+08 0.1529 5556.34
7.40E+08 0.1531 5537.38
7.61E+08 0.1561 5519.71
7.84E+08 0.1587 5500.38
8.03E+08 0.1582 5483.67
8.22E+08 0.1673 5467.26
8.31E+08 0.1952 5457.91
8.36E+08 0.2735 5451.74
8.46E+08 0.2886 5435.52
8.84E+08 0.2248 5384.81
9.52E+08 0.2158 5303.16
1.01E+09 0.2090 5239.71
1.07E+09 0.2155 5170.11
1.12E+09 0.1770 5118.3
1.21E+09 0.1593 5031.41
1.32E+09 0.1312 4942.43
1.45E+09 0.1442 4856.88
1.58E+09 0.1220 4757.47
1.70E+09 0.1062 4681.65
1.79E+09 0.1229 4631.86
1.86E+09 0.1058 4585.38
1.93E+09 0.0950 4546.78
1.99E+09 0.0919 4514.21
2.04E+09 0.0807 4491.07
2.08E+09 0.0774 4475.15
2.12E+09 0.0861 4457.8
2.14E+09 0.0753 4445.52
2.18E+09 0.0644 4430.5
2.22E+09 0.0621 4419.41
2.25E+09 0.0614 4408.71
2.27E+09 0.0676 4399.35
2.30E+09 0.0601 4388.95
2.33E+09 0.0568 4379.77
2.37E+09 0.0717 4367.89
2.40E+09 0.0564 4357.06
2.44E+09 0.0549 4346.1
2.47E+09 0.0506 4335.11
2.51E+09 0.0549 4325.35
2.55E+09 0.0575 4313.45
2.58E+09 0.0493 4302.73
2.63E+09 0.0426 4292.43
2.66E+09 0.0456 4283.05
2.70E+09 0.0465 4274.74
2.73E+09 0.0445 4265.7
2.77E+09 0.0468 4256.71
2.81E+09 0.0386 4247.76
2.85E+09 0.0345 4238.86
2.90E+09 0.0464 4229.24
2.94E+09 0.0382 4220.25
2.98E+09 0.0336 4211.39
3.03E+09 0.0427 4202.48
3.07E+09 0.0317 4193.7
3.12E+09 0.0298 4185.82
3.16E+09 0.0301 4179.08
3.20E+09 0.0270 4172.12
3.25E+09 0.0349 4164.83
3.29E+09 0.0301 4157.15
3.34E+09 0.0299 4148.87
3.39E+09 0.0277 4140.7
3.44E+09 0.0262 4133.53
3.50E+09 0.0247 4126.11
3.55E+09 0.0264 4118.67
3.60E+09 0.0200 4111.75
3.66E+09 0.0227 4105.03
3.71E+09 0.0240 4099.26
3.76E+09 0.0191 4093.04
3.82E+09 0.0231 4086.79
3.87E+09 0.0191 4080.86
3.93E+09 0.0189 4074.85
3.98E+09 0.0197 4068.92
4.04E+09 0.0190 4062.59
4.10E+09 0.0177 4056.86
4.16E+09 0.0175 4050.97
4.23E+09 0.0165 4045.02
4.29E+09 0.0152 4039.56
4.35E+09 0.0163 4034.02
4.42E+09 0.0138 4028.49
4.49E+09 0.0137 4023.42
4.55E+09 0.0147 4018.36
4.62E+09 0.0125 4013.48
4.69E+09 0.0117 4008.79
4.75E+09 0.0137 4004.59
4.82E+09 0.0109 4000.29
4.89E+09 0.0108 3996
4.96E+09 0.0112 3991.9
