0.00E+00 -0.7004 5503.14
1.37E+08 0.2283 5445.19
1.81E+08 0.1992 5422.31
2.06E+08 0.2026 5408.9
2.33E+08 0.1867 5395.62
2.48E+08 0.2006 5388.24
2.61E+08 0.2038 5381.59
2.64E+08 0.2041 5380.32
2.65E+08 0.2093 5379.73
2.66E+08 0.2222 5379.19
2.68E+08 0.2477 5377.87
2.74E+08 0.2569 5374
2.79E+08 0.2678 5370.62
2.80E+08 0.2764 5369.81
2.81E+08 0.2925 5369.19
2.83E+08 0.3056 5368.03
2.87E+08 0.3059 5364.58
2.97E+08 0.2926 5357.56
3.11E+08 0.3049 5346.51
3.18E+08 0.3463 5341.07
3.24E+08 0.3384 5335.91
3.49E+08 0.3063 5316.18
3.75E+08 0.3147 5295.87
3.86E+08 0.3369 5286.8
4.10E+08 0.3280 5266.5
4.43E+08 0.3112 5239.98
4.70E+08 0.2978 5219
4.94E+08 0.2891 5201.18
5.17E+08 0.2844 5184.58
5.40E+08 0.2814 5167.91
5.64E+08 0.2789 5150.72
5.87E+08 0.2739 5134.67
6.08E+08 0.2682 5120.24
6.24E+08 0.2562 5109.97
6.34E+08 0.2589 5103.15
6.43E+08 0.2871 5097.13
6.56E+08 0.2751 5087.65
6.68E+08 0.2756 5079.71
6.78E+08 0.2586 5072.7
6.86E+08 0.2586 5067.11
6.96E+08 0.2627 5060.67
7.07E+08 0.2607 5053.5
7.18E+08 0.2527 5046.34
7.31E+08 0.2505 5038.34
7.40E+08 0.2525 5032.21
7.49E+08 0.2436 5026.95
7.57E+08 0.2461 5021.79
7.66E+08 0.2458 5016.06
7.75E+08 0.2400 5010.87
7.83E+08 0.2380 5005.59
7.93E+08 0.2296 5000.1
8.01E+08 0.2309 4995.27
8.10E+08 0.2263 4990.14
8.19E+08 0.2249 4984.77
8.28E+08 0.2205 4979.81
8.36E+08 0.2233 4975.37
8.43E+08 0.2166 4971.31
8.50E+08 0.2165 4967.72
8.57E+08 0.2106 4963.9
8.64E+08 0.2157 4959.91
8.72E+08 0.2103 4955.78
8.80E+08 0.2102 4951.34
8.88E+08 0.2128 4947.29
8.95E+08 0.2048 4943.38
9.03E+08 0.2062 4939.24
9.11E+08 0.2053 4935.29
9.17E+08 0.2082 4931.91
9.23E+08 0.2021 4928.71
9.30E+08 0.2018 4925.24
9.36E+08 0.2013 4922.25
9.44E+08 0.2011 4918.37
9.50E+08 0.2000 4914.92
9.57E+08 0.2009 4911.76
9.62E+08 0.1987 4908.93
9.67E+08 0.2000 4906.23
9.73E+08 0.1986 4903.29
9.79E+08 0.1980 4900.31
9.86E+08 0.1987 4896.89
9.92E+08 0.1995 4893.86
9.98E+08 0.1972 4890.72
1.00E+09 0.1972 4887.77
1.01E+09 0.1968 4884.85
1.02E+09 0.1988 4881.98
1.02E+09 0.1960 4879.08
1.03E+09 0.1981 4876.57
1.03E+09 0.1993 4873.46
1.04E+09 0.1959 4870.58
1.04E+09 0.1974 4867.46
1.05E+09 0.2004 4864.89
1.06E+09 0.1968 4862.21
1.06E+09 0.1976 4858.91
1.07E+09 0.1977 4856.09
1.07E+09 0.1999 4853.17
1.08E+09 0.1978 4850.13
1.09E+09 0.1965 4847.15
1.09E+09 0.1986 4844
1.10E+09 0.1984 4840.53
1.10E+09 0.2000 4837.52
1.11E+09 0.1958 4834.59
1.12E+09 0.1971 4831.95
1.12E+09 0.1953 4828.89
1.13E+09 0.1971 4826.25
1.13E+09 0.2017 4823.68
1.14E+09 0.1961 4820.17
1.15E+09 0.1994 4816.6
1.15E+09 0.1992 4812.99
1.16E+09 0.1970 4809.18
1.17E+09 0.2012 4805.8
1.17E+09 0.1976 4802.44
1.18E+09 0.2030 4799.53
1.19E+09 0.1995 4796.08
1.19E+09 0.1990 4792.82
1.20E+09 0.1914 4789.41
1.21E+09 0.1970 4785.99
1.21E+09 0.1967 4782.25
1.22E+09 0.1980 4778.68
1.23E+09 0.1967 4774.6
1.24E+09 0.1986 4770.72
1.25E+09 0.1967 4766.94
1.25E+09 0.1956 4763.04
1.26E+09 0.1931 4759.22
1.27E+09 0.1944 4755.49
1.28E+09 0.1885 4751.72
1.28E+09 0.1885 4748.44
1.29E+09 0.1953 4744.58
1.30E+09 0.1870 4740.58
1.31E+09 0.1905 4737.08
1.32E+09 0.1908 4733.19
1.32E+09 0.1879 4728.81
1.33E+09 0.1861 4724.75
1.34E+09 0.1858 4720.82
1.35E+09 0.1818 4716.63
1.36E+09 0.1852 4712.73
1.37E+09 0.1802 4708.39
1.38E+09 0.1838 4704.17
1.39E+09 0.1786 4699.55
1.40E+09 0.1829 4695.75
1.41E+09 0.1811 4691.3
1.41E+09 0.1795 4687.17
1.42E+09 0.1762 4682.8
1.43E+09 0.1747 4678.76
1.44E+09 0.1751 4674.61
1.45E+09 0.1705 4670.3
1.46E+09 0.1755 4665.89
1.47E+09 0.1788 4662.26
1.48E+09 0.1728 4657.83
1.49E+09 0.1733 4653.91
1.50E+09 0.1725 4649.32
1.51E+09 0.1737 4644.74
1.52E+09 0.1699 4640.16
1.53E+09 0.1672 4636.65
1.54E+09 0.1676 4632.93
1.55E+09 0.1689 4628.83
1.56E+09 0.1664 4625.07
1.57E+09 0.1654 4620.68
1.58E+09 0.1649 4616.32
1.59E+09 0.1613 4612.56
1.60E+09 0.1642 4608.82
1.61E+09 0.1616 4604.64
1.62E+09 0.1593 4600.61
1.62E+09 0.1667 4597.18
1.63E+09 0.1576 4593.61
1.64E+09 0.1599 4590.09
1.65E+09 0.1622 4585.32
1.66E+09 0.1556 4581.83
1.67E+09 0.1600 4577.96
1.68E+09 0.1545 4574.62
1.69E+09 0.1602 4570.22
1.70E+09 0.1583 4566.26
1.71E+09 0.1565 4561.48
1.72E+09 0.1577 4557.31
1.74E+09 0.1514 4552.93
1.75E+09 0.1488 4548.81
1.76E+09 0.1493 4544.71
1.77E+09 0.1509 4540.42
1.78E+09 0.1482 4536.42
1.79E+09 0.1459 4532.38
1.80E+09 0.1475 4528.08
1.81E+09 0.1484 4523.69
1.82E+09 0.1431 4519.92
1.83E+09 0.1471 4516.05
1.85E+09 0.1430 4511.73
1.85E+09 0.1431 4508.64
1.86E+09 0.1405 4505.23
1.87E+09 0.1446 4501.23
1.89E+09 0.1377 4497.31
1.90E+09 0.1388 4493.15
1.91E+09 0.1400 4488.95
1.92E+09 0.1342 4485.27
1.93E+09 0.1332 4481.77
1.94E+09 0.1363 4478.45
1.95E+09 0.1330 4474.67
1.96E+09 0.1349 4471.57
1.97E+09 0.1366 4467.37
1.98E+09 0.1343 4463.51
1.99E+09 0.1329 4460.01
2.01E+09 0.1375 4456.34
2.02E+09 0.1313 4452.41
2.03E+09 0.1259 4449.46
2.03E+09 0.1240 4446.55
2.04E+09 0.1224 4443.69
2.05E+09 0.1374 4440.42
2.06E+09 0.1287 4436.95
2.08E+09 0.1265 4433.19
2.09E+09 0.1242 4429.88
2.10E+09 0.1256 4425.95
2.11E+09 0.1236 4422.31
2.12E+09 0.1199 4418.97
2.13E+09 0.1216 4416.38
2.14E+09 0.1162 4413.65
2.15E+09 0.1260 4410.57
2.16E+09 0.1292 4407.64
2.17E+09 0.1212 4404.66
2.18E+09 0.1165 4401.86
2.19E+09 0.1126 4399.24
2.20E+09 0.1142 4396.51
2.20E+09 0.1179 4394.05
2.21E+09 0.1104 4391.62
2.22E+09 0.1084 4389.24
2.23E+09 0.1196 4386.96
2.24E+09 0.1218 4384.89
2.25E+09 0.1179 4381.86
2.25E+09 0.1129 4379.16
2.26E+09 0.1048 4376.59
2.27E+09 0.1001 4374.58
2.28E+09 0.1073 4372.62
2.29E+09 0.1138 4370.37
2.30E+09 0.1051 4367.86
2.31E+09 0.1064 4365.48
2.32E+09 0.1061 4362.91
2.32E+09 0.1066 4360.89
2.33E+09 0.1031 4358.45
2.34E+09 0.1045 4356.35
2.35E+09 0.1041 4353.68
2.36E+09 0.1037 4351.45
2.37E+09 0.0984 4349.1
2.38E+09 0.1035 4347.05
2.38E+09 0.0987 4344.9
2.39E+09 0.1071 4342.89
2.40E+09 0.1010 4340.96
2.41E+09 0.1013 4338.59
2.42E+09 0.1039 4335.93
2.43E+09 0.1011 4333.42
2.44E+09 0.1080 4330.87
2.45E+09 0.1001 4328.32
2.46E+09 0.0962 4326.12
2.46E+09 0.0998 4324.18
2.47E+09 0.1004 4321.91
2.48E+09 0.0929 4319.67
2.49E+09 0.1007 4317.36
2.50E+09 0.0924 4315.05
2.51E+09 0.0958 4312.69
2.52E+09 0.0972 4310.4
2.53E+09 0.0914 4308.36
2.54E+09 0.0948 4306.07
2.55E+09 0.0916 4303.81
2.56E+09 0.0976 4301.46
2.57E+09 0.0947 4299.55
2.58E+09 0.0891 4297.52
2.58E+09 0.0970 4295.32
2.59E+09 0.0964 4293.24
2.60E+09 0.0925 4290.65
2.61E+09 0.0884 4288.37
2.63E+09 0.0956 4285.88
2.63E+09 0.0958 4283.7
2.64E+09 0.0892 4281.38
2.65E+09 0.0894 4279.3
2.66E+09 0.0899 4277.27
2.67E+09 0.0893 4274.87
2.68E+09 0.0921 4272.57
2.69E+09 0.0952 4270.5
2.70E+09 0.0855 4268.16
2.71E+09 0.0844 4265.76
2.72E+09 0.0866 4263.81
2.73E+09 0.0852 4261.56
2.74E+09 0.0861 4259.5
2.75E+09 0.0834 4257.27
2.76E+09 0.0797 4255.18
2.77E+09 0.0836 4253.09
2.78E+09 0.0803 4251.12
2.79E+09 0.0862 4248.96
2.80E+09 0.0865 4246.38
2.82E+09 0.0804 4244.14
2.83E+09 0.0781 4242.03
2.84E+09 0.0796 4239.67
2.85E+09 0.0863 4237.81
2.86E+09 0.0856 4235.64
2.87E+09 0.0857 4232.99
2.88E+09 0.0883 4230.49
2.89E+09 0.0820 4227.73
2.91E+09 0.0764 4225.3
2.92E+09 0.0796 4223.34
2.93E+09 0.0828 4221.28
2.94E+09 0.0781 4219.12
2.95E+09 0.0780 4217.11
2.96E+09 0.0787 4214.87
2.97E+09 0.0793 4212.41
2.98E+09 0.0767 4209.75
3.00E+09 0.0767 4207.42
3.01E+09 0.0756 4205.03
3.02E+09 0.0725 4202.94
3.03E+09 0.0717 4200.91
3.04E+09 0.0779 4198.91
3.05E+09 0.0726 4196.79
3.06E+09 0.0733 4194.51
3.08E+09 0.0723 4192.41
3.09E+09 0.0758 4190.21
3.10E+09 0.0755 4187.97
3.11E+09 0.0717 4185.82
3.12E+09 0.0701 4183.64
3.13E+09 0.0704 4181.76
3.14E+09 0.0703 4179.83
3.16E+09 0.0740 4177.44
3.17E+09 0.0762 4175.02
3.19E+09 0.0742 4171.98
3.20E+09 0.0709 4169.33
3.21E+09 0.0675 4167.01
3.23E+09 0.0655 4165.15
3.24E+09 0.0647 4163.16
3.25E+09 0.0788 4160.95
3.26E+09 0.0734 4158.67
3.28E+09 0.0683 4156.09
3.29E+09 0.0691 4153.46
3.30E+09 0.0643 4151.17
3.32E+09 0.0647 4148.8
3.33E+09 0.0646 4147.1
3.34E+09 0.0643 4144.95
3.35E+09 0.0694 4142.99
3.37E+09 0.0662 4140.84
3.38E+09 0.0614 4138.35
3.40E+09 0.0640 4136.28
3.41E+09 0.0608 4134.16
3.42E+09 0.0690 4132.16
3.43E+09 0.0677 4130.15
3.45E+09 0.0636 4127.08
3.47E+09 0.0655 4124.8
3.48E+09 0.0624 4122.53
3.49E+09 0.0639 4120.31
3.51E+09 0.0686 4117.99
3.52E+09 0.0624 4115.51
3.53E+09 0.0672 4113.55
3.55E+09 0.0638 4111.22
3.56E+09 0.0639 4108.65
3.58E+09 0.0591 4106.19
3.60E+09 0.0564 4104.09
3.61E+09 0.0588 4102.43
3.62E+09 0.0655 4100.47
3.63E+09 0.0604 4098.18
3.65E+09 0.0620 4095.9
3.66E+09 0.0552 4093.55
3.68E+09 0.0527 4091.67
3.69E+09 0.0583 4090
3.70E+09 0.0575 4088.26
3.72E+09 0.0545 4086.1
3.73E+09 0.0594 4084.17
3.75E+09 0.0560 4081.88
3.76E+09 0.0532 4079.99
3.77E+09 0.0510 4077.94
3.79E+09 0.0540 4075.78
3.81E+09 0.0552 4073.55
3.82E+09 0.0588 4071.23
3.84E+09 0.0620 4069.01
3.85E+09 0.0571 4066.62
3.87E+09 0.0526 4064.32
3.89E+09 0.0545 4061.95
3.90E+09 0.0509 4059.63
3.92E+09 0.0562 4057.37
3.94E+09 0.0542 4055.3
3.95E+09 0.0484 4053.12
3.97E+09 0.0466 4050.94
3.99E+09 0.0499 4049.28
4.00E+09 0.0497 4047.46
4.01E+09 0.0569 4045.5
4.03E+09 0.0540 4043.22
4.05E+09 0.0494 4040.93
4.07E+09 0.0518 4038.68
4.08E+09 0.0507 4036.82
4.10E+09 0.0462 4034.61
4.11E+09 0.0515 4032.71
4.13E+09 0.0498 4030.79
4.15E+09 0.0471 4028.64
4.16E+09 0.0458 4026.77
4.18E+09 0.0423 4024.77
4.20E+09 0.0475 4022.73
4.21E+09 0.0522 4020.88
4.23E+09 0.0460 4018.58
4.25E+09 0.0427 4016.6
4.27E+09 0.0445 4014.68
4.28E+09 0.0474 4012.93
4.30E+09 0.0456 4010.84
4.32E+09 0.0426 4008.78
4.34E+09 0.0437 4006.67
4.35E+09 0.0427 4004.84
4.37E+09 0.0463 4002.69
4.39E+09 0.0468 4000.67
4.41E+09 0.0431 3998.73
4.43E+09 0.0403 3996.62
4.45E+09 0.0406 3994.52
4.46E+09 0.0388 3993
4.48E+09 0.0451 3991.04
4.50E+09 0.0467 3989.51
4.51E+09 0.0428 3987.67
4.53E+09 0.0417 3985.48
4.55E+09 0.0442 3983.43
4.57E+09 0.0400 3981.12
4.59E+09 0.0426 3979
4.61E+09 0.0455 3977
4.63E+09 0.0398 3974.89
4.65E+09 0.0390 3972.97
4.67E+09 0.0386 3971.36
4.69E+09 0.0359 3969.57
4.70E+09 0.0396 3967.81
4.72E+09 0.0399 3966.21
4.74E+09 0.0350 3964.3
4.76E+09 0.0390 3962.18
4.78E+09 0.0414 3960.37
4.80E+09 0.0410 3958.48
4.82E+09 0.0360 3956.38
4.84E+09 0.0357 3954.4
4.86E+09 0.0384 3952.8
4.88E+09 0.0339 3951.01
4.90E+09 0.0373 3949.11
4.92E+09 0.0374 3947.11
4.95E+09 0.0355 3945.02
4.97E+09 0.0354 3943.2
4.99E+09 0.0354 3941.04
