0.00E+00 -0.4538 4647.53
3.09E+08 0.0853 4535.87
3.20E+08 0.0990 4531.91
3.30E+08 0.1059 4527.46
3.48E+08 0.1267 4519.22
3.65E+08 0.1245 4510.18
4.16E+08 0.1598 4482.15
5.13E+08 0.1306 4426.02
6.02E+08 0.1345 4372.86
6.98E+08 0.1196 4320.94
7.72E+08 0.1207 4284.24
8.19E+08 0.1256 4258.62
8.82E+08 0.1150 4226.49
9.44E+08 0.1114 4196.8
9.95E+08 0.1080 4172.94
1.03E+09 0.1036 4155.27
1.07E+09 0.0970 4139.18
1.10E+09 0.0904 4126.67
1.13E+09 0.0881 4116.05
1.16E+09 0.0859 4103.89
1.20E+09 0.0814 4089.96
1.24E+09 0.0845 4076.91
1.27E+09 0.0802 4066.53
1.31E+09 0.0707 4055.2
1.33E+09 0.0742 4046
1.38E+09 0.0646 4034.02
1.41E+09 0.0653 4023.79
1.46E+09 0.0632 4011.47
1.50E+09 0.0623 4000.85
1.54E+09 0.0580 3991.12
1.57E+09 0.0560 3983.66
1.60E+09 0.0537 3976.22
1.63E+09 0.0489 3969.2
1.66E+09 0.0493 3963.69
1.68E+09 0.0470 3958.41
1.71E+09 0.0473 3952.93
1.74E+09 0.0507 3947.5
1.76E+09 0.0463 3942.06
1.80E+09 0.0436 3936.07
1.82E+09 0.0441 3931.24
1.85E+09 0.0437 3925.58
1.88E+09 0.0439 3920.21
1.92E+09 0.0391 3913.91
1.94E+09 0.0367 3909.42
1.97E+09 0.0384 3904.54
2.00E+09 0.0415 3899.47
2.03E+09 0.0370 3894.46
2.06E+09 0.0339 3890.6
2.09E+09 0.0315 3886.83
2.12E+09 0.0336 3882.67
2.14E+09 0.0359 3878.69
2.18E+09 0.0359 3873.29
2.21E+09 0.0332 3869.3
2.23E+09 0.0304 3865.72
2.27E+09 0.0308 3861.31
2.29E+09 0.0305 3857.9
2.32E+09 0.0312 3853.77
2.35E+09 0.0304 3850.17
2.38E+09 0.0298 3846.24
2.42E+09 0.0315 3841.51
2.45E+09 0.0310 3836.92
2.49E+09 0.0304 3832.32
2.53E+09 0.0264 3827.83
2.56E+09 0.0258 3823.66
2.60E+09 0.0232 3820.31
2.62E+09 0.0237 3817.51
2.65E+09 0.0265 3814.08
2.69E+09 0.0272 3810.05
2.72E+09 0.0268 3806.71
2.76E+09 0.0272 3802.58
2.79E+09 0.0246 3798.54
2.82E+09 0.0224 3795.72
2.85E+09 0.0203 3792.92
2.88E+09 0.0236 3790.13
2.92E+09 0.0207 3786.9
2.95E+09 0.0211 3784.24
2.98E+09 0.0201 3781.15
3.01E+09 0.0184 3778.68
3.05E+09 0.0201 3775.67
3.08E+09 0.0212 3772.79
3.11E+09 0.0215 3769.73
3.15E+09 0.0195 3766.46
3.19E+09 0.0188 3763.62
3.22E+09 0.0194 3760.77
3.26E+09 0.0171 3757.65
3.30E+09 0.0182 3754.91
3.33E+09 0.0195 3752.27
3.37E+09 0.0206 3749.09
3.41E+09 0.0186 3745.97
3.45E+09 0.0172 3742.89
3.49E+09 0.0162 3739.97
3.52E+09 0.0143 3737.71
3.57E+09 0.0151 3735.1
3.61E+09 0.0165 3732.45
3.65E+09 0.0189 3729.07
3.70E+09 0.0184 3725.35
3.75E+09 0.0158 3721.76
3.79E+09 0.0155 3718.77
3.84E+09 0.0148 3715.65
3.89E+09 0.0162 3712.05
3.95E+09 0.0165 3708.19
4.00E+09 0.0146 3704.66
4.06E+09 0.0140 3701.13
4.11E+09 0.0131 3698.22
4.16E+09 0.0120 3695.39
4.22E+09 0.0128 3692.64
4.27E+09 0.0135 3689.55
4.33E+09 0.0138 3686.34
4.39E+09 0.0125 3683.11
4.44E+09 0.0116 3680.2
4.51E+09 0.0114 3677.08
4.56E+09 0.0117 3674.52
4.61E+09 0.0104 3672.19
4.67E+09 0.0106 3669.74
4.73E+09 0.0111 3666.62
4.80E+09 0.0100 3663.77
4.86E+09 0.0098 3661.31
4.92E+09 0.0116 3658.59
4.99E+09 0.0105 3655.23
