0.00E+00 -0.5225 5022.38
3.24E+08 0.1040 4828.43
4.37E+08 0.0901 4764.72
5.21E+08 0.0860 4720.5
5.93E+08 0.0811 4685.34
6.58E+08 0.0792 4654.65
6.86E+08 0.1053 4641.41
7.19E+08 0.1401 4614.61
8.55E+08 0.0987 4523
1.03E+09 0.1007 4429.23
1.14E+09 0.0974 4361.98
1.25E+09 0.0910 4302.66
1.37E+09 0.0791 4239.84
1.47E+09 0.0692 4197.76
1.55E+09 0.0611 4168.38
1.63E+09 0.0565 4141.66
1.70E+09 0.0611 4116.77
1.76E+09 0.0516 4096.93
1.81E+09 0.0543 4083.47
1.86E+09 0.0550 4067.01
1.91E+09 0.0496 4051.3
1.95E+09 0.0437 4039.32
1.98E+09 0.0468 4031.11
2.02E+09 0.0492 4020.94
2.05E+09 0.0474 4012.39
2.08E+09 0.0437 4003.9
2.11E+09 0.0409 3996.69
2.15E+09 0.0387 3987.87
2.19E+09 0.0394 3979.75
2.21E+09 0.0385 3973.85
2.25E+09 0.0397 3965.85
2.29E+09 0.0394 3957.55
2.32E+09 0.0372 3950.74
2.35E+09 0.0344 3942.84
2.38E+09 0.0305 3937.58
2.42E+09 0.0341 3930.07
2.45E+09 0.0328 3924.2
2.49E+09 0.0273 3917.97
2.53E+09 0.0332 3910.85
2.57E+09 0.0290 3903.43
2.61E+09 0.0283 3897.9
2.64E+09 0.0299 3891.63
2.69E+09 0.0293 3883.34
2.74E+09 0.0276 3875.44
2.79E+09 0.0262 3868.41
2.83E+09 0.0259 3861.97
2.87E+09 0.0244 3855.38
2.92E+09 0.0216 3848.85
2.96E+09 0.0211 3844.13
3.01E+09 0.0172 3839.04
3.05E+09 0.0184 3834.49
3.09E+09 0.0212 3830.31
3.13E+09 0.0203 3825.68
3.17E+09 0.0197 3820.72
3.22E+09 0.0197 3815.06
3.27E+09 0.0169 3809.62
3.32E+09 0.0194 3804.3
3.37E+09 0.0186 3799.07
3.43E+09 0.0163 3792.73
3.50E+09 0.0150 3786.95
3.56E+09 0.0146 3782.06
3.59E+09 0.0150 3779.2
3.64E+09 0.0151 3774.91
3.69E+09 0.0138 3770.39
3.76E+09 0.0132 3764.77
3.83E+09 0.0129 3759.81
3.89E+09 0.0122 3754.93
3.95E+09 0.0116 3751.26
4.01E+09 0.0101 3747.38
4.07E+09 0.0111 3743.93
4.13E+09 0.0097 3740.52
4.18E+09 0.0115 3737.17
4.25E+09 0.0106 3732.76
4.31E+09 0.0083 3729.67
4.40E+09 0.0086 3725.61
4.46E+09 0.0086 3722.14
4.51E+09 0.0090 3719.46
4.60E+09 0.0088 3715.22
4.66E+09 0.0079 3712.01
4.74E+09 0.0063 3708.89
4.81E+09 0.0080 3705.76
4.89E+09 0.0078 3702.29
4.98E+09 0.0069 3698.46
