0.00E+00 -0.7269 5718.95
3.32E+08 0.1389 5356.91
4.53E+08 0.1130 5239.29
5.53E+08 0.1046 5152.78
6.39E+08 0.0973 5085
7.22E+08 0.0905 5024.47
8.16E+08 0.0834 4960.28
9.12E+08 0.0762 4901.2
1.01E+09 0.0705 4842.68
1.10E+09 0.0674 4795.31
1.12E+09 0.1459 4778.84
1.14E+09 0.1281 4756.75
1.24E+09 0.0738 4685.82
1.45E+09 0.0734 4561.76
1.60E+09 0.0569 4478.49
1.75E+09 0.0457 4418.14
1.88E+09 0.0406 4375.42
2.01E+09 0.0505 4331.46
2.13E+09 0.0433 4285.77
2.25E+09 0.0356 4248.92
2.35E+09 0.0299 4222.23
2.46E+09 0.0247 4198.93
2.54E+09 0.0233 4185.09
2.59E+09 0.0327 4173.43
2.63E+09 0.0271 4164.33
2.68E+09 0.0251 4153.41
2.73E+09 0.0262 4144.22
2.78E+09 0.0245 4134.57
2.83E+09 0.0215 4126.1
2.88E+09 0.0206 4117.43
2.93E+09 0.0209 4109.12
2.98E+09 0.0192 4101.08
3.03E+09 0.0189 4093.63
3.09E+09 0.0194 4085.3
3.14E+09 0.0177 4077.71
3.20E+09 0.0164 4069.91
3.25E+09 0.0157 4062.71
3.31E+09 0.0149 4055.58
3.37E+09 0.0142 4049.32
3.43E+09 0.0147 4042.83
3.48E+09 0.0144 4036.66
3.54E+09 0.0132 4030.15
3.61E+09 0.0125 4023.49
3.67E+09 0.0120 4017.36
3.74E+09 0.0111 4011.39
3.80E+09 0.0110 4005.63
3.87E+09 0.0108 3999.91
3.94E+09 0.0101 3994.4
4.01E+09 0.0092 3988.99
4.08E+09 0.0086 3984
4.15E+09 0.0083 3979.1
4.22E+09 0.0081 3974.65
4.29E+09 0.0081 3970.17
4.37E+09 0.0077 3965.47
4.44E+09 0.0071 3961.17
4.52E+09 0.0069 3957.01
4.59E+09 0.0072 3952.87
4.67E+09 0.0065 3948.63
4.76E+09 0.0057 3944.5
4.85E+09 0.0058 3940.66
4.93E+09 0.0057 3937.01
