0.00E+00 -0.7058 5406.82
1.66E+08 0.1813 5318.37
2.13E+08 0.1822 5290.27
2.50E+08 0.1865 5269.15
2.89E+08 0.1673 5247.63
3.16E+08 0.1707 5232.47
3.46E+08 0.1590 5217.05
3.66E+08 0.1624 5206.27
3.92E+08 0.1526 5193.11
4.13E+08 0.1541 5182.96
4.34E+08 0.1542 5172.89
4.51E+08 0.1543 5164.63
4.59E+08 0.1598 5160.39
4.61E+08 0.1680 5159.64
4.62E+08 0.1813 5158.83
4.65E+08 0.2048 5157.02
4.71E+08 0.2141 5153.19
4.80E+08 0.2227 5147.09
4.93E+08 0.2379 5137.28
5.05E+08 0.2554 5128
5.07E+08 0.2859 5126.04
5.15E+08 0.2758 5118.46
5.45E+08 0.2290 5095.57
5.82E+08 0.2407 5068.03
6.06E+08 0.2536 5048.77
6.25E+08 0.2913 5033.15
6.64E+08 0.2443 5000.58
7.08E+08 0.2223 4968.41
7.52E+08 0.1992 4938.74
8.00E+08 0.1757 4910
8.50E+08 0.1688 4882.81
8.97E+08 0.1628 4857.98
9.45E+08 0.1829 4831.59
9.97E+08 0.2060 4797.14
1.03E+09 0.1938 4778.1
1.04E+09 0.1817 4768.93
1.06E+09 0.1750 4759.4
1.08E+09 0.1680 4747.68
1.10E+09 0.1583 4735.9
1.12E+09 0.1544 4726.58
1.14E+09 0.1502 4718.37
1.16E+09 0.1483 4709.71
1.17E+09 0.1444 4703.07
1.19E+09 0.1440 4695.19
1.20E+09 0.1354 4689.13
1.22E+09 0.1379 4682.93
1.23E+09 0.1303 4676.62
1.24E+09 0.1347 4671.08
1.26E+09 0.1278 4665.83
1.27E+09 0.1259 4660.58
1.28E+09 0.1235 4655.41
1.30E+09 0.1187 4650.38
1.31E+09 0.1209 4645.51
1.32E+09 0.1174 4639.98
1.34E+09 0.1148 4634.06
1.35E+09 0.1181 4628.39
1.37E+09 0.1131 4623.19
1.38E+09 0.1140 4618.18
1.40E+09 0.1106 4612.44
1.41E+09 0.1121 4607.16
1.43E+09 0.1097 4602.12
1.44E+09 0.1092 4597.05
1.45E+09 0.1084 4592.65
1.47E+09 0.1042 4588.19
1.48E+09 0.1084 4584.09
1.49E+09 0.1076 4580.34
1.51E+09 0.1036 4575.65
1.52E+09 0.1049 4571.57
1.53E+09 0.1041 4568.15
1.54E+09 0.1032 4564.18
1.55E+09 0.1016 4560.26
1.56E+09 0.1040 4556.65
1.58E+09 0.1017 4552.4
1.59E+09 0.1016 4548.05
1.60E+09 0.1038 4544.16
1.61E+09 0.1023 4540.02
1.63E+09 0.1016 4535.97
1.64E+09 0.1024 4531.84
1.65E+09 0.1006 4527.47
1.66E+09 0.1045 4523.48
1.68E+09 0.1003 4519.04
1.69E+09 0.1011 4514.91
1.70E+09 0.1003 4511.05
1.72E+09 0.1022 4507.09
1.73E+09 0.1000 4502.72
1.74E+09 0.0957 4499
1.75E+09 0.0974 4494.83
1.77E+09 0.0963 4491.25
1.78E+09 0.0955 4486.95
1.79E+09 0.0969 4483.12
1.81E+09 0.0949 4478.74
1.82E+09 0.0922 4474.69
1.83E+09 0.0993 4470.78
1.85E+09 0.0942 4466.34
1.86E+09 0.0953 4461.85
1.88E+09 0.0953 4457.72
1.89E+09 0.0921 4453.34
1.91E+09 0.0931 4448.9
1.92E+09 0.0959 4445.15
1.93E+09 0.0927 4440.63
1.95E+09 0.0918 4436.45
1.96E+09 0.0898 4432.47
1.98E+09 0.0908 4427.99
1.99E+09 0.0923 4423.67
2.01E+09 0.0902 4419.16
2.02E+09 0.0902 4415.24
2.04E+09 0.0899 4410.93
2.05E+09 0.0887 4406.59
2.07E+09 0.0893 4402.13
2.08E+09 0.0871 4397.97
2.10E+09 0.0858 4393.72
2.11E+09 0.0862 4389.35
2.13E+09 0.0826 4385.25
2.15E+09 0.0841 4381.04
2.16E+09 0.0870 4376.67
2.18E+09 0.0817 4372.26
2.19E+09 0.0819 4368.2
2.21E+09 0.0816 4363.87
2.23E+09 0.0786 4359.51
2.24E+09 0.0816 4355.11
2.26E+09 0.0801 4350.81
2.28E+09 0.0763 4346.28
2.30E+09 0.0760 4342.16
2.32E+09 0.0775 4337.37
2.34E+09 0.0719 4332.44
2.36E+09 0.0793 4327.93
2.38E+09 0.0727 4322.49
2.40E+09 0.0756 4317.29
2.42E+09 0.0685 4312.36
2.44E+09 0.0719 4308.5
2.46E+09 0.0678 4304.02
2.48E+09 0.0637 4299.65
2.50E+09 0.0647 4295.99
2.52E+09 0.0660 4292.43
2.54E+09 0.0662 4287.9
2.56E+09 0.0653 4283.79
2.58E+09 0.0629 4279.54
2.60E+09 0.0633 4275.13
2.62E+09 0.0632 4270.46
2.65E+09 0.0595 4265.91
2.67E+09 0.0579 4262.09
2.68E+09 0.0588 4258.76
2.71E+09 0.0574 4254.77
2.73E+09 0.0600 4250.41
2.75E+09 0.0543 4246.37
2.77E+09 0.0611 4242.9
2.79E+09 0.0562 4238.51
2.82E+09 0.0574 4234.49
2.84E+09 0.0549 4230.2
2.86E+09 0.0557 4226.14
2.88E+09 0.0551 4222.54
2.91E+09 0.0514 4218.4
2.93E+09 0.0521 4214.79
2.95E+09 0.0515 4211.03
2.98E+09 0.0532 4207.19
3.00E+09 0.0475 4203.71
3.02E+09 0.0498 4200.36
3.04E+09 0.0506 4197.31
3.06E+09 0.0482 4193.63
3.09E+09 0.0487 4190.22
3.11E+09 0.0476 4186.92
3.13E+09 0.0452 4183.43
3.15E+09 0.0440 4180.83
3.17E+09 0.0426 4177.93
3.19E+09 0.0450 4174.64
3.21E+09 0.0461 4171.77
3.23E+09 0.0439 4168.85
3.26E+09 0.0432 4165.68
3.28E+09 0.0410 4162.76
3.30E+09 0.0419 4159.92
3.32E+09 0.0405 4157.03
3.35E+09 0.0399 4154.01
3.37E+09 0.0394 4151.31
3.39E+09 0.0391 4148.2
3.41E+09 0.0415 4145.44
3.44E+09 0.0372 4142.68
3.46E+09 0.0364 4139.72
3.48E+09 0.0411 4136.8
3.51E+09 0.0358 4133.63
3.54E+09 0.0391 4130.7
3.56E+09 0.0360 4128.23
3.58E+09 0.0338 4125.5
3.61E+09 0.0338 4122.78
3.63E+09 0.0345 4120.21
3.65E+09 0.0325 4117.64
3.68E+09 0.0331 4115.31
3.70E+09 0.0331 4112.83
3.72E+09 0.0303 4110.37
3.75E+09 0.0324 4107.96
3.77E+09 0.0289 4105.79
3.80E+09 0.0279 4103.53
3.82E+09 0.0301 4101.33
3.84E+09 0.0316 4098.92
3.87E+09 0.0295 4096.6
3.89E+09 0.0296 4094.14
3.92E+09 0.0316 4091.79
3.94E+09 0.0286 4089.43
3.97E+09 0.0281 4086.93
4.00E+09 0.0276 4084.58
4.02E+09 0.0293 4082.32
4.05E+09 0.0270 4080.14
4.07E+09 0.0256 4077.91
4.10E+09 0.0245 4075.62
4.13E+09 0.0250 4073.5
4.16E+09 0.0254 4071.34
4.18E+09 0.0268 4069.03
4.21E+09 0.0281 4066.85
4.24E+09 0.0245 4064.44
4.27E+09 0.0245 4062.08
4.30E+09 0.0275 4059.72
4.32E+09 0.0248 4057.53
4.35E+09 0.0240 4055.12
4.38E+09 0.0236 4052.84
4.41E+09 0.0228 4050.62
4.44E+09 0.0224 4048.48
4.47E+09 0.0216 4046.47
4.50E+09 0.0209 4044.3
4.54E+09 0.0212 4042.19
4.57E+09 0.0233 4039.98
4.60E+09 0.0219 4037.84
4.63E+09 0.0191 4035.81
4.66E+09 0.0210 4033.8
4.69E+09 0.0215 4031.77
4.72E+09 0.0206 4029.83
4.75E+09 0.0184 4027.72
4.79E+09 0.0187 4025.75
4.82E+09 0.0202 4023.88
4.85E+09 0.0201 4021.85
4.88E+09 0.0186 4019.84
4.91E+09 0.0183 4017.89
4.95E+09 0.0187 4015.91
4.98E+09 0.0188 4014.08
