0.00E+00 -0.8426 6007.59
1.86E+08 0.2209 5809.13
2.50E+08 0.2062 5739.25
3.00E+08 0.1991 5685.8
3.46E+08 0.1894 5640.11
3.86E+08 0.1856 5600.98
4.21E+08 0.1819 5568.22
4.55E+08 0.1727 5538.08
4.85E+08 0.1684 5512.54
5.16E+08 0.1596 5486.53
5.44E+08 0.1581 5463.83
5.69E+08 0.1561 5443.75
5.97E+08 0.1490 5422.36
6.22E+08 0.1475 5403.27
6.48E+08 0.1463 5383.65
6.72E+08 0.1464 5366.11
6.95E+08 0.1425 5349.5
7.14E+08 0.1416 5335.57
7.33E+08 0.1442 5321.54
7.52E+08 0.1539 5307.71
7.64E+08 0.1901 5297.07
7.67E+08 0.2541 5294.13
7.73E+08 0.2673 5285.64
7.91E+08 0.2368 5263.42
8.41E+08 0.2066 5208.25
8.94E+08 0.1991 5153.46
9.46E+08 0.1940 5101.18
9.83E+08 0.1946 5063.95
1.05E+09 0.1590 5003.7
1.13E+09 0.1402 4940.7
1.23E+09 0.1163 4877.77
1.35E+09 0.1410 4790.46
1.48E+09 0.1336 4707.69
1.60E+09 0.1194 4627.03
1.69E+09 0.1024 4574.01
1.77E+09 0.0913 4538.95
1.83E+09 0.0870 4508.83
1.88E+09 0.0739 4487.98
1.91E+09 0.0797 4477.67
1.94E+09 0.0597 4468.02
1.97E+09 0.0683 4457.51
2.00E+09 0.0649 4447.17
2.03E+09 0.0690 4437.04
2.06E+09 0.0543 4427.76
2.09E+09 0.0619 4418.59
2.12E+09 0.0497 4410.2
2.15E+09 0.0448 4402.51
2.18E+09 0.0607 4396.19
2.21E+09 0.0472 4387.91
2.24E+09 0.0526 4378.78
2.27E+09 0.0530 4371.84
2.30E+09 0.0482 4363.82
2.34E+09 0.0442 4355.93
2.37E+09 0.0493 4347.93
2.41E+09 0.0438 4339.55
2.44E+09 0.0445 4331.1
2.48E+09 0.0432 4323.53
2.52E+09 0.0372 4315.53
2.55E+09 0.0387 4310.26
2.58E+09 0.0371 4303.54
2.62E+09 0.0395 4295.79
2.65E+09 0.0356 4289.35
2.69E+09 0.0323 4283.29
2.73E+09 0.0297 4277.42
2.76E+09 0.0361 4271.44
2.80E+09 0.0296 4265.18
2.84E+09 0.0293 4258.02
2.90E+09 0.0304 4250.49
2.94E+09 0.0295 4244.07
2.97E+09 0.0272 4238.76
3.03E+09 0.0247 4231.83
3.07E+09 0.0304 4225.67
3.11E+09 0.0215 4220.48
3.16E+09 0.0211 4214.71
3.21E+09 0.0231 4209.76
3.25E+09 0.0211 4205.13
3.30E+09 0.0191 4200.54
3.34E+09 0.0193 4196.54
3.39E+09 0.0178 4192.12
3.43E+09 0.0188 4187.81
3.48E+09 0.0157 4183.27
3.54E+09 0.0167 4179.09
3.59E+09 0.0186 4173.93
3.64E+09 0.0175 4169.65
3.69E+09 0.0144 4165.55
3.74E+09 0.0166 4161.5
3.80E+09 0.0150 4156.91
3.86E+09 0.0147 4152.14
3.92E+09 0.0153 4147.95
3.99E+09 0.0119 4143.16
4.05E+09 0.0129 4139.08
4.11E+09 0.0117 4135.3
4.16E+09 0.0106 4132.4
4.23E+09 0.0101 4129
4.30E+09 0.0124 4124.87
4.37E+09 0.0101 4120.82
4.44E+09 0.0100 4117.34
4.51E+09 0.0107 4113.8
4.57E+09 0.0099 4110.32
4.64E+09 0.0082 4107.21
4.72E+09 0.0074 4104.31
4.78E+09 0.0093 4101.34
4.87E+09 0.0065 4098.12
4.94E+09 0.0075 4095.65
