0.00E+00 -0.7307 5805.92
1.31E+08 0.2452 5737.83
1.70E+08 0.2492 5713.6
2.03E+08 0.2169 5692.53
2.24E+08 0.2302 5680.11
2.33E+08 0.2392 5674.27
2.35E+08 0.2486 5673.3
2.35E+08 0.2731 5672.61
2.38E+08 0.3023 5670.27
2.45E+08 0.3020 5665.24
2.53E+08 0.3139 5658.68
2.55E+08 0.3510 5656.36
2.57E+08 0.3743 5654.59
2.65E+08 0.3569 5646.9
2.78E+08 0.3259 5634.92
2.98E+08 0.3383 5617.46
3.13E+08 0.3699 5603.36
3.21E+08 0.4054 5594.7
3.49E+08 0.3833 5565.04
3.89E+08 0.3654 5524.17
4.30E+08 0.3474 5485.03
4.61E+08 0.3317 5456.7
4.88E+08 0.3231 5433.35
5.12E+08 0.3189 5412.41
5.35E+08 0.3174 5392.34
5.55E+08 0.3176 5375.42
5.71E+08 0.3169 5361.9
5.87E+08 0.3138 5347.67
6.01E+08 0.3193 5336.13
6.12E+08 0.3412 5326.37
6.26E+08 0.3276 5313.24
6.40E+08 0.3295 5301.44
6.54E+08 0.3216 5289.14
6.62E+08 0.3202 5281.87
6.73E+08 0.3137 5273.02
6.84E+08 0.3166 5263.62
6.94E+08 0.3083 5254.82
7.03E+08 0.3038 5247.74
7.12E+08 0.3083 5240.22
7.20E+08 0.2989 5233.2
7.29E+08 0.3004 5226.64
7.37E+08 0.2993 5219.78
7.45E+08 0.2912 5213.6
7.51E+08 0.3012 5208.94
7.58E+08 0.2961 5202.89
7.68E+08 0.2879 5194.8
7.76E+08 0.2922 5188.95
7.86E+08 0.2902 5181.31
7.93E+08 0.2794 5175.47
8.00E+08 0.2846 5170.14
8.09E+08 0.2835 5163.71
8.17E+08 0.2809 5157.36
8.24E+08 0.2719 5151.8
8.30E+08 0.2834 5147.48
8.35E+08 0.2784 5143.5
8.42E+08 0.2677 5138.91
8.47E+08 0.2636 5134.97
8.52E+08 0.2626 5131.34
8.58E+08 0.2687 5127.1
8.65E+08 0.2720 5122.35
8.71E+08 0.2667 5117.55
8.76E+08 0.2704 5113.82
8.83E+08 0.2625 5109.36
8.89E+08 0.2637 5105.16
8.96E+08 0.2667 5100.19
9.02E+08 0.2751 5095.55
9.09E+08 0.2694 5090.52
9.14E+08 0.2638 5086.47
9.21E+08 0.2588 5082.17
9.27E+08 0.2627 5077.74
9.32E+08 0.2647 5073.74
9.39E+08 0.2605 5068.99
9.45E+08 0.2615 5064.88
9.52E+08 0.2598 5060.09
9.59E+08 0.2682 5055.13
9.66E+08 0.2580 5049.89
9.72E+08 0.2539 5045.99
9.78E+08 0.2531 5041.72
9.84E+08 0.2560 5037.99
9.91E+08 0.2475 5032.97
9.97E+08 0.2537 5029.22
1.00E+09 0.2615 5023.87
1.01E+09 0.2520 5019.04
1.02E+09 0.2509 5014.23
1.03E+09 0.2497 5009.67
1.03E+09 0.2580 5004.75
1.04E+09 0.2489 5000.29
1.05E+09 0.2499 4996.06
1.05E+09 0.2428 4991.79
1.06E+09 0.2359 4987.87
1.06E+09 0.2480 4983.84
1.07E+09 0.2493 4979.19
1.08E+09 0.2458 4973.93
1.08E+09 0.2376 4969.99
1.09E+09 0.2375 4965.67
1.10E+09 0.2450 4961.53
1.10E+09 0.2372 4957.19
1.11E+09 0.2405 4952.95
1.12E+09 0.2404 4948.78
1.12E+09 0.2397 4944.39
1.13E+09 0.2446 4939.82
1.14E+09 0.2428 4935.1
1.15E+09 0.2291 4930.35
1.15E+09 0.2326 4926.54
1.16E+09 0.2371 4922.04
1.17E+09 0.2269 4917.2
1.17E+09 0.2322 4912.7
1.18E+09 0.2272 4908.11
1.19E+09 0.2332 4903.93
1.20E+09 0.2363 4898.91
1.20E+09 0.2302 4894.3
1.21E+09 0.2202 4889.78
1.22E+09 0.2090 4885.78
1.22E+09 0.2186 4882.28
1.23E+09 0.2136 4878.87
1.24E+09 0.2201 4874.6
1.24E+09 0.2207 4870.49
1.25E+09 0.2232 4866.02
1.26E+09 0.2276 4861.77
1.27E+09 0.2250 4857.4
1.27E+09 0.2151 4853.36
1.28E+09 0.2194 4849.18
1.29E+09 0.2188 4844.87
1.29E+09 0.2217 4841.27
1.30E+09 0.2114 4836.38
1.31E+09 0.2074 4831.95
1.32E+09 0.2121 4827.6
1.32E+09 0.2189 4823.43
1.33E+09 0.2152 4819.25
1.34E+09 0.2067 4814.86
1.35E+09 0.2141 4810.72
1.35E+09 0.2092 4806.45
1.36E+09 0.2117 4801.64
1.37E+09 0.2150 4797.33
1.38E+09 0.2072 4792.33
1.39E+09 0.2101 4787.02
1.40E+09 0.2038 4782.19
1.41E+09 0.2035 4777.28
1.41E+09 0.2013 4772.41
1.42E+09 0.2076 4767.94
1.43E+09 0.2006 4762.65
1.44E+09 0.2069 4757.37
1.45E+09 0.2040 4752.71
1.46E+09 0.1933 4746.56
1.47E+09 0.1967 4742
1.48E+09 0.1903 4737.56
1.49E+09 0.1892 4732.93
1.50E+09 0.1923 4728.52
1.51E+09 0.1871 4723.75
1.51E+09 0.1826 4719.66
1.52E+09 0.1975 4715.58
1.53E+09 0.1917 4710.95
1.54E+09 0.1881 4705.89
1.55E+09 0.1897 4701.18
1.56E+09 0.1837 4696.92
1.57E+09 0.1892 4692.66
1.57E+09 0.1877 4688.66
1.58E+09 0.1823 4683.79
1.59E+09 0.1795 4679.48
1.60E+09 0.1835 4675.55
1.61E+09 0.1802 4670.75
1.62E+09 0.1828 4665.82
1.63E+09 0.1775 4661.35
1.64E+09 0.1797 4656.36
1.65E+09 0.1784 4652.05
1.66E+09 0.1694 4647.33
1.67E+09 0.1799 4642.7
1.68E+09 0.1799 4638.03
1.69E+09 0.1747 4633.21
1.70E+09 0.1676 4629.06
1.71E+09 0.1773 4624.89
1.72E+09 0.1755 4620.08
1.73E+09 0.1674 4615.71
1.74E+09 0.1589 4611.65
1.74E+09 0.1695 4608.2
1.75E+09 0.1673 4603.59
1.77E+09 0.1702 4598.61
1.78E+09 0.1671 4593.9
1.78E+09 0.1561 4589.68
1.80E+09 0.1716 4585.15
1.81E+09 0.1709 4579.6
1.82E+09 0.1657 4574.49
1.83E+09 0.1619 4569.43
1.84E+09 0.1572 4564.78
1.85E+09 0.1544 4560.89
1.86E+09 0.1601 4556.89
1.87E+09 0.1616 4552.76
1.88E+09 0.1561 4548.04
1.89E+09 0.1523 4544.09
1.90E+09 0.1599 4540.22
1.91E+09 0.1572 4536.24
1.92E+09 0.1536 4532.41
1.93E+09 0.1477 4528.89
1.93E+09 0.1506 4525.37
1.94E+09 0.1526 4521.67
1.95E+09 0.1438 4517.82
1.96E+09 0.1449 4514.4
1.97E+09 0.1534 4510.84
1.98E+09 0.1508 4506.87
1.99E+09 0.1425 4502.9
2.00E+09 0.1396 4499.22
2.01E+09 0.1468 4495.37
2.02E+09 0.1356 4491.67
2.03E+09 0.1376 4488.73
2.04E+09 0.1487 4485.15
2.05E+09 0.1464 4481.09
2.06E+09 0.1354 4477.47
2.07E+09 0.1373 4474.24
2.08E+09 0.1424 4470.6
2.08E+09 0.1418 4467.67
2.09E+09 0.1390 4463.95
2.10E+09 0.1448 4460.33
2.11E+09 0.1393 4456.44
2.12E+09 0.1336 4452.83
2.13E+09 0.1354 4449.5
2.14E+09 0.1370 4445.93
2.15E+09 0.1412 4442.77
2.16E+09 0.1318 4438.2
2.17E+09 0.1303 4435.14
2.18E+09 0.1340 4431.52
2.19E+09 0.1281 4427.05
2.20E+09 0.1367 4423.01
2.22E+09 0.1361 4418.38
2.23E+09 0.1299 4413.49
2.24E+09 0.1306 4409.42
2.25E+09 0.1293 4405.06
2.27E+09 0.1234 4401.01
2.28E+09 0.1316 4396.9
2.29E+09 0.1245 4392.32
2.31E+09 0.1218 4387.67
2.32E+09 0.1289 4383.77
2.33E+09 0.1264 4379.31
2.34E+09 0.1192 4375.18
2.36E+09 0.1201 4371.16
2.37E+09 0.1211 4366.69
2.38E+09 0.1229 4361.43
2.40E+09 0.1164 4356.99
2.41E+09 0.1150 4353.06
2.43E+09 0.1157 4348.88
2.44E+09 0.1194 4344.79
2.45E+09 0.1198 4340.22
2.47E+09 0.1184 4335.99
2.48E+09 0.1132 4331.99
2.49E+09 0.1107 4328.99
2.50E+09 0.1123 4325.02
2.51E+09 0.1071 4321.2
2.53E+09 0.1116 4317.43
2.54E+09 0.1121 4312.94
2.56E+09 0.1142 4308.84
2.57E+09 0.1157 4304.02
2.59E+09 0.1130 4299.47
2.60E+09 0.1073 4295.31
2.61E+09 0.1081 4291.81
2.63E+09 0.1040 4287.95
2.64E+09 0.1042 4284.34
2.65E+09 0.1033 4281.13
2.66E+09 0.1055 4277.51
2.67E+09 0.1008 4274.61
2.68E+09 0.0937 4271.77
2.69E+09 0.0993 4269.07
2.70E+09 0.0935 4266.39
2.72E+09 0.0939 4263.47
2.73E+09 0.0943 4260.56
2.74E+09 0.0948 4257.77
2.75E+09 0.0959 4254.41
2.76E+09 0.0969 4251.21
2.78E+09 0.0948 4248.22
2.79E+09 0.0921 4245.3
2.80E+09 0.0983 4242.24
2.81E+09 0.1022 4238.99
2.82E+09 0.0954 4235.37
2.84E+09 0.0882 4232.04
2.85E+09 0.0957 4228.7
2.86E+09 0.0999 4225.53
2.88E+09 0.0942 4221.44
2.89E+09 0.0892 4217.78
2.91E+09 0.0945 4214.57
2.92E+09 0.0910 4211.48
2.93E+09 0.0805 4208.71
2.95E+09 0.0817 4205.85
2.96E+09 0.0894 4203.36
2.97E+09 0.0831 4200.74
2.98E+09 0.0837 4198.06
2.99E+09 0.0854 4195.42
3.00E+09 0.0865 4192.47
3.02E+09 0.0887 4189.58
3.03E+09 0.0839 4186.11
3.04E+09 0.0791 4183.57
3.06E+09 0.0872 4180.6
3.07E+09 0.0891 4177.21
3.09E+09 0.0840 4173.83
3.10E+09 0.0784 4170.44
3.11E+09 0.0840 4167.45
3.13E+09 0.0844 4164.58
3.14E+09 0.0776 4161.5
3.16E+09 0.0895 4158.16
3.17E+09 0.0866 4154.7
3.19E+09 0.0800 4151.01
3.20E+09 0.0752 4148.13
3.21E+09 0.0755 4145.56
3.23E+09 0.0748 4142.9
3.24E+09 0.0741 4140.46
3.25E+09 0.0786 4137.94
3.26E+09 0.0722 4135.24
3.28E+09 0.0738 4132.61
3.29E+09 0.0686 4129.81
3.30E+09 0.0698 4127.42
3.32E+09 0.0633 4124.76
3.33E+09 0.0710 4122.34
3.34E+09 0.0742 4120.14
3.36E+09 0.0694 4117.24
3.37E+09 0.0697 4114.43
3.39E+09 0.0663 4111.7
3.40E+09 0.0755 4108.91
3.42E+09 0.0795 4106.51
3.43E+09 0.0718 4103.39
3.45E+09 0.0726 4100.3
3.46E+09 0.0685 4097.58
3.48E+09 0.0651 4094.83
3.49E+09 0.0705 4092.34
3.50E+09 0.0642 4089.98
3.52E+09 0.0656 4087.47
3.53E+09 0.0653 4085.07
3.55E+09 0.0644 4082.59
3.56E+09 0.0685 4080.48
3.57E+09 0.0640 4077.86
3.59E+09 0.0621 4075.42
3.60E+09 0.0640 4072.95
3.62E+09 0.0572 4070.43
3.63E+09 0.0620 4068.11
3.65E+09 0.0595 4065.66
3.66E+09 0.0595 4063.14
3.68E+09 0.0604 4060.84
3.69E+09 0.0592 4058.65
3.71E+09 0.0606 4056.09
3.72E+09 0.0601 4053.73
3.73E+09 0.0610 4051.21
3.75E+09 0.0609 4048.54
3.77E+09 0.0554 4046.2
3.78E+09 0.0625 4043.85
3.80E+09 0.0567 4041.47
3.81E+09 0.0578 4038.97
3.83E+09 0.0563 4036.58
3.84E+09 0.0531 4034.09
3.86E+09 0.0551 4032.15
3.87E+09 0.0564 4029.85
3.89E+09 0.0576 4027.68
3.91E+09 0.0525 4025.16
3.92E+09 0.0548 4022.87
3.93E+09 0.0575 4020.82
3.95E+09 0.0563 4018.47
3.97E+09 0.0535 4016.12
3.98E+09 0.0523 4013.77
4.00E+09 0.0552 4011.51
4.01E+09 0.0544 4009.14
4.03E+09 0.0544 4006.85
4.05E+09 0.0533 4004.51
4.06E+09 0.0513 4002.01
4.08E+09 0.0547 3999.94
4.10E+09 0.0524 3997.46
4.11E+09 0.0483 3995.15
4.13E+09 0.0542 3993.03
4.15E+09 0.0489 3990.69
4.16E+09 0.0496 3988.42
4.18E+09 0.0497 3986.06
4.20E+09 0.0491 3983.72
4.22E+09 0.0493 3981.4
4.23E+09 0.0497 3978.97
4.25E+09 0.0500 3976.49
4.27E+09 0.0464 3974.25
4.29E+09 0.0525 3972
4.30E+09 0.0493 3969.76
4.32E+09 0.0439 3967.22
4.34E+09 0.0489 3965.19
4.36E+09 0.0465 3962.81
4.37E+09 0.0501 3960.95
4.39E+09 0.0448 3958.7
4.41E+09 0.0449 3956.48
4.42E+09 0.0448 3954.47
4.44E+09 0.0451 3952.15
4.46E+09 0.0427 3949.97
4.48E+09 0.0464 3947.8
4.50E+09 0.0443 3945.5
4.52E+09 0.0469 3943.43
4.53E+09 0.0427 3941.35
4.55E+09 0.0431 3939.09
4.57E+09 0.0428 3936.98
4.59E+09 0.0380 3934.68
4.61E+09 0.0422 3932.65
4.63E+09 0.0485 3930.69
4.64E+09 0.0459 3928.63
4.66E+09 0.0394 3926.37
4.69E+09 0.0436 3923.83
4.70E+09 0.0419 3921.78
4.73E+09 0.0377 3919.53
4.75E+09 0.0389 3917.44
4.76E+09 0.0436 3915.49
4.79E+09 0.0394 3913.18
4.80E+09 0.0382 3911.22
4.83E+09 0.0413 3908.68
4.85E+09 0.0414 3906.34
4.87E+09 0.0382 3904.22
4.89E+09 0.0381 3902.08
4.91E+09 0.0385 3900.1
4.93E+09 0.0373 3898.26
4.95E+09 0.0379 3896.16
4.97E+09 0.0365 3894.3
4.99E+09 0.0332 3892.24
