0.00E+00 -0.5112 4963.61
8.12E+07 0.2693 4914.39
1.09E+08 0.2442 4891.89
1.50E+08 0.2317 4861.72
2.04E+08 0.2448 4821.85
2.67E+08 0.2393 4773.05
3.02E+08 0.2340 4746.39
3.30E+08 0.2375 4726.35
3.49E+08 0.2227 4712.3
3.65E+08 0.2263 4700.74
3.84E+08 0.2231 4687.72
4.01E+08 0.2150 4675.93
4.14E+08 0.2097 4667.11
4.25E+08 0.2112 4659.89
4.37E+08 0.2184 4651.37
4.58E+08 0.2156 4636.7
4.70E+08 0.2063 4629.31
4.80E+08 0.2037 4622.39
4.89E+08 0.1944 4617.06
4.97E+08 0.1857 4612.19
5.07E+08 0.2054 4605.74
5.23E+08 0.2072 4595.61
5.32E+08 0.1981 4589.7
5.40E+08 0.1894 4584.47
5.47E+08 0.1815 4580.69
5.57E+08 0.1966 4574.65
5.70E+08 0.1921 4566.63
5.78E+08 0.1846 4561.78
5.84E+08 0.1822 4558.1
5.92E+08 0.1782 4553.62
6.05E+08 0.1975 4545.82
6.17E+08 0.1927 4538.54
6.26E+08 0.1835 4533.38
6.34E+08 0.1778 4528.84
6.44E+08 0.1793 4523.39
6.53E+08 0.1857 4517.74
6.63E+08 0.1791 4512.17
6.72E+08 0.1769 4506.88
6.82E+08 0.1693 4501.48
6.90E+08 0.1742 4497.15
7.01E+08 0.1698 4491.09
7.07E+08 0.1695 4488.1
7.17E+08 0.1614 4483.04
7.27E+08 0.1655 4477.93
7.38E+08 0.1735 4472.12
7.48E+08 0.1649 4466.47
7.57E+08 0.1617 4462.01
7.65E+08 0.1585 4457.7
7.75E+08 0.1598 4452.66
7.87E+08 0.1573 4447.09
7.97E+08 0.1558 4441.78
8.09E+08 0.1606 4436.06
8.20E+08 0.1562 4430.69
8.34E+08 0.1552 4423.86
8.44E+08 0.1494 4418.75
8.56E+08 0.1464 4413.53
8.68E+08 0.1546 4407.81
8.82E+08 0.1481 4401.01
8.93E+08 0.1480 4396.01
9.06E+08 0.1437 4390.25
9.18E+08 0.1421 4384.99
9.28E+08 0.1421 4380.38
9.37E+08 0.1370 4376.19
9.48E+08 0.1350 4371.68
9.61E+08 0.1354 4365.94
9.70E+08 0.1401 4362.22
9.81E+08 0.1368 4357.32
9.91E+08 0.1293 4353.07
1.00E+09 0.1315 4348.33
1.01E+09 0.1330 4343.66
1.02E+09 0.1277 4339.01
1.04E+09 0.1315 4334.12
1.05E+09 0.1323 4328.72
1.06E+09 0.1301 4324.3
1.07E+09 0.1258 4320.09
1.08E+09 0.1269 4316.18
1.09E+09 0.1276 4311.47
1.10E+09 0.1288 4307.07
1.11E+09 0.1244 4303.21
1.12E+09 0.1251 4299.65
1.13E+09 0.1219 4296.46
1.14E+09 0.1204 4293.83
1.14E+09 0.1226 4291.12
1.15E+09 0.1203 4287.75
1.16E+09 0.1218 4284.26
1.17E+09 0.1212 4281.04
1.18E+09 0.1234 4277.13
1.19E+09 0.1226 4274.07
1.20E+09 0.1196 4270.74
1.20E+09 0.1166 4268.11
1.21E+09 0.1171 4265
1.22E+09 0.1173 4261.92
1.23E+09 0.1182 4258.84
1.24E+09 0.1158 4256.03
1.25E+09 0.1148 4252.76
1.26E+09 0.1141 4249.47
1.27E+09 0.1169 4245.68
1.27E+09 0.1171 4242.82
1.28E+09 0.1139 4239.85
1.29E+09 0.1120 4236.88
1.30E+09 0.1109 4234.19
1.31E+09 0.1135 4230.83
1.32E+09 0.1128 4227.86
1.32E+09 0.1186 4225.17
1.33E+09 0.1092 4221.95
1.34E+09 0.1079 4219.07
1.35E+09 0.1121 4215.86
1.36E+09 0.1093 4212.58
1.37E+09 0.1095 4209.41
1.38E+09 0.1111 4206.63
1.39E+09 0.1062 4203.56
1.39E+09 0.1054 4200.57
1.40E+09 0.1044 4197.83
1.41E+09 0.1060 4195
1.42E+09 0.1069 4191.86
1.43E+09 0.1029 4189.04
1.44E+09 0.1068 4186.63
1.45E+09 0.1027 4183.61
1.45E+09 0.1053 4181.11
1.46E+09 0.1015 4177.8
1.47E+09 0.1038 4175.44
1.48E+09 0.1024 4172.64
1.49E+09 0.1035 4169.88
1.50E+09 0.1009 4166.93
1.51E+09 0.1045 4164.07
1.52E+09 0.0989 4160.7
1.53E+09 0.0997 4157.6
1.54E+09 0.0983 4154.82
1.55E+09 0.0980 4151.34
1.56E+09 0.1014 4148.57
1.57E+09 0.0984 4145.17
1.58E+09 0.0963 4142.39
1.58E+09 0.0987 4139.47
1.59E+09 0.0976 4136.71
1.60E+09 0.0937 4133.53
1.61E+09 0.0951 4130.75
1.62E+09 0.0957 4128.04
1.63E+09 0.0946 4125.05
1.64E+09 0.0921 4122.07
1.65E+09 0.0973 4119.26
1.66E+09 0.0947 4116.56
1.67E+09 0.0907 4113.5
1.68E+09 0.0888 4110.78
1.69E+09 0.0933 4107.99
1.70E+09 0.0929 4105.42
1.71E+09 0.0909 4102.28
1.72E+09 0.0892 4099.97
1.73E+09 0.0907 4097.04
1.74E+09 0.0907 4094.04
1.75E+09 0.0903 4091.51
1.76E+09 0.0901 4087.99
1.77E+09 0.0873 4085.05
1.78E+09 0.0878 4081.71
1.79E+09 0.0863 4078.98
1.80E+09 0.0876 4076.36
1.82E+09 0.0859 4073
1.83E+09 0.0846 4070.23
1.84E+09 0.0845 4067.13
1.85E+09 0.0852 4064.54
1.86E+09 0.0818 4061.17
1.87E+09 0.0823 4058.43
1.88E+09 0.0856 4055.19
1.89E+09 0.0830 4052.17
1.91E+09 0.0835 4049.19
1.91E+09 0.0857 4046.61
1.93E+09 0.0861 4043.74
1.94E+09 0.0792 4040.67
1.95E+09 0.0811 4037.95
1.96E+09 0.0788 4035.3
1.97E+09 0.0803 4032.79
1.98E+09 0.0780 4030.02
1.99E+09 0.0792 4026.68
2.00E+09 0.0794 4024.14
2.02E+09 0.0755 4021.1
2.03E+09 0.0730 4018.3
2.04E+09 0.0755 4015.71
2.05E+09 0.0756 4012.69
2.07E+09 0.0778 4009.1
2.08E+09 0.0790 4005.73
2.09E+09 0.0764 4002.34
2.11E+09 0.0748 3999.58
2.12E+09 0.0788 3996.95
2.13E+09 0.0751 3994.25
2.14E+09 0.0719 3991.29
2.15E+09 0.0741 3988.32
2.17E+09 0.0697 3985.48
2.18E+09 0.0736 3981.94
2.19E+09 0.0752 3978.94
2.21E+09 0.0746 3975.85
2.22E+09 0.0749 3973.58
2.23E+09 0.0685 3970.56
2.25E+09 0.0679 3967.44
2.26E+09 0.0683 3965
2.27E+09 0.0684 3962.7
2.28E+09 0.0689 3960
2.29E+09 0.0686 3957.09
2.30E+09 0.0705 3954.53
2.32E+09 0.0662 3951.61
2.33E+09 0.0661 3949.21
2.34E+09 0.0654 3946.57
2.36E+09 0.0654 3943.79
2.37E+09 0.0648 3941.15
2.38E+09 0.0648 3938.24
2.40E+09 0.0644 3935.55
2.41E+09 0.0646 3933.21
2.42E+09 0.0625 3930.33
2.44E+09 0.0613 3927.81
2.45E+09 0.0636 3925.28
2.46E+09 0.0595 3922.74
2.47E+09 0.0602 3920.33
2.49E+09 0.0645 3917.9
2.50E+09 0.0606 3915.41
2.51E+09 0.0618 3913.03
2.52E+09 0.0582 3910.55
2.53E+09 0.0617 3908.58
2.55E+09 0.0580 3905.7
2.56E+09 0.0603 3903.07
2.58E+09 0.0598 3900.94
2.59E+09 0.0579 3898.12
2.60E+09 0.0573 3895.83
2.62E+09 0.0548 3893
2.63E+09 0.0567 3890.62
2.65E+09 0.0572 3888.27
2.66E+09 0.0558 3885.64
2.68E+09 0.0554 3883.13
2.69E+09 0.0575 3881.15
2.70E+09 0.0522 3878.26
2.72E+09 0.0542 3875.98
2.73E+09 0.0535 3873.78
2.75E+09 0.0520 3871.09
2.76E+09 0.0547 3868.54
2.77E+09 0.0580 3866.34
2.79E+09 0.0522 3863.69
2.80E+09 0.0522 3861.09
2.82E+09 0.0525 3858.48
2.83E+09 0.0506 3856.26
2.85E+09 0.0505 3853.98
2.86E+09 0.0532 3851.82
2.88E+09 0.0527 3849.6
2.89E+09 0.0504 3847.08
2.91E+09 0.0488 3844.07
2.92E+09 0.0506 3841.99
2.94E+09 0.0501 3839.7
2.96E+09 0.0485 3836.97
2.97E+09 0.0469 3834.51
2.98E+09 0.0467 3832.48
3.00E+09 0.0484 3829.93
3.02E+09 0.0485 3827.81
3.03E+09 0.0465 3825.09
3.05E+09 0.0481 3823.04
3.06E+09 0.0463 3820.78
3.08E+09 0.0456 3818.14
3.09E+09 0.0516 3816.48
3.11E+09 0.0464 3814.07
3.12E+09 0.0449 3811.67
3.14E+09 0.0440 3809.27
3.16E+09 0.0465 3806.48
3.18E+09 0.0445 3803.64
3.20E+09 0.0426 3801.17
3.21E+09 0.0465 3799.33
3.23E+09 0.0430 3796.57
3.25E+09 0.0450 3794.39
3.26E+09 0.0439 3792.19
3.28E+09 0.0419 3789.8
3.30E+09 0.0425 3787.04
3.33E+09 0.0450 3783.65
3.35E+09 0.0444 3780.22
3.38E+09 0.0437 3776.93
3.40E+09 0.0410 3773.53
3.42E+09 0.0418 3770.55
3.45E+09 0.0417 3767.6
3.47E+09 0.0411 3764.61
3.49E+09 0.0417 3761.77
3.51E+09 0.0394 3758.8
3.54E+09 0.0395 3756.03
3.56E+09 0.0376 3752.8
3.58E+09 0.0389 3750.49
3.60E+09 0.0392 3747.75
3.62E+09 0.0407 3745.45
3.65E+09 0.0367 3742.62
3.66E+09 0.0384 3740.44
3.68E+09 0.0350 3738.16
3.70E+09 0.0376 3736.65
3.72E+09 0.0357 3734.41
3.73E+09 0.0365 3732.59
3.75E+09 0.0352 3730.65
3.77E+09 0.0345 3728.21
3.79E+09 0.0376 3725.95
3.81E+09 0.0350 3723.79
3.83E+09 0.0335 3721.43
3.85E+09 0.0348 3719.17
3.88E+09 0.0357 3716.59
3.90E+09 0.0347 3714.24
3.92E+09 0.0362 3711.95
3.94E+09 0.0338 3709.86
3.96E+09 0.0306 3707.46
3.98E+09 0.0328 3705.74
4.00E+09 0.0321 3703.41
4.02E+09 0.0330 3701.58
4.04E+09 0.0311 3699.58
4.06E+09 0.0317 3697.45
4.08E+09 0.0307 3695.25
4.10E+09 0.0327 3693.58
4.13E+09 0.0295 3691.07
4.14E+09 0.0317 3689.32
4.17E+09 0.0316 3687.28
4.19E+09 0.0295 3685.21
4.21E+09 0.0292 3683.45
4.23E+09 0.0281 3681.29
4.25E+09 0.0294 3679.51
4.27E+09 0.0287 3677.26
4.30E+09 0.0279 3675.1
4.32E+09 0.0275 3673.15
4.34E+09 0.0294 3671.54
4.36E+09 0.0290 3669.83
4.38E+09 0.0272 3667.64
4.40E+09 0.0284 3666.05
4.43E+09 0.0273 3663.73
4.45E+09 0.0282 3661.42
4.47E+09 0.0271 3659.65
4.50E+09 0.0264 3657.56
4.52E+09 0.0257 3655.57
4.54E+09 0.0280 3653.92
4.56E+09 0.0272 3652.13
4.59E+09 0.0255 3650.06
4.61E+09 0.0267 3648.22
4.64E+09 0.0249 3646.11
4.66E+09 0.0249 3644.44
4.68E+09 0.0271 3642.44
4.70E+09 0.0274 3640.99
4.73E+09 0.0242 3638.76
4.76E+09 0.0232 3636.76
4.78E+09 0.0247 3635.08
4.80E+09 0.0240 3633.04
4.82E+09 0.0245 3631.5
4.85E+09 0.0241 3629.69
4.87E+09 0.0231 3627.84
4.90E+09 0.0241 3626.05
4.92E+09 0.0233 3624.34
4.94E+09 0.0239 3622.65
4.97E+09 0.0239 3620.88
4.99E+09 0.0227 3618.96
