0.00E+00 -0.9203 6242.88
1.02E+08 0.3233 6174.05
1.33E+08 0.3300 6148.54
1.63E+08 0.3002 6124.08
1.81E+08 0.3087 6109.1
2.06E+08 0.2947 6089.94
2.21E+08 0.2987 6078.16
2.42E+08 0.2787 6062.08
2.55E+08 0.2872 6052.05
2.68E+08 0.2827 6042.39
2.85E+08 0.2698 6030
2.97E+08 0.2726 6021.05
3.09E+08 0.2740 6012.91
3.20E+08 0.2665 6004.48
3.32E+08 0.2613 5996.22
3.43E+08 0.2602 5988.56
3.54E+08 0.2583 5981.64
3.63E+08 0.2588 5975.39
3.70E+08 0.2634 5970.12
3.72E+08 0.2741 5968.7
3.73E+08 0.2846 5967.88
3.74E+08 0.2998 5967.34
3.75E+08 0.3253 5966.65
3.77E+08 0.3437 5964.89
3.81E+08 0.3643 5960.91
3.87E+08 0.3881 5954.87
3.93E+08 0.4186 5949.12
3.94E+08 0.4502 5947.45
3.95E+08 0.4745 5946.49
3.96E+08 0.4919 5944.82
4.02E+08 0.4600 5937.36
4.15E+08 0.3995 5922.77
4.34E+08 0.3907 5902.83
4.55E+08 0.4108 5880.67
4.70E+08 0.4278 5864.88
4.81E+08 0.4434 5851.78
4.89E+08 0.4882 5841.87
5.08E+08 0.4448 5818.77
5.29E+08 0.4217 5794.37
5.51E+08 0.4029 5770.99
5.73E+08 0.3846 5747.58
5.98E+08 0.3669 5722.58
6.21E+08 0.3589 5700.9
6.45E+08 0.3462 5678.49
6.70E+08 0.3291 5656.07
6.95E+08 0.3129 5634.6
7.17E+08 0.3608 5616.42
7.39E+08 0.3927 5593.16
7.54E+08 0.3751 5578.59
7.63E+08 0.3627 5569.56
7.72E+08 0.3566 5560.43
7.80E+08 0.3576 5552.87
7.87E+08 0.3527 5546.67
7.95E+08 0.3471 5539.52
8.02E+08 0.3416 5533.02
8.09E+08 0.3430 5526.51
8.15E+08 0.3398 5520.86
8.21E+08 0.3339 5515.29
8.26E+08 0.3305 5510.98
8.32E+08 0.3291 5505.8
8.38E+08 0.3236 5500.93
8.43E+08 0.3304 5496.1
8.50E+08 0.3270 5490.82
8.56E+08 0.3168 5485.37
8.63E+08 0.3199 5478.99
8.70E+08 0.3176 5473.32
8.76E+08 0.3202 5468.87
8.81E+08 0.3122 5464.67
8.88E+08 0.3129 5458.33
8.95E+08 0.3115 5452.69
9.01E+08 0.3098 5448.07
9.07E+08 0.3084 5443
9.14E+08 0.3086 5437.02
9.20E+08 0.3064 5432
9.27E+08 0.3017 5426.65
9.33E+08 0.2983 5421.85
9.39E+08 0.3022 5417.48
9.45E+08 0.2970 5412.74
9.51E+08 0.2939 5407.52
9.56E+08 0.2967 5403.8
9.62E+08 0.2935 5399.21
9.69E+08 0.2899 5393.86
9.75E+08 0.2897 5389.33
9.80E+08 0.2890 5384.92
9.86E+08 0.2865 5380.92
9.91E+08 0.2876 5377.24
9.97E+08 0.2869 5372.42
1.00E+09 0.2847 5368.93
1.01E+09 0.2859 5365.27
1.01E+09 0.2837 5360.6
1.02E+09 0.2862 5357.07
1.02E+09 0.2797 5352.63
1.03E+09 0.2801 5349.4
1.03E+09 0.2805 5345.43
1.04E+09 0.2809 5341.95
1.04E+09 0.2774 5338.57
1.05E+09 0.2824 5334.56
1.05E+09 0.2830 5330.86
1.06E+09 0.2800 5327.21
1.06E+09 0.2793 5322.68
1.07E+09 0.2795 5318.91
1.07E+09 0.2749 5314.19
1.08E+09 0.2785 5310.28
1.09E+09 0.2761 5305.93
1.09E+09 0.2755 5301.69
1.10E+09 0.2761 5297.1
1.10E+09 0.2722 5292.52
1.11E+09 0.2711 5288.26
1.12E+09 0.2763 5284.15
1.12E+09 0.2726 5280.84
1.13E+09 0.2724 5277.31
1.13E+09 0.2735 5273.29
1.14E+09 0.2734 5269.4
1.14E+09 0.2730 5266
1.15E+09 0.2740 5261.36
1.15E+09 0.2706 5258.18
1.16E+09 0.2686 5254.81
1.16E+09 0.2728 5250.96
1.17E+09 0.2702 5247.43
1.17E+09 0.2697 5242.61
1.18E+09 0.2734 5238.33
1.19E+09 0.2700 5233.9
1.19E+09 0.2655 5229.65
1.20E+09 0.2694 5224.89
1.20E+09 0.2678 5221.26
1.21E+09 0.2690 5216.65
1.22E+09 0.2669 5212.94
1.22E+09 0.2676 5208.76
1.23E+09 0.2652 5204.87
1.23E+09 0.2684 5200.54
1.24E+09 0.2692 5196.35
1.25E+09 0.2639 5191.53
1.25E+09 0.2676 5186.8
1.26E+09 0.2607 5181.95
1.27E+09 0.2656 5177.24
1.27E+09 0.2654 5172.72
1.28E+09 0.2622 5168.15
1.29E+09 0.2662 5164.06
1.29E+09 0.2599 5159.84
1.30E+09 0.2628 5155.65
1.31E+09 0.2601 5149.97
1.31E+09 0.2612 5144.81
1.32E+09 0.2615 5139.7
1.33E+09 0.2561 5134.29
1.34E+09 0.2587 5129.42
1.34E+09 0.2538 5124.7
1.35E+09 0.2575 5119.81
1.36E+09 0.2556 5115.21
1.36E+09 0.2536 5110
1.37E+09 0.2506 5104.5
1.38E+09 0.2518 5100.32
1.39E+09 0.2529 5096
1.39E+09 0.2491 5090.54
1.40E+09 0.2495 5085.6
1.41E+09 0.2475 5080.17
1.42E+09 0.2456 5075.49
1.42E+09 0.2408 5071.01
1.43E+09 0.2474 5066.38
1.44E+09 0.2468 5062.23
1.44E+09 0.2499 5057.52
1.45E+09 0.2422 5052.38
1.46E+09 0.2442 5047.66
1.47E+09 0.2432 5042.26
1.48E+09 0.2428 5037.43
1.49E+09 0.2405 5031.02
1.49E+09 0.2375 5025.9
1.50E+09 0.2355 5020.58
1.51E+09 0.2421 5015.3
1.52E+09 0.2337 5010.35
1.53E+09 0.2315 5005.19
1.53E+09 0.2349 5000.68
1.54E+09 0.2333 4995.61
1.55E+09 0.2326 4990.24
1.56E+09 0.2310 4985.39
1.57E+09 0.2328 4980.29
1.58E+09 0.2287 4975.03
1.58E+09 0.2267 4969.91
1.59E+09 0.2280 4964.47
1.60E+09 0.2235 4958.8
1.61E+09 0.2231 4953.23
1.62E+09 0.2194 4947.21
1.63E+09 0.2206 4941.58
1.64E+09 0.2157 4936.42
1.65E+09 0.2165 4930.54
1.66E+09 0.2154 4925.14
1.67E+09 0.2107 4919.67
1.68E+09 0.2133 4913.94
1.69E+09 0.2164 4908.36
1.70E+09 0.2081 4902.05
1.71E+09 0.2084 4895.6
1.72E+09 0.2089 4889.56
1.73E+09 0.2049 4883.63
1.75E+09 0.2031 4877.85
1.76E+09 0.2049 4871.42
1.77E+09 0.2035 4866.21
1.78E+09 0.1990 4860.15
1.79E+09 0.1948 4854.75
1.80E+09 0.1971 4849.33
1.81E+09 0.1954 4842.84
1.82E+09 0.1923 4836.75
1.84E+09 0.1901 4830.63
1.85E+09 0.1948 4824.36
1.86E+09 0.1887 4818.11
1.87E+09 0.1874 4812.35
1.88E+09 0.1886 4805.92
1.90E+09 0.1840 4800.48
1.91E+09 0.1829 4794.08
1.92E+09 0.1829 4787.92
1.93E+09 0.1781 4782.07
1.94E+09 0.1786 4777.76
1.95E+09 0.1773 4772.74
1.97E+09 0.1772 4766.6
1.98E+09 0.1728 4760.96
1.99E+09 0.1736 4754.86
2.01E+09 0.1731 4748.34
2.02E+09 0.1686 4743.27
2.03E+09 0.1686 4737.32
2.04E+09 0.1656 4731.67
2.06E+09 0.1669 4725.42
2.07E+09 0.1633 4719.73
2.08E+09 0.1648 4714.04
2.10E+09 0.1599 4708.84
2.11E+09 0.1625 4704.48
2.12E+09 0.1586 4698.87
2.13E+09 0.1603 4693.96
2.15E+09 0.1584 4688.18
2.16E+09 0.1555 4682.41
2.17E+09 0.1552 4676.92
2.19E+09 0.1512 4671
2.20E+09 0.1510 4665.46
2.21E+09 0.1498 4660.24
2.23E+09 0.1490 4655.12
2.24E+09 0.1465 4649.48
2.25E+09 0.1454 4644.42
2.27E+09 0.1481 4638.77
2.28E+09 0.1417 4633.9
2.30E+09 0.1461 4628.82
2.31E+09 0.1406 4623.43
2.32E+09 0.1412 4619.09
2.34E+09 0.1435 4613.63
2.35E+09 0.1339 4608.3
2.36E+09 0.1381 4603.13
2.38E+09 0.1372 4598.01
2.39E+09 0.1362 4593.25
2.41E+09 0.1307 4588.32
2.42E+09 0.1327 4583.76
2.43E+09 0.1277 4579.58
2.44E+09 0.1284 4575.61
2.45E+09 0.1228 4571.86
2.47E+09 0.1309 4567.15
2.48E+09 0.1256 4562.42
2.50E+09 0.1281 4558
2.51E+09 0.1235 4553.75
2.52E+09 0.1277 4549.4
2.54E+09 0.1240 4544.12
2.55E+09 0.1198 4539.89
2.57E+09 0.1172 4534.65
2.58E+09 0.1245 4529.85
2.60E+09 0.1184 4524.58
2.61E+09 0.1217 4520.53
2.63E+09 0.1202 4515.5
2.64E+09 0.1243 4511.37
2.65E+09 0.1175 4507.95
2.67E+09 0.1182 4503.33
2.68E+09 0.1116 4499.36
2.69E+09 0.1153 4494.86
2.71E+09 0.1103 4490.82
2.72E+09 0.1101 4486.59
2.74E+09 0.1115 4482.49
2.75E+09 0.1074 4478.46
2.76E+09 0.1072 4474.35
2.78E+09 0.1046 4470.39
2.79E+09 0.1078 4466.1
2.81E+09 0.1049 4461.33
2.83E+09 0.1070 4456.71
2.84E+09 0.1036 4452.12
2.86E+09 0.0989 4448.12
2.88E+09 0.1024 4443.63
2.89E+09 0.1032 4439.22
2.91E+09 0.0980 4435.36
2.92E+09 0.0963 4431.91
2.93E+09 0.0939 4428.48
2.95E+09 0.0968 4424.53
2.97E+09 0.0952 4420.48
2.98E+09 0.0926 4416.84
2.99E+09 0.0944 4413.25
3.01E+09 0.0907 4409.12
3.03E+09 0.0906 4405.4
3.04E+09 0.0953 4401.7
3.06E+09 0.0865 4398
3.07E+09 0.0902 4394.51
3.09E+09 0.0888 4390.91
3.10E+09 0.0861 4387.52
3.12E+09 0.0860 4384.21
3.13E+09 0.0853 4380.47
3.15E+09 0.0860 4376.93
3.16E+09 0.0868 4373.39
3.18E+09 0.0809 4369.45
3.20E+09 0.0824 4366.31
3.21E+09 0.0799 4362.56
3.23E+09 0.0790 4359.09
3.25E+09 0.0814 4355.26
3.26E+09 0.0826 4351.86
3.28E+09 0.0748 4348.15
3.30E+09 0.0853 4344.76
3.31E+09 0.0769 4341.2
3.33E+09 0.0780 4337.7
3.35E+09 0.0794 4334.4
3.36E+09 0.0766 4331.03
3.38E+09 0.0770 4327.68
3.40E+09 0.0737 4324.24
3.41E+09 0.0730 4320.92
3.43E+09 0.0735 4317.55
3.45E+09 0.0703 4314
3.47E+09 0.0709 4310.47
3.49E+09 0.0734 4307.21
3.51E+09 0.0714 4303.62
3.52E+09 0.0694 4300.18
3.54E+09 0.0714 4296.72
3.56E+09 0.0684 4293.1
3.58E+09 0.0715 4289.87
3.60E+09 0.0692 4286.14
3.62E+09 0.0679 4282.78
3.64E+09 0.0670 4279.29
3.66E+09 0.0636 4275.96
3.68E+09 0.0655 4272.34
3.70E+09 0.0659 4268.94
3.72E+09 0.0617 4265.45
3.74E+09 0.0625 4262.22
3.76E+09 0.0639 4258.96
3.78E+09 0.0612 4255.56
3.80E+09 0.0618 4252.26
3.82E+09 0.0626 4248.92
3.84E+09 0.0606 4245.75
3.86E+09 0.0610 4242.57
3.87E+09 0.0592 4239.87
3.90E+09 0.0602 4236.58
3.91E+09 0.0571 4233.57
3.94E+09 0.0567 4230.48
3.96E+09 0.0600 4227.31
3.98E+09 0.0564 4224
4.00E+09 0.0561 4221.04
4.02E+09 0.0595 4218.24
4.04E+09 0.0535 4214.98
4.06E+09 0.0540 4211.85
4.08E+09 0.0521 4208.76
4.10E+09 0.0543 4205.72
4.12E+09 0.0559 4203.29
4.14E+09 0.0515 4200.67
4.16E+09 0.0511 4197.56
4.18E+09 0.0535 4194.81
4.21E+09 0.0516 4191.32
4.23E+09 0.0496 4188.43
4.25E+09 0.0488 4185.37
4.27E+09 0.0518 4182.36
4.30E+09 0.0513 4179.26
4.32E+09 0.0484 4176.18
4.34E+09 0.0491 4173.16
4.37E+09 0.0498 4170.17
4.39E+09 0.0474 4167.15
4.42E+09 0.0468 4164.09
4.44E+09 0.0448 4161.14
4.46E+09 0.0481 4158.32
4.49E+09 0.0478 4155.3
4.51E+09 0.0459 4152.7
4.53E+09 0.0460 4149.93
4.55E+09 0.0444 4147.08
4.58E+09 0.0439 4144.17
4.60E+09 0.0461 4141.56
4.63E+09 0.0441 4138.4
4.66E+09 0.0429 4135.28
4.68E+09 0.0437 4132.43
4.71E+09 0.0427 4129.52
4.73E+09 0.0397 4126.54
4.76E+09 0.0396 4123.62
4.79E+09 0.0410 4120.84
4.81E+09 0.0415 4117.89
4.84E+09 0.0389 4114.88
4.87E+09 0.0426 4112.22
4.89E+09 0.0402 4109.22
4.92E+09 0.0384 4106.72
4.94E+09 0.0365 4104.37
4.97E+09 0.0373 4101.66
5.00E+09 0.0365 4099.08
