0.00E+00 -1.0056 6347.99
3.56E+08 0.1435 5765.1
5.01E+08 0.1154 5581.22
6.22E+08 0.1011 5459.75
7.72E+08 0.0881 5327.3
9.73E+08 0.0734 5174.84
1.25E+09 0.0582 5004.47
1.45E+09 0.0914 4902.95
1.50E+09 0.1129 4857.67
1.54E+09 0.0608 4822.97
1.77E+09 0.0387 4723.15
1.97E+09 0.0426 4647.56
2.13E+09 0.0322 4591.71
2.27E+09 0.0257 4552.17
2.43E+09 0.0209 4518.21
2.57E+09 0.0177 4492.42
2.70E+09 0.0167 4471.74
2.84E+09 0.0173 4449.37
2.97E+09 0.0134 4429.71
3.08E+09 0.0105 4417.39
3.17E+09 0.0085 4408.91
3.27E+09 0.0066 4402.19
3.34E+09 0.0066 4398.02
3.42E+09 0.0046 4393.8
3.49E+09 0.0063 4390.31
3.56E+09 0.0088 4385.45
3.63E+09 0.0069 4380.33
3.69E+09 0.0080 4375.82
3.76E+09 0.0070 4371.28
3.83E+09 0.0052 4367.09
3.89E+09 0.0066 4363.71
3.97E+09 0.0055 4359.22
4.03E+09 0.0060 4355.83
4.10E+09 0.0045 4352.62
4.17E+09 0.0051 4349.22
4.25E+09 0.0047 4345.9
4.32E+09 0.0048 4342.68
4.39E+09 0.0046 4339.35
4.47E+09 0.0041 4336.07
4.55E+09 0.0040 4333.28
4.62E+09 0.0038 4330.47
4.71E+09 0.0033 4327.68
4.79E+09 0.0034 4325.18
4.86E+09 0.0039 4322.61
4.94E+09 0.0034 4320.04
