0.00E+00 -0.6661 5520.04
3.71E+08 0.1154 5161.79
4.97E+08 0.0946 5055.92
6.14E+08 0.0894 4969.59
7.38E+08 0.0796 4886
8.73E+08 0.0721 4802.8
1.03E+09 0.0641 4718.11
1.12E+09 0.0834 4672.82
1.13E+09 0.1169 4663.01
1.17E+09 0.0944 4626.32
1.31E+09 0.0662 4542.31
1.50E+09 0.0688 4440.19
1.61E+09 0.0531 4384.32
1.74E+09 0.0455 4332.88
1.86E+09 0.0386 4292.84
1.98E+09 0.0354 4260.11
2.09E+09 0.0444 4224.61
2.20E+09 0.0380 4186.23
2.31E+09 0.0325 4155.63
2.42E+09 0.0274 4129.8
2.52E+09 0.0244 4109.74
2.58E+09 0.0288 4097.32
2.62E+09 0.0243 4087.79
2.68E+09 0.0230 4077.08
2.73E+09 0.0229 4068.03
2.78E+09 0.0242 4058.4
2.82E+09 0.0226 4049.49
2.88E+09 0.0201 4040.3
2.93E+09 0.0196 4031.59
2.99E+09 0.0192 4022.88
3.04E+09 0.0185 4014.78
3.10E+09 0.0179 4006.56
3.16E+09 0.0177 3998.48
3.21E+09 0.0159 3990.56
3.27E+09 0.0154 3983.02
3.33E+09 0.0155 3975.89
3.39E+09 0.0142 3968.45
3.46E+09 0.0123 3961.83
3.52E+09 0.0115 3955.29
3.59E+09 0.0115 3949.54
3.65E+09 0.0120 3943.83
3.71E+09 0.0119 3938.2
3.78E+09 0.0107 3931.81
3.85E+09 0.0093 3925.74
3.93E+09 0.0096 3920.01
4.00E+09 0.0095 3914.63
4.07E+09 0.0090 3909.1
4.15E+09 0.0086 3903.8
4.22E+09 0.0084 3898.7
4.29E+09 0.0079 3894.03
4.37E+09 0.0073 3889.32
4.45E+09 0.0070 3884.81
4.53E+09 0.0065 3880.37
4.61E+09 0.0064 3876.24
4.70E+09 0.0064 3871.8
4.78E+09 0.0061 3867.74
4.86E+09 0.0058 3863.69
4.94E+09 0.0060 3859.73
