0.00E+00 -0.4592 4687.36
4.36E+07 0.2475 4666.6
5.89E+07 0.2853 4654.74
7.30E+07 0.2945 4642.87
1.01E+08 0.2623 4620.13
1.60E+08 0.2626 4578.69
2.26E+08 0.2364 4531.58
2.63E+08 0.2296 4506.41
2.87E+08 0.2228 4491.18
3.06E+08 0.2180 4479.15
3.20E+08 0.2126 4470.21
3.34E+08 0.2068 4461.93
3.45E+08 0.1998 4455.41
3.56E+08 0.1951 4449.07
3.66E+08 0.1910 4443.51
3.75E+08 0.1870 4438.46
3.84E+08 0.1960 4433.68
3.94E+08 0.1961 4428.04
4.02E+08 0.1976 4423.34
4.13E+08 0.1885 4417.47
4.23E+08 0.1843 4412.24
4.32E+08 0.1804 4407.57
4.39E+08 0.1777 4403.54
4.47E+08 0.1745 4399.91
4.53E+08 0.1722 4396.75
4.58E+08 0.1733 4394.3
4.64E+08 0.1665 4391.07
4.71E+08 0.1656 4387.95
4.77E+08 0.1642 4385.31
4.84E+08 0.1588 4381.98
4.90E+08 0.1739 4378.84
4.97E+08 0.1771 4375.32
5.06E+08 0.1723 4371.15
5.15E+08 0.1690 4366.77
5.23E+08 0.1661 4362.55
5.32E+08 0.1624 4358.6
5.39E+08 0.1645 4355.29
5.45E+08 0.1647 4352.4
5.51E+08 0.1613 4349.66
5.56E+08 0.1587 4347.19
5.64E+08 0.1566 4343.59
5.72E+08 0.1587 4340.01
5.80E+08 0.1627 4336.24
5.88E+08 0.1581 4332.7
5.94E+08 0.1531 4329.94
6.00E+08 0.1474 4327.07
6.06E+08 0.1514 4324.54
6.13E+08 0.1509 4321.47
6.21E+08 0.1519 4318.13
6.31E+08 0.1497 4314.02
6.39E+08 0.1513 4310.2
6.48E+08 0.1471 4306.61
6.56E+08 0.1447 4303.12
6.64E+08 0.1461 4299.92
6.73E+08 0.1424 4296.2
6.81E+08 0.1378 4292.69
6.90E+08 0.1377 4289.18
6.99E+08 0.1396 4285.5
7.09E+08 0.1386 4281.74
7.21E+08 0.1363 4277.15
7.30E+08 0.1348 4273.5
7.40E+08 0.1343 4269.7
7.50E+08 0.1278 4266.01
7.56E+08 0.1323 4263.42
7.64E+08 0.1308 4260.64
7.70E+08 0.1305 4258.22
7.77E+08 0.1318 4255.59
7.84E+08 0.1290 4253.11
7.90E+08 0.1271 4250.95
7.96E+08 0.1231 4248.73
8.02E+08 0.1248 4246.55
8.09E+08 0.1252 4244.14
8.16E+08 0.1218 4241.64
8.22E+08 0.1226 4239.26
8.30E+08 0.1200 4236.74
8.36E+08 0.1241 4234.46
8.43E+08 0.1229 4232.23
8.51E+08 0.1234 4229.24
8.59E+08 0.1219 4226.34
8.68E+08 0.1191 4223.2
8.76E+08 0.1184 4220.52
8.84E+08 0.1204 4217.86
8.93E+08 0.1160 4214.87
8.99E+08 0.1224 4212.66
9.07E+08 0.1190 4209.79
9.16E+08 0.1180 4206.9
9.23E+08 0.1172 4204.51
9.30E+08 0.1166 4202.01
9.39E+08 0.1123 4199.32
9.46E+08 0.1148 4196.94
9.53E+08 0.1173 4194.38
9.63E+08 0.1115 4191.2
9.71E+08 0.1141 4188.56
9.81E+08 0.1141 4185.51
9.89E+08 0.1150 4182.66
9.99E+08 0.1125 4179.36
1.01E+09 0.1128 4176.07
1.02E+09 0.1132 4173.3
1.03E+09 0.1115 4170.24
1.04E+09 0.1096 4167.38
1.04E+09 0.1099 4164.92
1.05E+09 0.1110 4162.24
1.06E+09 0.1074 4159.51
1.07E+09 0.1067 4156.56
1.08E+09 0.1101 4153.5
1.09E+09 0.1088 4150.85
1.10E+09 0.1072 4148.15
1.11E+09 0.1093 4145.73
1.11E+09 0.1035 4142.88
1.12E+09 0.1016 4140.4
1.13E+09 0.1036 4138.09
1.14E+09 0.1063 4135.66
1.15E+09 0.1023 4133.2
1.15E+09 0.1054 4131.04
1.17E+09 0.1034 4127.51
1.18E+09 0.1020 4124.1
1.19E+09 0.1058 4121.25
1.20E+09 0.1026 4118.02
1.21E+09 0.0991 4114.72
1.22E+09 0.1013 4111.89
1.23E+09 0.0993 4108.41
1.25E+09 0.1015 4103.68
1.26E+09 0.1001 4098.99
1.28E+09 0.1011 4094.74
1.29E+09 0.0974 4091.36
1.30E+09 0.0966 4088.55
1.31E+09 0.0951 4085.76
1.32E+09 0.0948 4082.74
1.33E+09 0.0937 4079.5
1.35E+09 0.0955 4075.78
1.36E+09 0.0950 4072.39
1.37E+09 0.0949 4068.73
1.39E+09 0.0927 4065.06
1.40E+09 0.0933 4061.29
1.41E+09 0.0936 4058.04
1.42E+09 0.0898 4055.11
1.44E+09 0.0921 4052.19
1.45E+09 0.0906 4049.16
1.45E+09 0.0924 4047.02
1.47E+09 0.0897 4044.18
1.48E+09 0.0914 4041.15
1.49E+09 0.0858 4037.88
1.50E+09 0.0876 4034.87
1.51E+09 0.0881 4032
1.53E+09 0.0862 4028.27
1.54E+09 0.0854 4025.09
1.55E+09 0.0879 4022.47
1.56E+09 0.0853 4019.24
1.58E+09 0.0838 4016
1.59E+09 0.0836 4013.18
1.60E+09 0.0847 4010.34
1.61E+09 0.0818 4007.38
1.62E+09 0.0812 4004.8
1.63E+09 0.0824 4002.36
1.65E+09 0.0785 3999.73
1.66E+09 0.0821 3997.7
1.66E+09 0.0800 3995.41
1.67E+09 0.0773 3993.13
1.69E+09 0.0778 3990.7
1.69E+09 0.0800 3988.72
1.70E+09 0.0758 3986.53
1.71E+09 0.0789 3984.25
1.73E+09 0.0778 3981.2
1.74E+09 0.0801 3979.33
1.75E+09 0.0766 3976.65
1.76E+09 0.0765 3974.03
1.77E+09 0.0770 3971.67
1.78E+09 0.0776 3969.08
1.79E+09 0.0782 3967.03
1.80E+09 0.0772 3964.61
1.82E+09 0.0781 3961.91
1.83E+09 0.0766 3959.1
1.84E+09 0.0746 3956.02
1.85E+09 0.0769 3953.35
1.87E+09 0.0737 3950.54
1.88E+09 0.0746 3947.33
1.90E+09 0.0719 3944.17
1.91E+09 0.0725 3941.44
1.92E+09 0.0715 3939.01
1.93E+09 0.0725 3937.04
1.94E+09 0.0715 3934.96
1.95E+09 0.0702 3932.91
1.96E+09 0.0709 3930.36
1.97E+09 0.0723 3928.57
1.99E+09 0.0687 3925.98
2.00E+09 0.0716 3923.27
2.01E+09 0.0686 3920.56
2.03E+09 0.0686 3917.98
2.04E+09 0.0677 3915.67
2.05E+09 0.0677 3913.82
2.06E+09 0.0664 3911.42
2.07E+09 0.0677 3909.05
2.08E+09 0.0663 3906.8
2.09E+09 0.0659 3904.79
2.11E+09 0.0651 3902.4
2.12E+09 0.0652 3900.26
2.13E+09 0.0629 3898.02
2.14E+09 0.0648 3896.03
2.15E+09 0.0638 3894.13
2.16E+09 0.0622 3892.08
2.17E+09 0.0622 3890.66
2.18E+09 0.0632 3888.39
2.20E+09 0.0636 3886.15
2.21E+09 0.0637 3884.19
2.22E+09 0.0619 3881.49
2.23E+09 0.0641 3879.35
2.25E+09 0.0617 3876.88
2.26E+09 0.0623 3874.42
2.28E+09 0.0630 3871.91
2.29E+09 0.0615 3869.03
2.31E+09 0.0599 3866.48
2.32E+09 0.0592 3864.08
2.33E+09 0.0596 3861.54
2.35E+09 0.0607 3859.01
2.37E+09 0.0593 3855.98
2.38E+09 0.0584 3853.24
2.40E+09 0.0586 3850.25
2.42E+09 0.0583 3847.52
2.43E+09 0.0588 3844.81
2.45E+09 0.0570 3842.07
2.46E+09 0.0564 3839.7
2.48E+09 0.0556 3837.12
2.50E+09 0.0565 3834.56
2.51E+09 0.0563 3832.04
2.53E+09 0.0550 3829.84
2.54E+09 0.0544 3827.17
2.56E+09 0.0532 3825.06
2.57E+09 0.0536 3822.84
2.58E+09 0.0534 3820.71
2.60E+09 0.0535 3818.67
2.61E+09 0.0533 3816.1
2.63E+09 0.0531 3813.39
2.65E+09 0.0534 3810.83
2.66E+09 0.0517 3808.57
2.68E+09 0.0480 3806.32
2.69E+09 0.0515 3804.81
2.70E+09 0.0502 3802.64
2.72E+09 0.0500 3800.72
2.73E+09 0.0502 3798.66
2.75E+09 0.0516 3796.73
2.76E+09 0.0496 3794.75
2.77E+09 0.0497 3792.88
2.79E+09 0.0496 3790.63
2.80E+09 0.0477 3788.4
2.82E+09 0.0490 3786.48
2.84E+09 0.0474 3783.64
2.85E+09 0.0481 3781.4
2.87E+09 0.0456 3779.01
2.89E+09 0.0458 3777.09
2.90E+09 0.0487 3775.26
2.92E+09 0.0463 3773.1
2.93E+09 0.0474 3770.69
2.95E+09 0.0456 3768.49
2.97E+09 0.0464 3766.4
2.99E+09 0.0448 3763.79
3.00E+09 0.0463 3761.8
3.02E+09 0.0463 3758.76
3.04E+09 0.0447 3756.02
3.07E+09 0.0453 3753.22
3.09E+09 0.0454 3750.64
3.10E+09 0.0445 3748.31
3.12E+09 0.0441 3745.67
3.15E+09 0.0439 3743.04
3.17E+09 0.0430 3740.4
3.19E+09 0.0427 3738.11
3.20E+09 0.0421 3735.99
3.22E+09 0.0413 3733.44
3.24E+09 0.0415 3731.06
3.26E+09 0.0406 3728.63
3.28E+09 0.0409 3726.44
3.30E+09 0.0399 3724.7
3.31E+09 0.0401 3722.98
3.33E+09 0.0392 3720.91
3.35E+09 0.0409 3718.84
3.37E+09 0.0383 3716.42
3.39E+09 0.0392 3714.05
3.41E+09 0.0385 3711.79
3.43E+09 0.0385 3709.7
3.45E+09 0.0383 3707.52
3.47E+09 0.0368 3705.13
3.50E+09 0.0392 3702.57
3.52E+09 0.0376 3700.13
3.54E+09 0.0372 3697.81
3.56E+09 0.0368 3695.2
3.59E+09 0.0375 3692.86
3.61E+09 0.0366 3690.46
3.63E+09 0.0360 3688.06
3.65E+09 0.0365 3686.02
3.67E+09 0.0352 3683.82
3.69E+09 0.0342 3681.68
3.72E+09 0.0341 3679.57
3.73E+09 0.0336 3677.79
3.76E+09 0.0333 3675.61
3.78E+09 0.0334 3673.32
3.80E+09 0.0352 3671.38
3.83E+09 0.0332 3669.02
3.85E+09 0.0320 3666.53
3.88E+09 0.0323 3664.21
3.90E+09 0.0325 3661.78
3.92E+09 0.0326 3659.72
3.95E+09 0.0338 3657.69
3.97E+09 0.0308 3655.73
3.99E+09 0.0314 3653.71
4.02E+09 0.0306 3651.47
4.04E+09 0.0306 3649.27
4.07E+09 0.0314 3647.06
4.09E+09 0.0309 3645.05
4.11E+09 0.0318 3643.07
4.14E+09 0.0299 3640.54
4.16E+09 0.0309 3638.47
4.19E+09 0.0307 3636.39
4.21E+09 0.0293 3633.83
4.24E+09 0.0296 3631.88
4.27E+09 0.0297 3629.41
4.30E+09 0.0283 3626.77
4.33E+09 0.0291 3624.17
4.36E+09 0.0285 3621.88
4.39E+09 0.0286 3619.31
4.42E+09 0.0276 3617.2
4.44E+09 0.0263 3614.9
4.47E+09 0.0269 3612.78
4.50E+09 0.0270 3611.02
4.52E+09 0.0254 3608.82
4.56E+09 0.0268 3606.32
4.59E+09 0.0262 3603.9
4.62E+09 0.0253 3601.48
4.65E+09 0.0247 3599.19
4.68E+09 0.0250 3597.25
4.71E+09 0.0244 3595.39
4.74E+09 0.0246 3593.26
4.77E+09 0.0254 3591.18
4.79E+09 0.0242 3589.31
4.82E+09 0.0235 3587.38
4.85E+09 0.0246 3585.43
4.88E+09 0.0238 3583.51
4.91E+09 0.0241 3581.4
4.94E+09 0.0235 3579.25
4.96E+09 0.0232 3577.42
5.00E+09 0.0229 3575.34
