0.00E+00 -1.3803 7501.69
1.28E+08 0.4871 7244.61
1.80E+08 0.4260 7129.46
2.17E+08 0.4063 7052.92
2.46E+08 0.3975 6997.27
2.73E+08 0.3951 6946.09
2.98E+08 0.3745 6898.89
3.21E+08 0.3659 6856.76
3.43E+08 0.3584 6819.13
3.63E+08 0.3411 6785.93
3.82E+08 0.3398 6754.68
4.00E+08 0.3308 6724.07
4.20E+08 0.3247 6692.73
4.38E+08 0.3233 6663.48
4.57E+08 0.3167 6634.57
4.74E+08 0.3062 6608.54
4.90E+08 0.3096 6584.64
5.07E+08 0.3022 6559.82
5.25E+08 0.2968 6534.02
5.42E+08 0.2952 6509.54
5.58E+08 0.2976 6486.56
5.74E+08 0.2878 6463.81
5.89E+08 0.2806 6442.09
6.04E+08 0.2814 6421.6
6.19E+08 0.2780 6401.93
6.34E+08 0.2711 6382.12
6.49E+08 0.2699 6362.15
6.64E+08 0.2677 6342.82
6.79E+08 0.2563 6323.61
6.94E+08 0.2622 6305.23
7.09E+08 0.2572 6286.47
7.22E+08 0.2535 6269.39
7.36E+08 0.2531 6252.39
7.51E+08 0.2445 6235.02
7.65E+08 0.2482 6217.47
7.79E+08 0.2426 6201.27
7.92E+08 0.2390 6185.91
8.05E+08 0.2367 6171.29
8.18E+08 0.2389 6156.31
8.30E+08 0.2383 6141.62
8.43E+08 0.2432 6127.2
8.55E+08 0.2490 6112.97
8.66E+08 0.2490 6099.31
8.77E+08 0.2617 6086.24
8.87E+08 0.2836 6073.2
8.90E+08 0.3168 6067.94
8.93E+08 0.4548 6061.89
8.99E+08 0.4526 6049.48
9.23E+08 0.3430 6003.67
9.72E+08 0.3179 5926.5
1.01E+09 0.3137 5867.31
1.05E+09 0.3028 5807.96
1.10E+09 0.2926 5732.75
1.14E+09 0.2536 5684.34
1.20E+09 0.2174 5609.32
1.27E+09 0.2138 5542.54
1.35E+09 0.2458 5452.17
1.45E+09 0.2093 5332.24
1.57E+09 0.1773 5222.01
1.68E+09 0.1600 5137.93
1.77E+09 0.1654 5062.45
1.86E+09 0.1551 4996.66
1.94E+09 0.1224 4941.22
2.01E+09 0.1204 4897.82
2.07E+09 0.1016 4864.09
2.12E+09 0.0917 4844.91
2.16E+09 0.0764 4826.83
2.19E+09 0.0763 4814.03
2.22E+09 0.0860 4803.64
2.26E+09 0.0808 4787.19
2.30E+09 0.0745 4772.38
2.34E+09 0.0653 4759.15
2.37E+09 0.0605 4749.41
2.41E+09 0.0686 4738.1
2.44E+09 0.0626 4728.45
2.47E+09 0.0646 4717.52
2.51E+09 0.0586 4706.87
2.54E+09 0.0545 4697.08
2.58E+09 0.0524 4687.63
2.62E+09 0.0538 4678.07
2.66E+09 0.0526 4667.4
2.70E+09 0.0516 4657.6
2.74E+09 0.0483 4647.42
2.78E+09 0.0485 4637.63
2.82E+09 0.0441 4629
2.86E+09 0.0403 4620.51
2.90E+09 0.0455 4611.85
2.95E+09 0.0355 4603.09
2.99E+09 0.0480 4595.77
3.03E+09 0.0322 4586.87
3.08E+09 0.0350 4578.61
3.11E+09 0.0380 4572.2
3.16E+09 0.0326 4564.12
3.21E+09 0.0419 4556.74
3.25E+09 0.0305 4548.61
3.31E+09 0.0307 4539.98
3.36E+09 0.0296 4532.62
3.42E+09 0.0224 4525.34
3.47E+09 0.0302 4519.44
3.53E+09 0.0215 4512.04
3.58E+09 0.0276 4505.86
3.64E+09 0.0214 4499.09
3.69E+09 0.0200 4493.82
3.74E+09 0.0232 4487.94
3.80E+09 0.0219 4482.01
3.86E+09 0.0211 4475.91
3.92E+09 0.0153 4470.96
3.98E+09 0.0195 4464.99
4.04E+09 0.0151 4460.4
4.10E+09 0.0201 4455.42
4.17E+09 0.0156 4449.35
4.23E+09 0.0159 4444.86
4.30E+09 0.0155 4439.43
4.37E+09 0.0164 4434.24
4.44E+09 0.0116 4428.92
4.51E+09 0.0133 4425.35
4.57E+09 0.0129 4420.9
4.64E+09 0.0134 4416.78
4.71E+09 0.0130 4412.15
4.78E+09 0.0117 4407.89
4.85E+09 0.0110 4403.95
4.93E+09 0.0120 4399.56
