0.00E+00 -0.1999 3431.13
4.97E+07 0.1099 3424.31
6.80E+07 0.1274 3417.3
1.05E+08 0.1226 3403.22
1.52E+08 0.1162 3386.05
1.99E+08 0.1226 3368.09
2.47E+08 0.1134 3350.35
2.74E+08 0.1091 3340.98
2.96E+08 0.1034 3333.71
3.22E+08 0.1006 3325.78
3.45E+08 0.0946 3318.76
3.63E+08 0.0910 3313.56
3.80E+08 0.0899 3308.69
3.99E+08 0.0852 3303.79
4.12E+08 0.0819 3300.3
4.28E+08 0.0815 3296.18
4.43E+08 0.0779 3292.42
4.57E+08 0.0760 3289.29
4.70E+08 0.0741 3286.23
4.83E+08 0.0722 3283.22
4.96E+08 0.0715 3280.18
5.11E+08 0.0692 3277.12
5.25E+08 0.0665 3274.04
5.38E+08 0.0664 3271.35
5.52E+08 0.0636 3268.55
5.68E+08 0.0618 3265.49
5.83E+08 0.0611 3262.7
5.97E+08 0.0584 3260.01
6.10E+08 0.0575 3257.71
6.26E+08 0.0546 3255.01
6.39E+08 0.0537 3252.69
6.57E+08 0.0514 3249.86
6.71E+08 0.0500 3247.56
6.87E+08 0.0479 3245.25
7.00E+08 0.0472 3243.3
7.18E+08 0.0454 3240.72
7.38E+08 0.0430 3238.02
7.57E+08 0.0419 3235.49
7.80E+08 0.0397 3232.66
8.04E+08 0.0378 3229.73
8.28E+08 0.0357 3227.02
8.46E+08 0.0343 3225.1
8.69E+08 0.0326 3222.73
8.96E+08 0.0308 3220.08
9.15E+08 0.0293 3218.34
9.38E+08 0.0283 3216.24
9.56E+08 0.0274 3214.69
9.69E+08 0.0270 3213.59
9.81E+08 0.0271 3212.58
9.95E+08 0.0260 3211.44
1.01E+09 0.0264 3210.29
1.03E+09 0.0259 3209
1.04E+09 0.0253 3207.73
1.06E+09 0.0256 3206.56
1.07E+09 0.0254 3205.17
1.09E+09 0.0254 3203.69
1.11E+09 0.0244 3202.44
1.12E+09 0.0249 3201.5
1.14E+09 0.0241 3200.4
1.15E+09 0.0238 3199.34
1.17E+09 0.0233 3198.2
1.18E+09 0.0234 3197.09
1.19E+09 0.0229 3196.12
1.21E+09 0.0226 3195.12
1.23E+09 0.0225 3194
1.24E+09 0.0225 3192.98
1.25E+09 0.0222 3191.94
1.27E+09 0.0225 3190.74
1.29E+09 0.0231 3189.38
1.31E+09 0.0225 3187.78
1.34E+09 0.0218 3186.36
1.36E+09 0.0218 3184.84
1.38E+09 0.0220 3183.41
1.40E+09 0.0213 3181.84
1.42E+09 0.0219 3180.45
1.44E+09 0.0212 3179.05
1.46E+09 0.0213 3177.9
1.48E+09 0.0212 3176.74
1.50E+09 0.0214 3175.49
1.52E+09 0.0213 3174.19
1.54E+09 0.0212 3172.83
1.56E+09 0.0209 3171.43
1.58E+09 0.0211 3170
1.60E+09 0.0208 3168.61
1.62E+09 0.0205 3167.29
1.65E+09 0.0211 3165.88
1.67E+09 0.0205 3164.51
1.69E+09 0.0202 3163.14
1.71E+09 0.0203 3161.85
1.73E+09 0.0199 3160.56
1.75E+09 0.0201 3159.28
1.77E+09 0.0197 3158.16
1.79E+09 0.0193 3156.88
1.81E+09 0.0193 3155.74
1.83E+09 0.0192 3154.67
1.85E+09 0.0190 3153.67
1.86E+09 0.0193 3152.7
1.88E+09 0.0191 3151.49
1.90E+09 0.0191 3150.3
1.92E+09 0.0193 3149.1
1.94E+09 0.0191 3147.83
1.97E+09 0.0182 3146.53
1.99E+09 0.0189 3145.28
2.01E+09 0.0185 3143.87
2.04E+09 0.0184 3142.61
2.06E+09 0.0182 3141.2
2.09E+09 0.0182 3139.78
2.11E+09 0.0184 3138.55
2.13E+09 0.0181 3137.26
2.15E+09 0.0181 3135.95
2.18E+09 0.0179 3134.51
2.21E+09 0.0179 3133.01
2.23E+09 0.0180 3131.54
2.26E+09 0.0179 3130.09
2.28E+09 0.0184 3128.84
2.31E+09 0.0180 3127.48
2.33E+09 0.0179 3126.08
2.36E+09 0.0171 3124.58
2.38E+09 0.0175 3123.41
2.41E+09 0.0168 3121.96
2.44E+09 0.0172 3120.36
2.46E+09 0.0173 3118.92
2.49E+09 0.0170 3117.44
2.52E+09 0.0176 3116.05
2.54E+09 0.0175 3114.71
2.57E+09 0.0168 3113.44
2.59E+09 0.0168 3112.17
2.62E+09 0.0164 3110.84
2.64E+09 0.0167 3109.57
2.67E+09 0.0163 3108.02
2.70E+09 0.0160 3106.53
2.73E+09 0.0162 3105.03
2.76E+09 0.0163 3103.49
2.79E+09 0.0162 3101.94
2.83E+09 0.0160 3100.3
2.86E+09 0.0160 3098.73
2.89E+09 0.0156 3097.15
2.92E+09 0.0159 3095.65
2.96E+09 0.0158 3094.02
2.99E+09 0.0157 3092.48
3.02E+09 0.0156 3090.95
3.05E+09 0.0158 3089.58
3.08E+09 0.0157 3088.08
3.11E+09 0.0155 3086.53
3.14E+09 0.0151 3084.97
3.17E+09 0.0155 3083.53
3.21E+09 0.0155 3081.92
3.24E+09 0.0156 3080.42
3.27E+09 0.0151 3078.91
3.30E+09 0.0152 3077.6
3.33E+09 0.0153 3076.17
3.36E+09 0.0151 3074.61
3.40E+09 0.0151 3073.13
3.43E+09 0.0151 3071.7
3.46E+09 0.0147 3070.28
3.49E+09 0.0149 3068.9
3.51E+09 0.0152 3067.6
3.54E+09 0.0151 3066.41
3.57E+09 0.0148 3065.08
3.60E+09 0.0149 3063.59
3.63E+09 0.0150 3062.13
3.66E+09 0.0147 3060.75
3.69E+09 0.0151 3059.36
3.72E+09 0.0151 3057.89
3.76E+09 0.0150 3056.26
3.79E+09 0.0147 3054.72
3.82E+09 0.0151 3053.32
3.85E+09 0.0151 3051.79
3.88E+09 0.0150 3050.38
3.91E+09 0.0154 3049.21
3.94E+09 0.0152 3047.66
3.97E+09 0.0152 3046.17
4.00E+09 0.0156 3044.71
4.04E+09 0.0153 3043.22
4.07E+09 0.0151 3041.73
4.10E+09 0.0152 3040.16
4.13E+09 0.0151 3038.63
4.16E+09 0.0154 3037.17
4.20E+09 0.0155 3035.58
4.23E+09 0.0158 3034.09
4.26E+09 0.0157 3032.71
4.29E+09 0.0156 3030.97
4.33E+09 0.0156 3029.4
4.36E+09 0.0156 3027.89
4.39E+09 0.0155 3026.37
4.42E+09 0.0158 3025.03
4.45E+09 0.0158 3023.48
4.48E+09 0.0162 3021.96
4.51E+09 0.0161 3020.34
4.54E+09 0.0161 3018.8
4.57E+09 0.0164 3017.22
4.60E+09 0.0161 3015.77
4.63E+09 0.0162 3014.27
4.67E+09 0.0163 3012.59
4.70E+09 0.0161 3011.07
4.73E+09 0.0162 3009.54
4.76E+09 0.0162 3008.05
4.79E+09 0.0162 3006.58
4.82E+09 0.0164 3005.03
4.85E+09 0.0162 3003.41
4.88E+09 0.0166 3001.69
4.92E+09 0.0163 3000.07
4.95E+09 0.0165 2998.43
4.98E+09 0.0165 2996.81
