0.00E+00 -0.7140 5698.04
1.48E+08 0.2112 5607.16
1.94E+08 0.2121 5574.38
2.31E+08 0.2154 5548.62
2.67E+08 0.2072 5524.12
2.95E+08 0.1992 5505.11
3.22E+08 0.1947 5487.93
3.43E+08 0.1949 5474.64
3.54E+08 0.1988 5467.11
3.56E+08 0.2102 5465.9
3.59E+08 0.2307 5464.12
3.63E+08 0.2478 5460.43
3.71E+08 0.2583 5454.13
3.83E+08 0.2657 5443.48
4.00E+08 0.2906 5427.85
4.07E+08 0.3298 5420.76
4.15E+08 0.3198 5412.72
4.35E+08 0.2827 5392.47
4.58E+08 0.2799 5371.26
4.85E+08 0.2951 5346.53
5.06E+08 0.3122 5324.95
5.31E+08 0.3266 5297.51
5.87E+08 0.2958 5240.64
6.37E+08 0.2736 5193.5
6.80E+08 0.2561 5156.11
7.21E+08 0.2405 5122.97
7.57E+08 0.2317 5094.6
7.78E+08 0.2271 5079.06
8.05E+08 0.2156 5058.98
8.33E+08 0.2078 5040.03
8.57E+08 0.2375 5022.52
8.75E+08 0.2353 5008.76
8.89E+08 0.2435 4997.52
9.05E+08 0.2339 4984.87
9.22E+08 0.2391 4971.9
9.41E+08 0.2326 4956.84
9.58E+08 0.2330 4943.75
9.72E+08 0.2226 4933.52
9.86E+08 0.2254 4923.27
1.00E+09 0.2307 4913.1
1.01E+09 0.2261 4904.57
1.03E+09 0.2196 4894.09
1.04E+09 0.2234 4883.03
1.06E+09 0.2201 4871.99
1.07E+09 0.2177 4861.68
1.08E+09 0.2106 4852.68
1.10E+09 0.2111 4843.85
1.11E+09 0.2056 4835.75
1.12E+09 0.2038 4826.72
1.13E+09 0.1949 4818.29
1.15E+09 0.2091 4810.66
1.16E+09 0.1996 4799.84
1.18E+09 0.1957 4790.44
1.19E+09 0.1893 4783.21
1.20E+09 0.1941 4776.11
1.21E+09 0.1918 4769.79
1.22E+09 0.1961 4759.54
1.24E+09 0.1865 4750.78
1.25E+09 0.1870 4742.96
1.26E+09 0.1877 4736.35
1.27E+09 0.1742 4729.29
1.29E+09 0.1889 4721.72
1.30E+09 0.1779 4714.44
1.31E+09 0.1841 4707.05
1.33E+09 0.1775 4698.1
1.34E+09 0.1828 4691.08
1.35E+09 0.1763 4682.89
1.36E+09 0.1706 4675.33
1.38E+09 0.1795 4668.04
1.39E+09 0.1673 4659.42
1.40E+09 0.1691 4652.59
1.42E+09 0.1672 4644.14
1.43E+09 0.1639 4637.88
1.45E+09 0.1645 4629.66
1.46E+09 0.1652 4622.25
1.47E+09 0.1609 4616.07
1.49E+09 0.1675 4607.79
1.50E+09 0.1597 4599.69
1.52E+09 0.1590 4592.29
1.53E+09 0.1497 4584.74
1.54E+09 0.1589 4578.91
1.56E+09 0.1549 4570.24
1.58E+09 0.1543 4561.14
1.59E+09 0.1485 4553.6
1.61E+09 0.1506 4546.42
1.62E+09 0.1492 4538.03
1.64E+09 0.1483 4529.01
1.66E+09 0.1437 4521.35
1.68E+09 0.1388 4513.17
1.69E+09 0.1423 4505.66
1.71E+09 0.1436 4497.69
1.73E+09 0.1418 4489.5
1.74E+09 0.1394 4480.82
1.76E+09 0.1365 4472.23
1.78E+09 0.1295 4464.69
1.80E+09 0.1280 4457.66
1.81E+09 0.1296 4451.15
1.83E+09 0.1265 4443.8
1.85E+09 0.1235 4436.65
1.86E+09 0.1304 4429.77
1.88E+09 0.1208 4422.69
1.90E+09 0.1270 4416.72
1.92E+09 0.1260 4408.54
1.94E+09 0.1172 4400.52
1.95E+09 0.1094 4394.05
1.97E+09 0.1184 4387.93
1.99E+09 0.1220 4380.82
2.01E+09 0.1130 4373.42
2.02E+09 0.1056 4366.57
2.04E+09 0.1143 4359.79
2.06E+09 0.1076 4352.84
2.08E+09 0.1051 4346.62
2.10E+09 0.1092 4340
2.12E+09 0.1091 4331.95
2.14E+09 0.1010 4325.54
2.16E+09 0.1053 4318.84
2.18E+09 0.1037 4311.59
2.20E+09 0.1004 4303.87
2.22E+09 0.1009 4296.68
2.25E+09 0.0998 4289.34
2.27E+09 0.0986 4281.88
2.29E+09 0.0951 4274.82
2.31E+09 0.0978 4268.18
2.33E+09 0.0911 4261.58
2.35E+09 0.0954 4255.2
2.38E+09 0.0921 4248.28
2.40E+09 0.0888 4242.33
2.42E+09 0.0899 4235.91
2.44E+09 0.0851 4229.48
2.46E+09 0.0820 4223.87
2.48E+09 0.0780 4218.22
2.50E+09 0.0856 4212.67
2.53E+09 0.0808 4206.78
2.55E+09 0.0811 4200.96
2.57E+09 0.0750 4195.26
2.59E+09 0.0805 4189.69
2.62E+09 0.0771 4183.82
2.64E+09 0.0767 4178.05
2.66E+09 0.0791 4172.08
2.69E+09 0.0743 4165.86
2.71E+09 0.0736 4160.13
2.74E+09 0.0732 4154.34
2.76E+09 0.0713 4148.63
2.78E+09 0.0650 4143.03
2.81E+09 0.0646 4137.52
2.84E+09 0.0636 4132.05
2.86E+09 0.0651 4126.44
2.89E+09 0.0635 4120.59
2.92E+09 0.0636 4114.66
2.94E+09 0.0664 4108.96
2.97E+09 0.0617 4103.46
3.00E+09 0.0593 4098.13
3.02E+09 0.0638 4092.61
3.05E+09 0.0599 4086.93
3.08E+09 0.0550 4081.69
3.11E+09 0.0582 4076.31
3.14E+09 0.0579 4070.66
3.17E+09 0.0549 4065.57
3.19E+09 0.0538 4060.51
3.22E+09 0.0529 4055.6
3.25E+09 0.0512 4050.6
3.28E+09 0.0549 4045.53
3.31E+09 0.0479 4040.66
3.34E+09 0.0521 4035.92
3.36E+09 0.0504 4031.4
3.39E+09 0.0505 4026.69
3.42E+09 0.0491 4022.08
3.45E+09 0.0434 4017.79
3.47E+09 0.0518 4013.65
3.51E+09 0.0465 4008.63
3.53E+09 0.0406 4004.75
3.56E+09 0.0407 4001.17
3.58E+09 0.0414 3998.57
3.61E+09 0.0399 3995.22
3.63E+09 0.0420 3991.97
3.65E+09 0.0361 3988.76
3.68E+09 0.0380 3985.7
3.70E+09 0.0420 3982.67
3.73E+09 0.0393 3978.85
3.76E+09 0.0385 3975.27
3.79E+09 0.0395 3971.26
3.82E+09 0.0404 3967.09
3.84E+09 0.0352 3964.01
3.87E+09 0.0340 3961.01
3.90E+09 0.0360 3957.95
3.93E+09 0.0344 3954.15
3.96E+09 0.0316 3951.3
3.98E+09 0.0337 3948.42
4.01E+09 0.0347 3945.72
4.03E+09 0.0321 3942.57
4.06E+09 0.0348 3939.81
4.09E+09 0.0323 3936.56
4.12E+09 0.0343 3933.51
4.14E+09 0.0325 3930.65
4.17E+09 0.0271 3928.02
4.20E+09 0.0350 3924.89
4.23E+09 0.0327 3921.33
4.26E+09 0.0285 3918.43
4.29E+09 0.0299 3915.73
4.32E+09 0.0280 3912.85
4.35E+09 0.0281 3910.11
4.38E+09 0.0317 3907.51
4.41E+09 0.0261 3904.48
4.44E+09 0.0274 3901.87
4.47E+09 0.0295 3898.8
4.50E+09 0.0266 3895.65
4.53E+09 0.0304 3892.79
4.57E+09 0.0260 3889.78
4.60E+09 0.0295 3887.27
4.63E+09 0.0253 3884.4
4.66E+09 0.0250 3882.01
4.68E+09 0.0278 3879.72
4.71E+09 0.0246 3877.25
4.74E+09 0.0247 3874.76
4.77E+09 0.0238 3872.43
4.80E+09 0.0270 3870.37
4.82E+09 0.0251 3867.97
4.86E+09 0.0217 3865.37
4.89E+09 0.0251 3862.94
4.92E+09 0.0229 3860.4
4.95E+09 0.0229 3857.98
4.99E+09 0.0223 3855.56
