0.00E+00 -0.7243 5618.79
2.45E+08 0.1551 5398.26
3.26E+08 0.1506 5327.2
3.92E+08 0.1390 5273.1
4.48E+08 0.1299 5229.46
4.96E+08 0.1215 5195.06
5.44E+08 0.1183 5162.11
5.90E+08 0.1163 5130.75
6.36E+08 0.1136 5100.9
6.80E+08 0.1102 5073.03
7.26E+08 0.1045 5044.57
7.72E+08 0.1027 5016.92
8.14E+08 0.1002 4992.68
8.44E+08 0.1046 4974.89
8.59E+08 0.1672 4965.49
8.62E+08 0.1998 4961.47
8.73E+08 0.1828 4949.55
9.18E+08 0.1497 4908.32
1.02E+09 0.1320 4831.49
1.10E+09 0.1430 4765.34
1.21E+09 0.1065 4695.87
1.32E+09 0.0872 4637.24
1.47E+09 0.0989 4562.15
1.63E+09 0.0777 4481.87
1.80E+09 0.0783 4405.37
1.91E+09 0.0600 4359.46
2.01E+09 0.0525 4327.48
2.09E+09 0.0450 4305.95
2.12E+09 0.0474 4296.51
2.16E+09 0.0371 4288.67
2.20E+09 0.0325 4280.12
2.24E+09 0.0376 4272.07
2.27E+09 0.0459 4265.66
2.30E+09 0.0284 4258.31
2.35E+09 0.0335 4249.98
2.38E+09 0.0318 4243.27
2.43E+09 0.0261 4236.27
2.46E+09 0.0356 4229.62
2.50E+09 0.0269 4223.72
2.54E+09 0.0266 4217.78
2.57E+09 0.0291 4211.63
2.61E+09 0.0323 4205.26
2.65E+09 0.0230 4199.11
2.70E+09 0.0225 4193.15
2.74E+09 0.0256 4187.83
2.79E+09 0.0218 4181.2
2.83E+09 0.0228 4175.63
2.87E+09 0.0216 4170.62
2.92E+09 0.0217 4164.13
2.97E+09 0.0216 4157.86
3.03E+09 0.0184 4151.83
3.07E+09 0.0200 4147.26
3.11E+09 0.0182 4142.45
3.17E+09 0.0173 4136.91
3.22E+09 0.0203 4132.02
3.27E+09 0.0142 4127.11
3.32E+09 0.0141 4122.7
3.38E+09 0.0159 4117.74
3.43E+09 0.0144 4112.91
3.50E+09 0.0130 4108.37
3.56E+09 0.0121 4104.22
3.62E+09 0.0109 4100.29
3.68E+09 0.0140 4095.56
3.74E+09 0.0116 4090.92
3.80E+09 0.0092 4087.1
3.86E+09 0.0101 4084.04
3.93E+09 0.0106 4079.51
4.00E+09 0.0095 4075.27
4.07E+09 0.0094 4071.86
4.12E+09 0.0100 4069.17
4.18E+09 0.0084 4065.95
4.24E+09 0.0099 4062.54
4.31E+09 0.0072 4059.35
4.37E+09 0.0078 4056.53
4.43E+09 0.0081 4053.94
4.50E+09 0.0087 4050.63
4.57E+09 0.0069 4047.56
4.63E+09 0.0096 4044.9
4.69E+09 0.0058 4042.09
4.77E+09 0.0048 4039.82
4.83E+09 0.0056 4038.04
4.90E+09 0.0063 4035.72
4.98E+09 0.0071 4032.69
