0.00E+00 -1.0272 6515.85
1.18E+08 0.3604 6387.84
1.59E+08 0.3425 6336.86
1.90E+08 0.3359 6299.12
2.20E+08 0.3092 6263.96
2.43E+08 0.3096 6237.03
2.67E+08 0.3072 6210.28
2.88E+08 0.2923 6188.01
3.08E+08 0.2896 6166.98
3.27E+08 0.2836 6147.03
3.46E+08 0.2755 6126.88
3.61E+08 0.2725 6111.84
3.77E+08 0.2637 6096.37
3.92E+08 0.2635 6082.33
4.06E+08 0.2634 6067.83
4.22E+08 0.2534 6052.86
4.36E+08 0.2516 6039.99
4.49E+08 0.2547 6028.11
4.63E+08 0.2440 6014.85
4.77E+08 0.2416 6002.89
4.89E+08 0.2417 5992.43
5.01E+08 0.2443 5981.19
5.13E+08 0.2405 5970.45
5.26E+08 0.2364 5959.96
5.36E+08 0.2346 5950.49
5.48E+08 0.2335 5940.33
5.59E+08 0.2393 5931.27
5.69E+08 0.2349 5922.08
5.78E+08 0.2428 5914.75
5.86E+08 0.2510 5907.09
5.91E+08 0.2678 5902.58
5.93E+08 0.2958 5900.41
5.95E+08 0.3270 5897.81
5.98E+08 0.3798 5894.45
6.04E+08 0.3974 5886.2
6.20E+08 0.3946 5862.65
6.42E+08 0.3868 5831.12
6.62E+08 0.3833 5802.06
6.78E+08 0.3823 5779.69
6.97E+08 0.3903 5753.95
7.14E+08 0.3576 5729.63
7.46E+08 0.3327 5688.9
7.82E+08 0.3036 5647.27
8.22E+08 0.2759 5605.49
8.65E+08 0.2448 5564.4
9.08E+08 0.3004 5521.84
9.35E+08 0.3176 5490.72
9.72E+08 0.3086 5448.48
9.94E+08 0.3169 5422.69
1.05E+09 0.3117 5358.08
1.11E+09 0.2866 5297.11
1.16E+09 0.2784 5238.94
1.20E+09 0.2508 5201.06
1.21E+09 0.2342 5186.69
1.23E+09 0.2282 5175.08
1.25E+09 0.2246 5159.96
1.26E+09 0.2332 5147.5
1.27E+09 0.2251 5136.7
1.29E+09 0.2200 5124.73
1.30E+09 0.2188 5114.08
1.32E+09 0.2097 5103.01
1.33E+09 0.2086 5092.18
1.34E+09 0.2160 5083.85
1.35E+09 0.2064 5073.1
1.37E+09 0.2098 5061.17
1.39E+09 0.1966 5050.1
1.40E+09 0.1976 5040.97
1.41E+09 0.1985 5029.68
1.43E+09 0.1899 5017.88
1.45E+09 0.1998 5006.37
1.46E+09 0.1849 4997.12
1.47E+09 0.1860 4987.5
1.49E+09 0.1818 4976.73
1.50E+09 0.1756 4968.74
1.52E+09 0.1841 4960.15
1.53E+09 0.1769 4949.04
1.55E+09 0.1811 4937.64
1.57E+09 0.1700 4925.8
1.58E+09 0.1746 4916.77
1.60E+09 0.1742 4907.04
1.62E+09 0.1610 4895.55
1.63E+09 0.1700 4885.24
1.65E+09 0.1619 4875.64
1.66E+09 0.1651 4866.77
1.68E+09 0.1577 4856.26
1.70E+09 0.1531 4846.15
1.72E+09 0.1539 4835.81
1.73E+09 0.1529 4827.01
1.75E+09 0.1457 4817.29
1.77E+09 0.1485 4807.23
1.78E+09 0.1509 4799.51
1.80E+09 0.1429 4789.08
1.82E+09 0.1388 4779.81
1.84E+09 0.1388 4771.08
1.86E+09 0.1375 4761.84
1.87E+09 0.1353 4753.19
1.89E+09 0.1283 4743.93
1.91E+09 0.1329 4735.52
1.93E+09 0.1277 4727.79
1.95E+09 0.1275 4717.92
1.97E+09 0.1207 4708.66
1.99E+09 0.1252 4699.2
2.01E+09 0.1267 4691.53
2.03E+09 0.1184 4681.71
2.05E+09 0.1195 4671.63
2.07E+09 0.1186 4664.68
2.09E+09 0.1088 4656.3
2.11E+09 0.1136 4647.81
2.13E+09 0.1059 4640.27
2.15E+09 0.1091 4630.38
2.17E+09 0.1012 4622.93
2.20E+09 0.1031 4613.63
2.22E+09 0.1058 4605.12
2.24E+09 0.0982 4597.92
2.26E+09 0.1022 4589.02
2.29E+09 0.0917 4580.67
2.31E+09 0.0941 4571.05
2.34E+09 0.0901 4562.76
2.36E+09 0.0919 4554.85
2.38E+09 0.0941 4547.19
2.41E+09 0.0875 4538.47
2.44E+09 0.0822 4530.79
2.46E+09 0.0798 4523.54
2.49E+09 0.0798 4516.33
2.51E+09 0.0811 4508.08
2.53E+09 0.0736 4502.55
2.56E+09 0.0790 4494.88
2.59E+09 0.0753 4486.52
2.62E+09 0.0728 4478.3
2.65E+09 0.0674 4471.23
2.68E+09 0.0716 4464.22
2.70E+09 0.0657 4458.41
2.73E+09 0.0666 4451.1
2.76E+09 0.0616 4444.64
2.79E+09 0.0660 4437.49
2.82E+09 0.0639 4430.25
2.85E+09 0.0607 4422.94
2.88E+09 0.0541 4416.54
2.91E+09 0.0559 4411.15
2.93E+09 0.0546 4405.57
2.96E+09 0.0550 4399.49
3.00E+09 0.0512 4392.79
3.03E+09 0.0526 4386.59
3.06E+09 0.0520 4380.72
3.09E+09 0.0481 4376.01
3.12E+09 0.0496 4370.74
3.15E+09 0.0493 4364.41
3.19E+09 0.0435 4358.37
3.23E+09 0.0445 4352.08
3.26E+09 0.0435 4346.59
3.29E+09 0.0433 4341.34
3.33E+09 0.0368 4336.29
3.36E+09 0.0374 4331.71
3.40E+09 0.0387 4326.24
3.44E+09 0.0366 4320.2
3.49E+09 0.0370 4314.55
3.52E+09 0.0357 4310.46
3.56E+09 0.0313 4305.9
3.60E+09 0.0357 4301.08
3.64E+09 0.0300 4296.49
3.68E+09 0.0292 4292.04
3.71E+09 0.0305 4288.07
3.76E+09 0.0292 4283.23
3.79E+09 0.0312 4279.12
3.83E+09 0.0311 4274.32
3.88E+09 0.0256 4270.11
3.91E+09 0.0269 4266.82
3.95E+09 0.0262 4262.84
3.99E+09 0.0257 4258.75
4.04E+09 0.0237 4254.39
4.09E+09 0.0213 4250.19
4.13E+09 0.0242 4246.56
4.17E+09 0.0271 4242.85
4.22E+09 0.0211 4238.82
4.26E+09 0.0205 4235.68
4.30E+09 0.0186 4232.38
4.35E+09 0.0175 4229.18
4.40E+09 0.0171 4226.09
4.45E+09 0.0191 4222.91
4.49E+09 0.0198 4219.89
4.54E+09 0.0173 4216.77
4.58E+09 0.0166 4214.09
4.63E+09 0.0159 4211.28
4.68E+09 0.0164 4208.25
4.73E+09 0.0150 4205.3
4.78E+09 0.0174 4202.28
4.83E+09 0.0216 4198.84
4.87E+09 0.0193 4195.37
4.93E+09 0.0143 4192.37
4.97E+09 0.0140 4189.79
