0.00E+00 -0.5376 5113
3.49E+07 0.3364 5090.7
5.33E+07 0.3724 5071.03
7.49E+07 0.3496 5047.83
1.22E+08 0.3111 5001.56
1.89E+08 0.3143 4937.29
2.44E+08 0.2966 4887.74
2.70E+08 0.2904 4864.99
2.88E+08 0.2912 4849.27
3.03E+08 0.2735 4836.23
3.16E+08 0.2682 4825.71
3.27E+08 0.2584 4817.46
3.35E+08 0.2610 4811.38
3.45E+08 0.2633 4803.43
3.54E+08 0.2572 4795.91
3.63E+08 0.2529 4789.14
3.71E+08 0.2433 4783.25
3.80E+08 0.2508 4776.95
3.89E+08 0.2482 4770.44
3.95E+08 0.2467 4765.36
4.04E+08 0.2350 4759.29
4.12E+08 0.2455 4753.56
4.20E+08 0.2415 4747.48
4.28E+08 0.2374 4742.14
4.35E+08 0.2289 4737.03
4.44E+08 0.2425 4731.1
4.51E+08 0.2395 4725.47
4.58E+08 0.2385 4720.71
4.65E+08 0.2294 4716.08
4.72E+08 0.2311 4711.09
4.79E+08 0.2295 4706.4
4.85E+08 0.2261 4702.43
4.93E+08 0.2326 4696.89
5.00E+08 0.2298 4691.64
5.07E+08 0.2242 4687.19
5.13E+08 0.2265 4682.95
5.19E+08 0.2217 4679.05
5.27E+08 0.2228 4673.8
5.33E+08 0.2197 4669.6
5.41E+08 0.2151 4664.64
5.47E+08 0.2124 4660.75
5.55E+08 0.2099 4655.53
5.64E+08 0.2160 4650.24
5.71E+08 0.2136 4645.31
5.78E+08 0.2076 4641.4
5.85E+08 0.2102 4636.51
5.96E+08 0.2071 4629.99
6.05E+08 0.2050 4624.46
6.12E+08 0.1998 4620.07
6.20E+08 0.2019 4615.33
6.28E+08 0.1966 4610.5
6.36E+08 0.2007 4605.67
6.45E+08 0.1943 4600.62
6.54E+08 0.1984 4595.25
6.67E+08 0.1941 4587.43
6.80E+08 0.1920 4580
6.91E+08 0.1877 4573.88
7.02E+08 0.1853 4567.71
7.10E+08 0.1856 4563.21
7.19E+08 0.1828 4558.5
7.29E+08 0.1846 4553.12
7.38E+08 0.1822 4548.14
7.47E+08 0.1821 4542.89
7.56E+08 0.1779 4538.45
7.67E+08 0.1791 4532.33
7.77E+08 0.1779 4526.86
7.84E+08 0.1770 4523.54
7.93E+08 0.1727 4518.61
8.04E+08 0.1774 4512.91
8.15E+08 0.1737 4507.27
8.25E+08 0.1723 4502.18
8.36E+08 0.1683 4496.41
8.44E+08 0.1673 4492.27
8.56E+08 0.1660 4486.31
8.67E+08 0.1669 4481.04
8.76E+08 0.1648 4476.54
8.82E+08 0.1662 4473.71
8.89E+08 0.1639 4470.02
8.96E+08 0.1638 4466.36
9.04E+08 0.1658 4462.88
9.11E+08 0.1621 4459.41
9.21E+08 0.1596 4454.58
9.28E+08 0.1642 4451.05
9.38E+08 0.1620 4446.27
9.46E+08 0.1626 4442.26
9.54E+08 0.1583 4438.16
9.63E+08 0.1606 4434.22
9.70E+08 0.1574 4430.54
9.78E+08 0.1588 4426.89
9.86E+08 0.1583 4423.11
9.96E+08 0.1556 4418.63
1.00E+09 0.1598 4414.47
1.01E+09 0.1568 4409.86
1.02E+09 0.1545 4406.49
1.03E+09 0.1513 4403.7
1.04E+09 0.1525 4399.6
1.05E+09 0.1519 4395.54
1.05E+09 0.1546 4391.28
1.06E+09 0.1491 4386.96
1.07E+09 0.1532 4383.74
1.08E+09 0.1513 4380.54
1.09E+09 0.1452 4377.16
1.09E+09 0.1509 4373.98
1.10E+09 0.1484 4369.68
1.11E+09 0.1490 4365.81
1.12E+09 0.1478 4362.57
1.13E+09 0.1474 4358.76
1.13E+09 0.1434 4355.69
1.14E+09 0.1438 4352.33
1.15E+09 0.1498 4349.67
1.16E+09 0.1435 4345.95
1.17E+09 0.1420 4342.37
1.17E+09 0.1476 4338.7
1.18E+09 0.1434 4335.31
1.19E+09 0.1385 4332.36
1.20E+09 0.1426 4329.39
1.20E+09 0.1432 4325.72
1.21E+09 0.1409 4322.04
1.22E+09 0.1383 4318.47
1.23E+09 0.1402 4315.25
1.24E+09 0.1395 4311.88
1.24E+09 0.1390 4308.7
1.25E+09 0.1358 4305.25
1.26E+09 0.1354 4301.82
1.27E+09 0.1370 4298.74
1.28E+09 0.1353 4295.87
1.28E+09 0.1365 4292.71
1.29E+09 0.1322 4289.17
1.30E+09 0.1348 4286.36
1.31E+09 0.1313 4283.07
1.32E+09 0.1370 4279.88
1.32E+09 0.1313 4276.56
1.33E+09 0.1350 4274.07
1.34E+09 0.1300 4270.95
1.35E+09 0.1320 4268.08
1.35E+09 0.1315 4265.4
1.36E+09 0.1265 4262.37
1.37E+09 0.1272 4259.53
1.38E+09 0.1283 4256.69
1.38E+09 0.1327 4253.94
1.39E+09 0.1265 4250.49
1.40E+09 0.1251 4247.68
1.41E+09 0.1286 4244.52
1.42E+09 0.1294 4241.48
1.42E+09 0.1246 4238.47
1.43E+09 0.1236 4235.66
1.44E+09 0.1238 4232.89
1.45E+09 0.1269 4229.94
1.46E+09 0.1238 4226.23
1.46E+09 0.1251 4223.1
1.47E+09 0.1260 4220.82
1.48E+09 0.1209 4217.96
1.49E+09 0.1191 4215.18
1.49E+09 0.1230 4212.28
1.50E+09 0.1241 4208.83
1.51E+09 0.1183 4205.82
1.52E+09 0.1186 4203
1.53E+09 0.1201 4199.97
1.54E+09 0.1191 4197.18
1.55E+09 0.1198 4193.79
1.55E+09 0.1167 4190.57
1.57E+09 0.1177 4187.03
1.57E+09 0.1178 4184.06
1.58E+09 0.1142 4180.55
1.59E+09 0.1135 4177.93
1.60E+09 0.1107 4175.38
1.61E+09 0.1147 4172.86
1.62E+09 0.1174 4169.93
1.62E+09 0.1156 4167.07
1.63E+09 0.1115 4164.25
1.64E+09 0.1094 4161.53
1.65E+09 0.1128 4159.11
1.66E+09 0.1131 4156.29
1.66E+09 0.1107 4153.55
1.67E+09 0.1116 4150.92
1.68E+09 0.1088 4147.95
1.69E+09 0.1122 4145.17
1.70E+09 0.1118 4142.84
1.71E+09 0.1054 4139.76
1.71E+09 0.1079 4137.04
1.72E+09 0.1075 4134.29
1.73E+09 0.1058 4131.39
1.74E+09 0.1102 4128.81
1.75E+09 0.1063 4125.82
1.76E+09 0.1045 4123.24
1.77E+09 0.1044 4120.71
1.77E+09 0.1042 4118.22
1.78E+09 0.1062 4115.55
1.79E+09 0.1068 4112.93
1.80E+09 0.1032 4110.15
1.81E+09 0.1012 4107.53
1.82E+09 0.1045 4104.96
1.82E+09 0.1028 4102.25
1.83E+09 0.1017 4099.67
1.84E+09 0.0999 4097.16
1.85E+09 0.0992 4094.55
1.86E+09 0.0997 4091.93
1.87E+09 0.1019 4089.45
1.88E+09 0.0991 4086.76
1.88E+09 0.0993 4084.39
1.89E+09 0.0992 4081.74
1.90E+09 0.0984 4079.18
1.91E+09 0.0976 4076.64
1.92E+09 0.0975 4074.3
1.93E+09 0.0960 4071.44
1.94E+09 0.0971 4069.19
1.95E+09 0.0969 4066.43
1.95E+09 0.0966 4063.92
1.96E+09 0.0931 4061.45
1.97E+09 0.0934 4058.63
1.98E+09 0.0986 4056.43
1.99E+09 0.0927 4053.57
2.00E+09 0.0896 4050.72
2.01E+09 0.0915 4048.41
2.02E+09 0.0930 4045.74
2.03E+09 0.0902 4043.3
2.04E+09 0.0912 4040.7
2.05E+09 0.0891 4038.16
2.06E+09 0.0909 4035.72
2.07E+09 0.0867 4032.97
2.08E+09 0.0893 4030.72
2.08E+09 0.0905 4028.29
2.09E+09 0.0912 4025.78
2.10E+09 0.0909 4023.33
2.11E+09 0.0869 4020.72
2.12E+09 0.0871 4017.95
2.13E+09 0.0880 4015.51
2.14E+09 0.0854 4013.14
2.15E+09 0.0879 4010.47
2.16E+09 0.0885 4008.1
2.17E+09 0.0867 4005.3
2.18E+09 0.0860 4002.72
2.19E+09 0.0886 4000.1
2.20E+09 0.0859 3997.5
2.21E+09 0.0861 3995.14
2.22E+09 0.0837 3992.58
2.23E+09 0.0852 3990.09
2.24E+09 0.0843 3987.73
2.25E+09 0.0832 3985.16
2.26E+09 0.0824 3982.6
2.27E+09 0.0811 3980.2
2.28E+09 0.0804 3977.63
2.29E+09 0.0842 3974.79
2.30E+09 0.0800 3972.04
2.32E+09 0.0769 3969.28
2.33E+09 0.0785 3967
2.34E+09 0.0785 3964.35
2.35E+09 0.0768 3961.64
2.36E+09 0.0778 3959.53
2.37E+09 0.0789 3957.07
2.38E+09 0.0764 3954.54
2.39E+09 0.0742 3952.29
2.40E+09 0.0779 3949.85
2.41E+09 0.0761 3947.53
2.42E+09 0.0765 3945.12
2.43E+09 0.0759 3942.77
2.44E+09 0.0750 3940.39
2.45E+09 0.0769 3938.13
2.46E+09 0.0760 3935.71
2.47E+09 0.0729 3933.12
2.48E+09 0.0713 3930.74
2.50E+09 0.0730 3927.61
2.52E+09 0.0727 3923.83
2.53E+09 0.0756 3920.56
2.54E+09 0.0736 3918.04
2.55E+09 0.0719 3915.68
2.57E+09 0.0717 3912.84
2.58E+09 0.0723 3910
2.59E+09 0.0696 3907.08
2.61E+09 0.0699 3903.54
2.62E+09 0.0718 3900.66
2.64E+09 0.0702 3897.46
2.65E+09 0.0678 3894.42
2.67E+09 0.0696 3891.54
2.68E+09 0.0711 3888.62
2.70E+09 0.0679 3885.01
2.72E+09 0.0693 3881.16
2.74E+09 0.0677 3877.66
2.75E+09 0.0651 3874.44
2.76E+09 0.0656 3872.06
2.78E+09 0.0641 3869.58
2.79E+09 0.0631 3867.35
2.80E+09 0.0632 3864.54
2.82E+09 0.0621 3861.98
2.83E+09 0.0634 3859.24
2.85E+09 0.0660 3856.55
2.86E+09 0.0643 3854.15
2.87E+09 0.0619 3851.55
2.89E+09 0.0626 3848.58
2.90E+09 0.0623 3845.65
2.92E+09 0.0639 3842.85
2.94E+09 0.0586 3840.01
2.95E+09 0.0611 3837.9
2.96E+09 0.0599 3835.61
2.97E+09 0.0594 3833.27
2.98E+09 0.0600 3831.35
3.00E+09 0.0577 3828.84
3.01E+09 0.0579 3826.89
3.02E+09 0.0570 3824.48
3.04E+09 0.0577 3822.21
3.05E+09 0.0575 3820.14
3.07E+09 0.0553 3817.38
3.08E+09 0.0565 3814.96
3.09E+09 0.0545 3812.67
3.11E+09 0.0535 3810.55
3.12E+09 0.0530 3808.26
3.13E+09 0.0571 3806.27
3.15E+09 0.0538 3803.81
3.16E+09 0.0550 3802.03
3.17E+09 0.0549 3799.84
3.19E+09 0.0544 3797.68
3.20E+09 0.0531 3795.38
3.21E+09 0.0535 3793.28
3.23E+09 0.0511 3791.04
3.24E+09 0.0515 3788.87
3.26E+09 0.0531 3786.66
3.27E+09 0.0514 3784.51
3.28E+09 0.0533 3782.18
3.30E+09 0.0510 3779.41
3.32E+09 0.0504 3777.32
3.33E+09 0.0497 3775.13
3.35E+09 0.0492 3772.93
3.36E+09 0.0477 3770.64
3.37E+09 0.0497 3768.84
3.39E+09 0.0494 3766.35
3.41E+09 0.0507 3763.9
3.42E+09 0.0492 3761.54
3.44E+09 0.0489 3759.41
3.45E+09 0.0484 3757.25
3.47E+09 0.0463 3754.79
3.49E+09 0.0500 3752.4
3.50E+09 0.0463 3749.89
3.52E+09 0.0460 3747.34
3.54E+09 0.0473 3745.02
3.56E+09 0.0456 3742.57
3.57E+09 0.0471 3740.33
3.59E+09 0.0448 3737.59
3.61E+09 0.0460 3735.65
3.63E+09 0.0456 3733.23
3.65E+09 0.0447 3730.35
3.67E+09 0.0454 3727.68
3.68E+09 0.0417 3725.56
3.70E+09 0.0439 3723.06
3.72E+09 0.0414 3720.69
3.74E+09 0.0429 3718.39
3.76E+09 0.0434 3715.85
3.78E+09 0.0401 3713.67
3.79E+09 0.0417 3711.61
3.81E+09 0.0403 3709.3
3.83E+09 0.0417 3706.93
3.85E+09 0.0416 3704.64
3.87E+09 0.0411 3702.15
3.89E+09 0.0377 3699.75
3.91E+09 0.0386 3697.8
3.93E+09 0.0397 3695.78
3.94E+09 0.0387 3693.66
3.96E+09 0.0403 3691.79
3.98E+09 0.0379 3689.52
4.00E+09 0.0384 3687.36
4.02E+09 0.0377 3685.19
4.03E+09 0.0399 3683.31
4.05E+09 0.0380 3681.2
4.07E+09 0.0369 3679.06
4.09E+09 0.0379 3677.06
4.11E+09 0.0376 3674.64
4.13E+09 0.0372 3672.53
4.15E+09 0.0383 3670.66
4.16E+09 0.0364 3668.61
4.18E+09 0.0359 3666.72
4.20E+09 0.0365 3664.78
4.22E+09 0.0350 3662.93
4.24E+09 0.0344 3661.01
4.25E+09 0.0349 3659.03
4.28E+09 0.0346 3656.84
4.29E+09 0.0350 3654.9
4.31E+09 0.0337 3653.21
4.33E+09 0.0331 3651.1
4.35E+09 0.0343 3649.22
4.37E+09 0.0330 3647.21
4.39E+09 0.0317 3645.16
4.41E+09 0.0329 3643.17
4.43E+09 0.0318 3641.32
4.45E+09 0.0325 3639.61
4.47E+09 0.0321 3637.78
4.49E+09 0.0329 3635.91
4.51E+09 0.0311 3634.07
4.53E+09 0.0306 3632.17
4.55E+09 0.0310 3630.36
4.57E+09 0.0307 3628.74
4.59E+09 0.0299 3626.7
4.61E+09 0.0297 3625.16
4.63E+09 0.0304 3623.24
4.65E+09 0.0303 3621.16
4.67E+09 0.0295 3619.09
4.70E+09 0.0283 3616.75
4.72E+09 0.0288 3614.83
4.75E+09 0.0283 3612.62
4.77E+09 0.0286 3610.72
4.80E+09 0.0295 3608.5
4.82E+09 0.0301 3606.48
4.84E+09 0.0290 3604.43
4.87E+09 0.0270 3602.37
4.89E+09 0.0272 3600.62
4.91E+09 0.0272 3598.57
4.94E+09 0.0272 3596.85
4.96E+09 0.0265 3594.96
4.98E+09 0.0282 3593.19
