0.00E+00 -0.6953 5784.32
1.63E+08 0.2032 5674.78
2.15E+08 0.2015 5634.07
2.57E+08 0.1995 5601.26
2.88E+08 0.2065 5578.46
3.18E+08 0.2031 5556.51
3.25E+08 0.2347 5551.39
3.30E+08 0.2832 5546.02
3.50E+08 0.2848 5525.34
3.98E+08 0.2829 5477.86
4.15E+08 0.3305 5459.05
4.40E+08 0.3262 5428.36
5.06E+08 0.2884 5356
5.79E+08 0.2679 5282.47
6.54E+08 0.2486 5212.58
7.15E+08 0.2325 5159.05
7.65E+08 0.2185 5118.48
8.01E+08 0.2101 5090.14
8.35E+08 0.2080 5064.88
8.64E+08 0.2055 5043.02
8.95E+08 0.2009 5019.85
9.18E+08 0.2495 5001.09
9.49E+08 0.2462 4973.62
9.75E+08 0.2375 4950.74
9.92E+08 0.2285 4936.55
1.01E+09 0.2332 4918.22
1.03E+09 0.2281 4903.71
1.05E+09 0.2261 4890.64
1.06E+09 0.2171 4879.48
1.07E+09 0.2193 4868.38
1.09E+09 0.2108 4858.23
1.10E+09 0.2088 4849.2
1.11E+09 0.2180 4837.43
1.13E+09 0.2100 4826.39
1.14E+09 0.2043 4815.85
1.16E+09 0.1971 4806.64
1.17E+09 0.1852 4797.59
1.18E+09 0.1974 4792.34
1.19E+09 0.1945 4781.22
1.21E+09 0.2011 4771.62
1.22E+09 0.2000 4760.72
1.24E+09 0.1898 4750.26
1.25E+09 0.1985 4741.61
1.26E+09 0.1877 4733.72
1.27E+09 0.1741 4723.63
1.29E+09 0.1931 4713.45
1.31E+09 0.1838 4700.98
1.32E+09 0.1725 4691.52
1.34E+09 0.1732 4682.76
1.35E+09 0.1749 4674.5
1.37E+09 0.1756 4663.9
1.38E+09 0.1760 4653.61
1.39E+09 0.1693 4645.93
1.41E+09 0.1740 4636.48
1.43E+09 0.1681 4625.18
1.44E+09 0.1701 4614.94
1.46E+09 0.1640 4606.74
1.47E+09 0.1548 4598.33
1.49E+09 0.1692 4589
1.51E+09 0.1587 4578.03
1.52E+09 0.1563 4568.93
1.54E+09 0.1575 4560.25
1.56E+09 0.1513 4550.28
1.57E+09 0.1550 4541.23
1.59E+09 0.1522 4533.59
1.60E+09 0.1486 4523.97
1.62E+09 0.1500 4514.14
1.64E+09 0.1495 4504.98
1.66E+09 0.1439 4495.06
1.68E+09 0.1435 4485.08
1.70E+09 0.1373 4473.12
1.72E+09 0.1457 4464.51
1.73E+09 0.1332 4454.73
1.75E+09 0.1323 4447.36
1.77E+09 0.1350 4438.31
1.79E+09 0.1305 4427.53
1.81E+09 0.1313 4419.85
1.83E+09 0.1246 4409.93
1.85E+09 0.1271 4401.17
1.87E+09 0.1258 4391.57
1.89E+09 0.1239 4383.07
1.91E+09 0.1237 4373.68
1.93E+09 0.1205 4365.48
1.95E+09 0.1128 4356.67
1.97E+09 0.1201 4347.02
1.99E+09 0.1162 4338.46
2.01E+09 0.1155 4329.76
2.03E+09 0.1096 4321.51
2.05E+09 0.1144 4313.04
2.08E+09 0.1085 4303.22
2.10E+09 0.1046 4293.89
2.13E+09 0.1060 4283.94
2.15E+09 0.1014 4275.39
2.18E+09 0.0998 4266.16
2.20E+09 0.1015 4258.1
2.22E+09 0.0913 4250.4
2.25E+09 0.1023 4241.87
2.27E+09 0.0963 4231.95
2.30E+09 0.0909 4223.75
2.32E+09 0.0896 4216.46
2.34E+09 0.0840 4209.22
2.37E+09 0.0891 4201.53
2.39E+09 0.0820 4194.92
2.42E+09 0.0868 4186.47
2.44E+09 0.0823 4178.77
2.46E+09 0.0834 4171.93
2.49E+09 0.0831 4163.48
2.52E+09 0.0771 4155.56
2.54E+09 0.0766 4148.85
2.57E+09 0.0778 4140.59
2.61E+09 0.0776 4131.85
2.64E+09 0.0773 4123.16
2.66E+09 0.0726 4115.24
2.69E+09 0.0729 4108.3
2.72E+09 0.0706 4100.52
2.75E+09 0.0678 4092.65
2.78E+09 0.0659 4085.58
2.82E+09 0.0634 4077.54
2.85E+09 0.0590 4071.04
2.87E+09 0.0609 4064.95
2.91E+09 0.0591 4057.81
2.94E+09 0.0595 4050.67
2.97E+09 0.0573 4043.73
3.00E+09 0.0604 4036.54
3.04E+09 0.0553 4029.31
3.07E+09 0.0507 4023.92
3.09E+09 0.0529 4018.91
3.13E+09 0.0515 4012.62
3.16E+09 0.0550 4005.99
3.20E+09 0.0558 3998.45
3.24E+09 0.0527 3990.74
3.27E+09 0.0496 3984.31
3.31E+09 0.0477 3977.56
3.35E+09 0.0495 3971.15
3.38E+09 0.0433 3965.46
3.42E+09 0.0454 3959.7
3.45E+09 0.0438 3954.9
3.48E+09 0.0479 3949.26
3.52E+09 0.0428 3943.09
3.56E+09 0.0429 3936.81
3.60E+09 0.0435 3930.61
3.64E+09 0.0400 3924.72
3.68E+09 0.0402 3918.75
3.72E+09 0.0389 3913.02
3.76E+09 0.0385 3907.9
3.79E+09 0.0335 3903.46
3.82E+09 0.0339 3899.61
3.85E+09 0.0319 3895.8
3.89E+09 0.0333 3891.43
3.92E+09 0.0315 3887.67
3.96E+09 0.0328 3883.78
3.99E+09 0.0374 3879.58
4.03E+09 0.0309 3874.87
4.07E+09 0.0274 3870.77
4.10E+09 0.0303 3867.26
4.14E+09 0.0292 3863.15
4.17E+09 0.0291 3859.22
4.20E+09 0.0306 3855.82
4.24E+09 0.0292 3851.79
4.28E+09 0.0263 3848.05
4.31E+09 0.0281 3844.49
4.35E+09 0.0261 3840.7
4.39E+09 0.0245 3837.11
4.43E+09 0.0254 3833.86
4.47E+09 0.0280 3830.29
4.51E+09 0.0244 3826.67
4.55E+09 0.0264 3822.66
4.59E+09 0.0236 3819.35
4.63E+09 0.0244 3815.73
4.67E+09 0.0253 3812.31
4.71E+09 0.0213 3808.51
4.76E+09 0.0218 3805.09
4.80E+09 0.0226 3801.84
4.84E+09 0.0219 3798.61
4.88E+09 0.0220 3795.28
4.93E+09 0.0201 3791.65
4.97E+09 0.0201 3788.62
