0.00E+00 -1.0747 6622.24
2.24E+08 0.2509 6233.5
3.07E+08 0.2117 6099.38
3.71E+08 0.2034 6005.2
4.33E+08 0.1900 5918.79
4.89E+08 0.1768 5845.05
5.39E+08 0.1684 5784.16
5.89E+08 0.1591 5725.97
6.34E+08 0.1549 5676.39
6.79E+08 0.1472 5628.74
7.24E+08 0.1434 5582.97
7.69E+08 0.1338 5538.62
8.16E+08 0.1307 5494.19
8.67E+08 0.1243 5447.71
9.25E+08 0.1204 5398.03
9.92E+08 0.1120 5344.18
1.04E+09 0.1081 5304.53
1.09E+09 0.1120 5270.29
1.13E+09 0.2032 5230
1.13E+09 0.2265 5219.74
1.15E+09 0.1776 5197.57
1.25E+09 0.1036 5110
1.44E+09 0.1021 4968.75
1.65E+09 0.0690 4841.55
1.87E+09 0.0767 4731.21
2.09E+09 0.0547 4626.94
2.29E+09 0.0398 4560.65
2.46E+09 0.0384 4517.72
2.58E+09 0.0293 4486.92
2.67E+09 0.0229 4470.57
2.75E+09 0.0192 4459.02
2.83E+09 0.0158 4449.91
2.90E+09 0.0135 4442.18
2.96E+09 0.0153 4435.51
3.03E+09 0.0128 4429.24
3.08E+09 0.0195 4423.44
3.13E+09 0.0136 4417.76
3.18E+09 0.0164 4412.26
3.23E+09 0.0157 4406.12
3.28E+09 0.0125 4401.43
3.34E+09 0.0140 4396.24
3.40E+09 0.0137 4390.6
3.45E+09 0.0131 4385.28
3.52E+09 0.0116 4379.92
3.57E+09 0.0138 4374.7
3.63E+09 0.0112 4370.17
3.68E+09 0.0116 4365.79
3.74E+09 0.0101 4361.24
3.80E+09 0.0108 4356.55
3.86E+09 0.0103 4352.63
3.92E+09 0.0083 4348.61
3.98E+09 0.0090 4344.7
4.05E+09 0.0083 4340.53
4.12E+09 0.0095 4336.34
4.18E+09 0.0074 4332.42
4.25E+09 0.0080 4328.71
4.32E+09 0.0077 4324.61
4.39E+09 0.0077 4320.87
4.46E+09 0.0070 4317.22
4.54E+09 0.0060 4313.76
4.62E+09 0.0071 4309.94
4.69E+09 0.0064 4306.68
4.76E+09 0.0059 4303.45
4.84E+09 0.0065 4300.04
4.91E+09 0.0056 4296.71
