0.00E+00 -0.6469 5409.36
1.39E+08 0.2016 5356.43
1.44E+08 0.2187 5353.92
1.47E+08 0.2540 5352.38
1.51E+08 0.2810 5349.7
1.55E+08 0.2943 5346.27
1.63E+08 0.2943 5340.91
1.74E+08 0.2852 5332.89
1.86E+08 0.3143 5324.27
1.94E+08 0.3332 5317.66
2.18E+08 0.2997 5298.24
2.43E+08 0.3120 5279.88
2.75E+08 0.3203 5254.45
3.02E+08 0.3343 5231.9
3.54E+08 0.3160 5189.49
3.88E+08 0.3007 5162.78
4.16E+08 0.2916 5142.09
4.40E+08 0.2881 5125.1
4.60E+08 0.2856 5110.13
4.78E+08 0.2998 5097.53
4.94E+08 0.3083 5085.28
5.11E+08 0.3014 5072.32
5.28E+08 0.2996 5059.09
5.41E+08 0.2933 5049.53
5.55E+08 0.2891 5039.64
5.68E+08 0.2812 5030.14
5.79E+08 0.2732 5022.49
5.92E+08 0.2809 5013.5
6.07E+08 0.2661 5003.42
6.22E+08 0.2670 4993.59
6.35E+08 0.2622 4984.61
6.49E+08 0.2581 4975.69
6.61E+08 0.2508 4968.27
6.71E+08 0.2456 4961.59
6.81E+08 0.2416 4955.61
6.90E+08 0.2396 4950.1
6.99E+08 0.2378 4944.82
7.08E+08 0.2344 4939.66
7.15E+08 0.2330 4935.6
7.20E+08 0.2288 4932.6
7.25E+08 0.2250 4929.67
7.31E+08 0.2235 4926
7.39E+08 0.2291 4921.81
7.47E+08 0.2247 4917.4
7.53E+08 0.2221 4913.78
7.61E+08 0.2207 4909.41
7.68E+08 0.2186 4905.53
7.75E+08 0.2172 4901.9
7.82E+08 0.2131 4898.08
7.89E+08 0.2124 4893.96
7.96E+08 0.2150 4890.36
8.03E+08 0.2082 4886.71
8.08E+08 0.2105 4883.9
8.15E+08 0.2091 4880.41
8.21E+08 0.2054 4877.34
8.27E+08 0.2057 4874.07
8.33E+08 0.2076 4871.22
8.39E+08 0.2058 4868
8.47E+08 0.2036 4864.07
8.53E+08 0.2045 4860.74
8.58E+08 0.2027 4858.14
8.64E+08 0.2017 4855.35
8.69E+08 0.2057 4852.46
8.76E+08 0.2029 4848.78
8.84E+08 0.2006 4845.12
8.90E+08 0.2021 4842
8.96E+08 0.1975 4839
9.03E+08 0.2002 4835.47
9.10E+08 0.2007 4831.78
9.17E+08 0.2001 4828.38
9.23E+08 0.2005 4825.27
9.30E+08 0.2003 4821.89
9.36E+08 0.1992 4818.55
9.42E+08 0.1969 4815.62
9.48E+08 0.1998 4812.9
9.54E+08 0.1983 4809.56
9.60E+08 0.1966 4806.86
9.65E+08 0.1974 4804.05
9.71E+08 0.1984 4801.19
9.76E+08 0.1999 4798.71
9.81E+08 0.2022 4796.26
9.87E+08 0.2016 4793.06
9.93E+08 0.1990 4790.02
9.99E+08 0.2019 4787.02
1.01E+09 0.2026 4783.46
1.01E+09 0.2037 4780.31
1.02E+09 0.2041 4777.47
1.02E+09 0.2040 4774.15
1.03E+09 0.2026 4771.08
1.04E+09 0.2040 4767.83
1.04E+09 0.2024 4764.19
1.05E+09 0.2042 4760.45
1.06E+09 0.2039 4757.33
1.06E+09 0.2028 4754.25
1.07E+09 0.2028 4751.23
1.08E+09 0.2009 4747.83
1.08E+09 0.2011 4744.32
1.09E+09 0.2032 4740.55
1.10E+09 0.1987 4736.95
1.11E+09 0.2021 4733.35
1.11E+09 0.2017 4729.59
1.12E+09 0.2004 4725.99
1.13E+09 0.1976 4721.89
1.14E+09 0.1994 4718.11
1.14E+09 0.1980 4713.72
1.15E+09 0.1970 4709.27
1.16E+09 0.1967 4704.54
1.17E+09 0.1938 4700.13
1.18E+09 0.1931 4695.21
1.19E+09 0.1966 4690.1
1.20E+09 0.1916 4684.86
1.21E+09 0.1894 4680.22
1.22E+09 0.1907 4675.6
1.23E+09 0.1874 4670.59
1.24E+09 0.1847 4666.08
1.25E+09 0.1891 4660.82
1.27E+09 0.1844 4655.39
1.28E+09 0.1813 4650.45
1.29E+09 0.1821 4645.71
1.30E+09 0.1835 4640.69
1.31E+09 0.1819 4635.83
1.32E+09 0.1788 4630.98
1.33E+09 0.1771 4626.78
1.34E+09 0.1799 4622.14
1.35E+09 0.1756 4617.58
1.36E+09 0.1729 4613.3
1.37E+09 0.1741 4608.87
1.38E+09 0.1717 4604.6
1.39E+09 0.1758 4600.13
1.40E+09 0.1722 4595.86
1.41E+09 0.1672 4591.85
1.42E+09 0.1656 4587.83
1.43E+09 0.1708 4583.41
1.44E+09 0.1672 4579.64
1.44E+09 0.1620 4576.66
1.45E+09 0.1713 4573.87
1.46E+09 0.1693 4570.71
1.46E+09 0.1670 4567.91
1.47E+09 0.1627 4565.13
1.48E+09 0.1618 4562.02
1.49E+09 0.1605 4559.11
1.49E+09 0.1594 4555.93
1.50E+09 0.1690 4552.3
1.51E+09 0.1673 4548.38
1.52E+09 0.1640 4545.12
1.53E+09 0.1585 4541.77
1.54E+09 0.1606 4538.52
1.54E+09 0.1583 4535.16
1.55E+09 0.1605 4532.1
1.56E+09 0.1585 4528.59
1.57E+09 0.1620 4524.92
1.58E+09 0.1597 4520.66
1.59E+09 0.1542 4516.97
1.60E+09 0.1561 4513.04
1.61E+09 0.1537 4509.59
1.62E+09 0.1556 4506.26
1.63E+09 0.1507 4502.96
1.63E+09 0.1576 4500.29
1.64E+09 0.1503 4497.52
1.65E+09 0.1460 4494.84
1.65E+09 0.1483 4492.3
1.66E+09 0.1496 4489.91
1.67E+09 0.1473 4487.78
1.67E+09 0.1470 4485.31
1.68E+09 0.1445 4482.83
1.69E+09 0.1444 4480.41
1.69E+09 0.1442 4478.02
1.70E+09 0.1424 4475.73
1.71E+09 0.1402 4473.21
1.71E+09 0.1415 4471.13
1.72E+09 0.1457 4468.69
1.73E+09 0.1478 4466.22
1.73E+09 0.1462 4463.91
1.74E+09 0.1429 4461.48
1.75E+09 0.1416 4459.01
1.75E+09 0.1385 4456.77
1.76E+09 0.1368 4454.53
1.77E+09 0.1413 4452.26
1.77E+09 0.1336 4449.85
1.78E+09 0.1404 4447.62
1.79E+09 0.1430 4445.27
1.79E+09 0.1385 4442.95
1.80E+09 0.1348 4440.27
1.81E+09 0.1413 4437.94
1.81E+09 0.1379 4435.59
1.82E+09 0.1386 4433.26
1.83E+09 0.1320 4431.05
1.83E+09 0.1319 4428.79
1.84E+09 0.1295 4426.54
1.85E+09 0.1356 4424.35
1.85E+09 0.1287 4422.24
1.86E+09 0.1279 4419.93
1.87E+09 0.1269 4417.61
1.87E+09 0.1320 4415.65
1.88E+09 0.1306 4413.49
1.89E+09 0.1262 4411.19
1.89E+09 0.1241 4409.01
1.90E+09 0.1330 4406.93
1.91E+09 0.1303 4404.57
1.92E+09 0.1232 4402.22
1.92E+09 0.1365 4399.88
1.93E+09 0.1326 4397.7
1.94E+09 0.1237 4395.44
1.94E+09 0.1260 4392.97
1.95E+09 0.1266 4390.88
1.96E+09 0.1235 4388.61
1.96E+09 0.1241 4386.37
1.97E+09 0.1250 4384.22
1.98E+09 0.1210 4382.09
1.99E+09 0.1272 4379.96
1.99E+09 0.1203 4378
2.00E+09 0.1234 4375.81
2.01E+09 0.1204 4373.46
2.01E+09 0.1235 4371.48
2.02E+09 0.1215 4369.13
2.03E+09 0.1166 4366.73
2.04E+09 0.1196 4364.56
2.04E+09 0.1187 4362.55
2.05E+09 0.1218 4360.3
2.06E+09 0.1219 4358.27
2.06E+09 0.1214 4356.23
2.07E+09 0.1190 4353.93
2.08E+09 0.1174 4351.75
2.09E+09 0.1142 4349.5
2.09E+09 0.1159 4347.55
2.10E+09 0.1156 4345.43
2.11E+09 0.1135 4343.08
2.12E+09 0.1169 4340.9
2.12E+09 0.1142 4338.73
2.13E+09 0.1142 4336.4
2.14E+09 0.1140 4334.37
2.15E+09 0.1138 4332.23
2.15E+09 0.1114 4330.01
2.16E+09 0.1080 4327.81
2.17E+09 0.1106 4325.77
2.18E+09 0.1138 4323.75
2.18E+09 0.1091 4321.5
2.19E+09 0.1165 4319.62
2.20E+09 0.1146 4317.22
2.21E+09 0.1138 4314.93
2.22E+09 0.1163 4312.59
2.22E+09 0.1152 4310.25
2.23E+09 0.1136 4308.05
2.24E+09 0.1104 4305.72
2.25E+09 0.1130 4303.62
2.25E+09 0.1086 4301.63
2.26E+09 0.1051 4299.35
2.27E+09 0.1129 4297.36
2.28E+09 0.1120 4295.33
2.28E+09 0.1061 4293.29
2.29E+09 0.1036 4291.32
2.30E+09 0.1060 4289.39
2.31E+09 0.1075 4287.24
2.32E+09 0.1045 4285.22
2.32E+09 0.1021 4283.09
2.33E+09 0.1093 4281.14
2.34E+09 0.1043 4279.06
2.35E+09 0.1040 4277.01
2.35E+09 0.1064 4274.82
2.36E+09 0.1018 4272.78
2.37E+09 0.1055 4270.7
2.38E+09 0.1012 4268.68
2.39E+09 0.1013 4266.6
2.39E+09 0.1008 4264.52
2.40E+09 0.1016 4262.62
2.41E+09 0.1001 4260.63
2.42E+09 0.1006 4258.66
2.43E+09 0.1004 4256.54
2.43E+09 0.1024 4254.51
2.44E+09 0.1028 4252.42
2.45E+09 0.0982 4250.47
2.46E+09 0.1014 4248.41
2.47E+09 0.1023 4246.52
2.47E+09 0.0963 4244.38
2.48E+09 0.0987 4242.27
2.49E+09 0.1006 4240.36
2.50E+09 0.0972 4238.28
2.51E+09 0.0965 4236.3
2.52E+09 0.0961 4234.17
2.52E+09 0.0968 4232.31
2.53E+09 0.0968 4230.29
2.54E+09 0.0967 4228.13
2.55E+09 0.0943 4225.97
2.56E+09 0.0960 4223.77
2.57E+09 0.0927 4221.85
2.58E+09 0.0943 4219.94
2.58E+09 0.0969 4217.68
2.59E+09 0.0994 4215.82
2.60E+09 0.0917 4213.82
2.61E+09 0.0931 4211.75
2.62E+09 0.0923 4209.75
2.63E+09 0.0969 4207.82
2.63E+09 0.0939 4205.88
2.64E+09 0.0942 4203.69
2.65E+09 0.0893 4201.75
2.66E+09 0.0904 4199.76
2.67E+09 0.0902 4197.74
2.68E+09 0.0879 4195.87
2.69E+09 0.0902 4193.95
2.70E+09 0.0918 4192.01
2.70E+09 0.0883 4189.93
2.71E+09 0.0885 4187.85
2.72E+09 0.0904 4185.84
2.73E+09 0.0873 4183.83
2.74E+09 0.0851 4181.8
2.75E+09 0.0905 4179.84
2.76E+09 0.0904 4178.09
2.77E+09 0.0872 4175.96
2.78E+09 0.0857 4174.09
2.79E+09 0.0852 4171.93
2.80E+09 0.0853 4170.06
2.80E+09 0.0841 4168.16
2.81E+09 0.0851 4166.25
2.82E+09 0.0853 4164.39
2.83E+09 0.0830 4162.32
2.84E+09 0.0838 4160.34
2.85E+09 0.0824 4158.25
2.86E+09 0.0839 4156.34
2.87E+09 0.0830 4154.37
2.88E+09 0.0829 4152.53
2.89E+09 0.0812 4150.54
2.90E+09 0.0820 4148.8
2.91E+09 0.0838 4146.86
2.91E+09 0.0821 4145.17
2.92E+09 0.0835 4143.41
2.93E+09 0.0810 4141.55
2.94E+09 0.0806 4139.43
2.95E+09 0.0805 4137.5
2.96E+09 0.0791 4135.63
2.97E+09 0.0806 4133.7
2.98E+09 0.0789 4131.72
2.99E+09 0.0762 4129.73
3.00E+09 0.0796 4127.85
3.01E+09 0.0803 4125.83
3.02E+09 0.0780 4123.97
3.03E+09 0.0823 4122.18
3.04E+09 0.0761 4120.23
3.05E+09 0.0767 4118.36
3.06E+09 0.0804 4116.42
3.07E+09 0.0773 4114.45
3.08E+09 0.0743 4112.58
3.09E+09 0.0729 4110.76
3.10E+09 0.0734 4108.79
3.11E+09 0.0757 4107.12
3.12E+09 0.0736 4105.48
3.13E+09 0.0742 4103.55
3.14E+09 0.0750 4101.66
3.15E+09 0.0749 4099.95
3.16E+09 0.0729 4098.11
3.16E+09 0.0766 4096.34
3.17E+09 0.0745 4094.57
3.19E+09 0.0724 4092.51
3.20E+09 0.0740 4090.63
3.21E+09 0.0721 4088.54
3.22E+09 0.0726 4086.78
3.23E+09 0.0710 4084.85
3.24E+09 0.0738 4082.91
3.25E+09 0.0734 4081.1
3.26E+09 0.0691 4079.13
3.27E+09 0.0692 4077.4
3.28E+09 0.0694 4075.46
3.29E+09 0.0730 4073.71
3.30E+09 0.0683 4071.87
3.31E+09 0.0689 4070.05
3.32E+09 0.0697 4067.91
3.33E+09 0.0675 4066.22
3.34E+09 0.0662 4064.26
3.36E+09 0.0692 4062.44
3.37E+09 0.0684 4060.67
3.38E+09 0.0682 4059.02
3.39E+09 0.0670 4057.06
3.40E+09 0.0650 4055.31
3.41E+09 0.0641 4053.42
3.42E+09 0.0640 4051.5
3.43E+09 0.0654 4049.85
3.44E+09 0.0645 4048.02
3.45E+09 0.0660 4046.2
3.46E+09 0.0651 4044.39
3.48E+09 0.0643 4042.61
3.49E+09 0.0652 4040.73
3.50E+09 0.0642 4038.84
3.51E+09 0.0624 4036.89
3.52E+09 0.0619 4035.05
3.53E+09 0.0635 4033.23
3.55E+09 0.0629 4031.48
3.56E+09 0.0586 4029.67
3.57E+09 0.0629 4028.01
3.58E+09 0.0629 4026.18
3.59E+09 0.0599 4024.31
3.60E+09 0.0614 4022.59
3.62E+09 0.0632 4020.66
3.63E+09 0.0602 4018.9
3.64E+09 0.0621 4017.03
3.65E+09 0.0632 4015.26
3.66E+09 0.0592 4013.45
3.67E+09 0.0595 4011.62
3.69E+09 0.0591 4010
3.70E+09 0.0599 4008.45
3.71E+09 0.0571 4006.67
3.72E+09 0.0554 4004.94
3.73E+09 0.0569 4003.27
3.74E+09 0.0584 4001.69
3.76E+09 0.0567 3999.91
3.77E+09 0.0591 3998.49
3.78E+09 0.0585 3996.8
3.79E+09 0.0561 3995.23
3.80E+09 0.0556 3993.36
3.81E+09 0.0576 3991.52
3.83E+09 0.0545 3989.6
3.84E+09 0.0557 3987.96
3.85E+09 0.0553 3986.24
3.86E+09 0.0549 3984.59
3.88E+09 0.0547 3982.68
3.89E+09 0.0534 3981.07
3.90E+09 0.0558 3979.53
3.91E+09 0.0531 3977.88
3.93E+09 0.0528 3976.21
3.94E+09 0.0539 3974.81
3.95E+09 0.0522 3973.06
3.96E+09 0.0507 3971.29
3.98E+09 0.0502 3969.61
3.99E+09 0.0535 3967.85
4.00E+09 0.0565 3966.19
4.02E+09 0.0516 3964.29
4.03E+09 0.0515 3962.41
4.04E+09 0.0511 3960.67
4.06E+09 0.0493 3958.95
4.07E+09 0.0500 3957.27
4.08E+09 0.0491 3955.69
4.10E+09 0.0501 3953.86
4.11E+09 0.0505 3952.39
4.12E+09 0.0496 3950.82
4.13E+09 0.0496 3949.25
4.15E+09 0.0505 3947.6
4.16E+09 0.0492 3945.84
4.18E+09 0.0513 3944.14
4.19E+09 0.0484 3942.44
4.20E+09 0.0464 3940.76
4.22E+09 0.0474 3939.26
4.23E+09 0.0470 3937.52
4.24E+09 0.0480 3936.11
4.26E+09 0.0473 3934.56
4.27E+09 0.0494 3932.93
4.28E+09 0.0485 3931.35
4.30E+09 0.0463 3929.63
4.31E+09 0.0472 3928.05
4.32E+09 0.0467 3926.49
4.34E+09 0.0465 3924.85
4.35E+09 0.0458 3923.05
4.37E+09 0.0457 3921.43
4.38E+09 0.0434 3919.68
4.40E+09 0.0436 3917.9
4.41E+09 0.0433 3916.23
4.43E+09 0.0481 3914.7
4.44E+09 0.0444 3912.99
4.46E+09 0.0446 3911.3
4.47E+09 0.0419 3909.7
4.49E+09 0.0428 3908.29
4.50E+09 0.0436 3906.63
4.52E+09 0.0483 3904.74
4.53E+09 0.0449 3902.77
4.55E+09 0.0414 3901.1
4.57E+09 0.0440 3899.29
4.58E+09 0.0445 3897.66
4.60E+09 0.0419 3895.77
4.61E+09 0.0424 3894.31
4.63E+09 0.0409 3892.48
4.64E+09 0.0427 3890.99
4.66E+09 0.0387 3889.14
4.68E+09 0.0418 3887.47
4.70E+09 0.0405 3885.82
4.71E+09 0.0415 3884.46
4.73E+09 0.0412 3882.76
4.74E+09 0.0393 3881.11
4.76E+09 0.0378 3879.5
4.77E+09 0.0386 3878.03
4.79E+09 0.0380 3876.49
4.80E+09 0.0399 3875.1
4.82E+09 0.0410 3873.38
4.84E+09 0.0410 3871.74
4.85E+09 0.0398 3869.85
4.87E+09 0.0426 3868.1
4.89E+09 0.0382 3866.16
4.91E+09 0.0375 3864.42
4.93E+09 0.0355 3862.47
4.95E+09 0.0402 3861.08
4.96E+09 0.0390 3859.62
4.98E+09 0.0380 3858.06
4.99E+09 0.0363 3856.42
