0.00E+00 -0.4037 4458.57
2.42E+08 0.1267 4384.18
3.09E+08 0.1222 4348.39
4.19E+08 0.1321 4284.86
5.48E+08 0.1186 4213.59
6.73E+08 0.1052 4152.08
7.53E+08 0.0985 4116.54
7.97E+08 0.1051 4097.03
8.38E+08 0.0984 4078.73
8.74E+08 0.0960 4063.38
9.16E+08 0.0888 4046.61
9.75E+08 0.0911 4023.12
1.02E+09 0.0923 4004.3
1.06E+09 0.0874 3988.18
1.10E+09 0.0839 3974.82
1.13E+09 0.0776 3964.22
1.17E+09 0.0724 3951.59
1.21E+09 0.0728 3938.86
1.25E+09 0.0666 3926.03
1.28E+09 0.0609 3917.24
1.31E+09 0.0599 3909.36
1.34E+09 0.0526 3902.96
1.36E+09 0.0530 3897.25
1.40E+09 0.0564 3888.17
1.44E+09 0.0528 3878.46
1.47E+09 0.0481 3871.68
1.52E+09 0.0490 3860.08
1.57E+09 0.0416 3851.42
1.61E+09 0.0350 3844.55
1.64E+09 0.0422 3838.93
1.68E+09 0.0381 3831.5
1.70E+09 0.0353 3827.91
1.74E+09 0.0411 3823
1.77E+09 0.0380 3817.76
1.80E+09 0.0331 3812.85
1.82E+09 0.0330 3810.24
1.85E+09 0.0318 3805.37
1.88E+09 0.0305 3801.7
1.90E+09 0.0325 3798.02
1.94E+09 0.0281 3793.02
1.97E+09 0.0278 3789.35
1.99E+09 0.0280 3786.5
2.03E+09 0.0270 3782.36
2.05E+09 0.0280 3779.2
2.09E+09 0.0303 3775.09
2.12E+09 0.0270 3770.62
2.15E+09 0.0260 3766.92
2.18E+09 0.0261 3763.66
2.21E+09 0.0272 3760.06
2.24E+09 0.0253 3756.85
2.28E+09 0.0237 3752.9
2.31E+09 0.0264 3748.8
2.35E+09 0.0237 3745.15
2.38E+09 0.0241 3741.35
2.41E+09 0.0229 3738.46
2.45E+09 0.0211 3734.33
2.49E+09 0.0209 3731.29
2.52E+09 0.0240 3727.99
2.56E+09 0.0258 3722.92
2.61E+09 0.0236 3718.47
2.64E+09 0.0206 3715.08
2.68E+09 0.0211 3711.53
2.71E+09 0.0197 3708.45
2.75E+09 0.0200 3705.04
2.79E+09 0.0213 3702.08
2.82E+09 0.0187 3699.12
2.85E+09 0.0175 3696.45
2.89E+09 0.0189 3693.53
2.93E+09 0.0175 3690.7
2.96E+09 0.0162 3688.3
3.00E+09 0.0176 3685.6
3.04E+09 0.0173 3682.49
3.07E+09 0.0164 3679.63
3.11E+09 0.0165 3676.82
3.15E+09 0.0154 3674.15
3.19E+09 0.0158 3671.52
3.23E+09 0.0159 3668.49
3.27E+09 0.0150 3665.88
3.32E+09 0.0144 3663.01
3.36E+09 0.0138 3660.63
3.40E+09 0.0142 3658.19
3.44E+09 0.0139 3655.66
3.47E+09 0.0132 3653.54
3.51E+09 0.0150 3651
3.56E+09 0.0137 3648.25
3.60E+09 0.0151 3645.43
3.64E+09 0.0149 3642.86
3.68E+09 0.0137 3640.07
3.73E+09 0.0129 3637.57
3.77E+09 0.0121 3635.25
3.82E+09 0.0139 3632.46
3.87E+09 0.0124 3629.7
3.91E+09 0.0112 3627.48
3.95E+09 0.0117 3625.33
4.00E+09 0.0130 3622.74
4.05E+09 0.0116 3620.02
4.10E+09 0.0113 3617.53
4.15E+09 0.0113 3615.2
4.20E+09 0.0110 3612.76
4.25E+09 0.0105 3610.15
4.30E+09 0.0113 3607.7
4.36E+09 0.0107 3604.97
4.42E+09 0.0096 3602.47
4.48E+09 0.0107 3599.9
4.54E+09 0.0110 3596.73
4.61E+09 0.0103 3593.67
4.68E+09 0.0100 3590.45
4.74E+09 0.0099 3587.72
4.80E+09 0.0091 3585.19
4.87E+09 0.0101 3582.37
4.94E+09 0.0107 3579.04
