0.00E+00 -0.3460 4252.3
4.22E+07 0.2119 4235.63
5.55E+07 0.2407 4224.34
8.08E+07 0.2271 4203.24
1.19E+08 0.2353 4170.88
1.66E+08 0.2195 4132.22
2.26E+08 0.2239 4081.73
2.78E+08 0.2109 4040.13
3.03E+08 0.2021 4021.01
3.23E+08 0.1960 4006.76
3.45E+08 0.1893 3990.89
3.63E+08 0.1842 3978.86
3.82E+08 0.1843 3965.92
4.02E+08 0.1762 3952.62
4.22E+08 0.1718 3940.36
4.41E+08 0.1647 3928.37
4.60E+08 0.1604 3917.04
4.73E+08 0.1581 3909.38
4.88E+08 0.1546 3900.75
5.02E+08 0.1515 3892.98
5.16E+08 0.1495 3885.38
5.31E+08 0.1460 3877.19
5.45E+08 0.1412 3869.94
5.57E+08 0.1394 3863.82
5.69E+08 0.1371 3857.42
5.84E+08 0.1347 3850.06
5.98E+08 0.1289 3843.15
6.12E+08 0.1273 3836.65
6.24E+08 0.1248 3831.14
6.40E+08 0.1216 3823.83
6.55E+08 0.1176 3817.51
6.69E+08 0.1142 3811.47
6.85E+08 0.1121 3804.69
6.99E+08 0.1091 3798.92
7.13E+08 0.1069 3793.45
7.28E+08 0.1041 3787.55
7.42E+08 0.1018 3782.4
7.54E+08 0.0997 3777.83
7.70E+08 0.0966 3772.25
7.84E+08 0.0932 3767.2
8.04E+08 0.0911 3760.61
8.24E+08 0.0890 3754
8.43E+08 0.0849 3747.97
8.62E+08 0.0816 3742.12
8.81E+08 0.0799 3736.38
8.99E+08 0.0761 3731.32
9.20E+08 0.0733 3725.48
9.40E+08 0.0716 3720.19
9.58E+08 0.0691 3715.59
9.72E+08 0.0678 3712.15
9.85E+08 0.0681 3708.79
1.00E+09 0.0663 3704.69
1.02E+09 0.0654 3701.07
1.03E+09 0.0640 3697.41
1.05E+09 0.0632 3694.1
1.06E+09 0.0621 3690.74
1.08E+09 0.0618 3687.54
1.09E+09 0.0610 3684.51
1.10E+09 0.0602 3681.32
1.12E+09 0.0602 3678.61
1.13E+09 0.0600 3675.58
1.14E+09 0.0592 3672.28
1.16E+09 0.0588 3669.13
1.17E+09 0.0575 3665.83
1.19E+09 0.0585 3662.94
1.20E+09 0.0580 3659.87
1.22E+09 0.0569 3655.96
1.24E+09 0.0565 3652.39
1.25E+09 0.0565 3649.33
1.27E+09 0.0557 3645.91
1.29E+09 0.0540 3642.67
1.30E+09 0.0546 3639.45
1.32E+09 0.0547 3636.52
1.33E+09 0.0548 3633.1
1.35E+09 0.0535 3630.39
1.36E+09 0.0533 3627
1.38E+09 0.0524 3623.67
1.40E+09 0.0526 3620.25
1.42E+09 0.0516 3616.57
1.44E+09 0.0518 3613.17
1.45E+09 0.0507 3609.89
1.47E+09 0.0508 3606.07
1.49E+09 0.0507 3602.9
1.51E+09 0.0505 3599.21
1.53E+09 0.0504 3595.93
1.55E+09 0.0494 3592.38
1.57E+09 0.0491 3588.92
1.59E+09 0.0480 3585.3
1.61E+09 0.0477 3582.4
1.62E+09 0.0475 3579.21
1.64E+09 0.0472 3575.78
1.66E+09 0.0467 3572.52
1.68E+09 0.0463 3568.81
1.70E+09 0.0457 3565.67
1.73E+09 0.0452 3561.77
1.75E+09 0.0447 3558.23
1.77E+09 0.0448 3554.92
1.79E+09 0.0446 3551.51
1.81E+09 0.0436 3547.92
1.83E+09 0.0436 3544.63
1.85E+09 0.0426 3541.14
1.87E+09 0.0427 3537.95
1.90E+09 0.0418 3534.63
1.92E+09 0.0415 3531.69
1.94E+09 0.0406 3528.51
1.96E+09 0.0406 3525.17
1.98E+09 0.0401 3521.43
2.01E+09 0.0392 3518.08
2.03E+09 0.0389 3514.5
2.06E+09 0.0380 3511.03
2.08E+09 0.0379 3507.42
2.11E+09 0.0374 3504.3
2.13E+09 0.0368 3501.21
2.15E+09 0.0369 3497.62
2.18E+09 0.0361 3494.1
2.21E+09 0.0358 3490.65
2.23E+09 0.0352 3487.5
2.26E+09 0.0350 3483.8
2.29E+09 0.0343 3480.6
2.31E+09 0.0338 3477.27
2.34E+09 0.0338 3474.02
2.37E+09 0.0326 3470.43
2.39E+09 0.0325 3467.08
2.42E+09 0.0323 3464
2.45E+09 0.0316 3460.85
2.47E+09 0.0311 3457.82
2.50E+09 0.0308 3454.61
2.53E+09 0.0309 3451.45
2.56E+09 0.0307 3448.5
2.59E+09 0.0299 3445.14
2.62E+09 0.0295 3441.92
2.65E+09 0.0289 3438.8
2.68E+09 0.0285 3435.18
2.71E+09 0.0284 3432.19
2.74E+09 0.0279 3429.2
2.77E+09 0.0273 3426.05
2.80E+09 0.0268 3422.79
2.83E+09 0.0266 3419.78
2.86E+09 0.0259 3416.8
2.89E+09 0.0263 3413.8
2.92E+09 0.0256 3410.95
2.96E+09 0.0254 3407.8
2.99E+09 0.0251 3404.84
3.02E+09 0.0246 3401.89
3.05E+09 0.0244 3399.07
3.09E+09 0.0241 3396.16
3.12E+09 0.0238 3393.15
3.15E+09 0.0234 3390.16
3.19E+09 0.0228 3387.09
3.23E+09 0.0228 3384.09
3.26E+09 0.0226 3380.98
3.30E+09 0.0224 3378.18
3.34E+09 0.0219 3375.14
3.37E+09 0.0212 3372.37
3.41E+09 0.0212 3369.51
3.44E+09 0.0208 3366.69
3.48E+09 0.0211 3363.97
3.52E+09 0.0204 3361.17
3.55E+09 0.0197 3358.42
3.59E+09 0.0197 3355.76
3.62E+09 0.0193 3353.25
3.66E+09 0.0191 3350.42
3.71E+09 0.0193 3347.59
3.74E+09 0.0184 3344.96
3.79E+09 0.0182 3342.1
3.83E+09 0.0181 3339.23
3.87E+09 0.0172 3336.34
3.91E+09 0.0175 3333.83
3.96E+09 0.0163 3330.99
4.00E+09 0.0165 3328.42
4.04E+09 0.0166 3325.77
4.09E+09 0.0162 3323.06
4.13E+09 0.0157 3320.51
4.18E+09 0.0157 3317.77
4.22E+09 0.0156 3315.22
4.27E+09 0.0149 3312.51
4.32E+09 0.0154 3310.1
4.36E+09 0.0146 3307.61
4.41E+09 0.0145 3304.99
4.45E+09 0.0141 3302.72
4.50E+09 0.0145 3300.46
4.54E+09 0.0145 3297.93
4.59E+09 0.0141 3295.61
4.64E+09 0.0138 3292.98
4.69E+09 0.0138 3290.53
4.74E+09 0.0133 3287.95
4.79E+09 0.0129 3285.56
4.84E+09 0.0134 3283.37
4.88E+09 0.0133 3281.24
4.93E+09 0.0130 3278.79
4.98E+09 0.0132 3276.36
