0.00E+00 -0.1620 3171.77
6.57E+07 0.0897 3163.09
1.05E+08 0.0952 3150.6
1.63E+08 0.0860 3132.83
2.29E+08 0.0896 3113
2.81E+08 0.0804 3098.01
3.15E+08 0.0750 3089.42
3.43E+08 0.0710 3082.37
3.72E+08 0.0652 3075.97
4.00E+08 0.0620 3069.85
4.21E+08 0.0614 3065.64
4.41E+08 0.0585 3061.74
4.61E+08 0.0570 3057.82
4.80E+08 0.0534 3054.36
5.00E+08 0.0520 3050.85
5.22E+08 0.0491 3047.34
5.43E+08 0.0476 3043.9
5.64E+08 0.0450 3040.75
5.85E+08 0.0432 3037.68
6.06E+08 0.0407 3034.68
6.27E+08 0.0385 3031.93
6.47E+08 0.0375 3029.46
6.68E+08 0.0353 3026.89
6.90E+08 0.0328 3024.44
7.12E+08 0.0316 3022.07
7.33E+08 0.0298 3019.97
7.52E+08 0.0281 3018.13
7.72E+08 0.0263 3016.32
7.94E+08 0.0245 3014.37
8.16E+08 0.0233 3012.63
8.39E+08 0.0219 3010.9
8.66E+08 0.0206 3009.02
9.00E+08 0.0187 3006.79
9.35E+08 0.0163 3004.74
9.70E+08 0.0148 3002.92
1.01E+09 0.0133 3001.19
1.05E+09 0.0116 2999.44
1.10E+09 0.0098 2997.68
1.14E+09 0.0083 2996.35
1.19E+09 0.0073 2995.11
1.24E+09 0.0062 2993.97
1.29E+09 0.0053 2993.05
1.34E+09 0.0046 2992.24
1.38E+09 0.0042 2991.56
1.43E+09 0.0037 2990.94
1.47E+09 0.0038 2990.5
1.50E+09 0.0038 2990.06
1.54E+09 0.0038 2989.62
1.57E+09 0.0040 2989.17
1.61E+09 0.0041 2988.72
1.64E+09 0.0043 2988.25
1.68E+09 0.0043 2987.78
1.71E+09 0.0045 2987.27
1.75E+09 0.0049 2986.73
1.78E+09 0.0047 2986.16
1.82E+09 0.0050 2985.57
1.85E+09 0.0052 2984.95
1.89E+09 0.0054 2984.38
1.92E+09 0.0053 2983.76
1.96E+09 0.0054 2983.11
2.00E+09 0.0053 2982.43
2.03E+09 0.0054 2981.76
2.07E+09 0.0053 2981.06
2.11E+09 0.0053 2980.38
2.15E+09 0.0055 2979.7
2.19E+09 0.0055 2978.99
2.22E+09 0.0057 2978.29
2.26E+09 0.0058 2977.56
2.30E+09 0.0058 2976.81
2.34E+09 0.0061 2976.09
2.37E+09 0.0062 2975.36
2.41E+09 0.0062 2974.53
2.45E+09 0.0063 2973.71
2.48E+09 0.0067 2972.97
2.52E+09 0.0066 2972.11
2.56E+09 0.0066 2971.3
2.59E+09 0.0069 2970.53
2.63E+09 0.0070 2969.67
2.67E+09 0.0071 2968.8
2.71E+09 0.0070 2967.9
2.75E+09 0.0071 2966.99
2.78E+09 0.0074 2966.07
2.82E+09 0.0076 2965.1
2.86E+09 0.0078 2964.11
2.90E+09 0.0081 2963.14
2.94E+09 0.0080 2962.17
2.97E+09 0.0080 2961.13
3.01E+09 0.0084 2960.12
3.05E+09 0.0085 2959.09
3.08E+09 0.0086 2958.09
3.12E+09 0.0090 2957.08
3.16E+09 0.0089 2955.95
3.19E+09 0.0094 2954.84
3.23E+09 0.0094 2953.7
3.27E+09 0.0093 2952.52
3.30E+09 0.0096 2951.36
3.34E+09 0.0096 2950.19
3.38E+09 0.0100 2949.01
3.42E+09 0.0098 2947.7
3.46E+09 0.0102 2946.37
3.49E+09 0.0103 2945.16
3.53E+09 0.0105 2943.83
3.57E+09 0.0107 2942.5
3.61E+09 0.0109 2941.18
3.64E+09 0.0109 2939.84
3.68E+09 0.0110 2938.46
3.72E+09 0.0110 2937.12
3.75E+09 0.0115 2935.86
3.79E+09 0.0114 2934.39
3.83E+09 0.0113 2932.93
3.87E+09 0.0116 2931.52
3.90E+09 0.0120 2930.02
3.94E+09 0.0119 2928.45
3.98E+09 0.0117 2926.97
4.02E+09 0.0121 2925.52
4.06E+09 0.0122 2923.96
4.09E+09 0.0124 2922.39
4.13E+09 0.0129 2920.81
4.17E+09 0.0126 2919.17
4.21E+09 0.0128 2917.46
4.25E+09 0.0128 2915.81
4.29E+09 0.0127 2914.18
4.33E+09 0.0130 2912.6
4.36E+09 0.0129 2910.92
4.40E+09 0.0131 2909.18
4.45E+09 0.0129 2907.39
4.49E+09 0.0130 2905.57
4.53E+09 0.0131 2903.83
4.57E+09 0.0135 2902.06
4.61E+09 0.0135 2900.34
4.64E+09 0.0136 2898.63
4.69E+09 0.0135 2896.77
4.73E+09 0.0133 2894.94
4.77E+09 0.0131 2893.17
4.81E+09 0.0134 2891.36
4.85E+09 0.0133 2889.54
4.89E+09 0.0130 2887.81
4.93E+09 0.0129 2886.04
4.97E+09 0.0124 2884.2
