0.00E+00 -0.8427 6126.42
1.11E+08 0.2974 6060.08
1.44E+08 0.3045 6036.18
1.74E+08 0.2655 6014.04
1.93E+08 0.2854 6000
2.21E+08 0.2592 5980.68
2.35E+08 0.2751 5970.82
2.51E+08 0.2646 5959.53
2.69E+08 0.2506 5947.33
2.80E+08 0.2562 5939.88
2.92E+08 0.2584 5932.37
2.98E+08 0.2645 5928.17
2.99E+08 0.2739 5927.19
3.00E+08 0.2907 5926.65
3.01E+08 0.3080 5925.92
3.04E+08 0.3297 5923.76
3.09E+08 0.3443 5918.82
3.17E+08 0.3672 5911.58
3.19E+08 0.3997 5909.62
3.20E+08 0.4108 5908.17
3.21E+08 0.4387 5907.18
3.23E+08 0.4459 5905.31
3.26E+08 0.4356 5902.19
3.38E+08 0.4041 5888.79
3.58E+08 0.4182 5867.75
3.66E+08 0.4568 5858.51
3.79E+08 0.4314 5843.47
4.10E+08 0.4124 5810.98
4.28E+08 0.4212 5791.64
4.38E+08 0.4475 5780.04
4.59E+08 0.4390 5755.68
4.86E+08 0.4145 5725.62
5.12E+08 0.3964 5698.94
5.37E+08 0.3836 5673.49
5.62E+08 0.3748 5648.42
5.87E+08 0.3635 5624.94
6.06E+08 0.3499 5607.18
6.23E+08 0.3483 5592.22
6.35E+08 0.3780 5581.14
6.44E+08 0.3796 5571.89
6.54E+08 0.3692 5562.35
6.63E+08 0.3700 5553.18
6.72E+08 0.3744 5544.74
6.82E+08 0.3638 5535.5
6.91E+08 0.3713 5526.74
7.00E+08 0.3586 5517.77
7.09E+08 0.3704 5510.01
7.19E+08 0.3576 5500.35
7.27E+08 0.3608 5492.9
7.35E+08 0.3552 5485.16
7.44E+08 0.3536 5477.02
7.53E+08 0.3483 5469.16
7.61E+08 0.3455 5461.87
7.69E+08 0.3476 5454.22
7.78E+08 0.3447 5446.43
7.86E+08 0.3475 5439.29
7.95E+08 0.3427 5431.1
8.04E+08 0.3351 5423.77
8.12E+08 0.3339 5416.15
8.20E+08 0.3348 5409.14
8.29E+08 0.3296 5401.43
8.36E+08 0.3292 5395.35
8.44E+08 0.3272 5389.16
8.50E+08 0.3325 5383.49
8.57E+08 0.3251 5377.59
8.64E+08 0.3306 5371.74
8.72E+08 0.3232 5364.96
8.78E+08 0.3237 5359.78
8.84E+08 0.3180 5354.72
8.92E+08 0.3215 5348.28
9.00E+08 0.3158 5342.13
9.06E+08 0.3136 5336.84
9.13E+08 0.3180 5331.32
9.20E+08 0.3092 5325.9
9.26E+08 0.3121 5320.35
9.33E+08 0.3031 5315.26
9.38E+08 0.3121 5310.86
9.45E+08 0.3065 5305.61
9.51E+08 0.3098 5300.32
9.58E+08 0.3009 5295.08
9.65E+08 0.3003 5289.97
9.71E+08 0.3019 5285.13
9.79E+08 0.3054 5279.06
9.85E+08 0.3007 5273.86
9.92E+08 0.3041 5268.57
9.98E+08 0.3020 5263.51
1.01E+09 0.2966 5258.29
1.01E+09 0.2988 5252.04
1.02E+09 0.2991 5245.8
1.03E+09 0.3018 5240.68
1.04E+09 0.2915 5234.57
1.04E+09 0.2912 5229.19
1.05E+09 0.2913 5223.92
1.06E+09 0.2855 5219.23
1.06E+09 0.3016 5213.78
1.07E+09 0.2919 5207.59
1.08E+09 0.2880 5201.61
1.09E+09 0.2821 5196.31
1.09E+09 0.2824 5191.04
1.10E+09 0.2770 5185.03
1.11E+09 0.2805 5179.31
1.12E+09 0.2840 5173.46
1.12E+09 0.2878 5168.16
1.13E+09 0.2762 5162.43
1.14E+09 0.2859 5156.97
1.15E+09 0.2741 5150.84
1.16E+09 0.2766 5144.87
1.16E+09 0.2656 5140.07
1.17E+09 0.2753 5134.9
1.18E+09 0.2698 5129.28
1.19E+09 0.2704 5123.74
1.20E+09 0.2744 5117.09
1.21E+09 0.2706 5109.88
1.21E+09 0.2658 5104.47
1.22E+09 0.2700 5099.01
1.23E+09 0.2581 5093.78
1.24E+09 0.2683 5088.37
1.25E+09 0.2636 5082.67
1.26E+09 0.2570 5076.79
1.26E+09 0.2555 5071.31
1.27E+09 0.2592 5065.38
1.28E+09 0.2599 5058.61
1.29E+09 0.2543 5053.24
1.30E+09 0.2522 5048.35
1.31E+09 0.2532 5043.09
1.31E+09 0.2503 5038.1
1.32E+09 0.2550 5033.32
1.33E+09 0.2562 5027.53
1.34E+09 0.2488 5021.95
1.35E+09 0.2421 5017.09
1.35E+09 0.2502 5011.66
1.36E+09 0.2440 5006.52
1.37E+09 0.2501 5000.67
1.38E+09 0.2391 4995.26
1.39E+09 0.2383 4990.67
1.40E+09 0.2446 4984.68
1.41E+09 0.2405 4979.21
1.42E+09 0.2412 4972.93
1.43E+09 0.2339 4967.11
1.44E+09 0.2424 4960.56
1.45E+09 0.2392 4953.63
1.46E+09 0.2336 4947.85
1.47E+09 0.2353 4942.03
1.48E+09 0.2336 4935.81
1.49E+09 0.2291 4930.35
1.50E+09 0.2287 4924.14
1.51E+09 0.2310 4917.92
1.52E+09 0.2267 4911.81
1.53E+09 0.2224 4906.66
1.53E+09 0.2241 4901.08
1.54E+09 0.2242 4895.85
1.55E+09 0.2195 4890.86
1.56E+09 0.2210 4885.52
1.57E+09 0.2137 4880.32
1.58E+09 0.2107 4875.11
1.59E+09 0.2163 4869.56
1.60E+09 0.2090 4864.63
1.61E+09 0.2118 4859.91
1.62E+09 0.2127 4854.74
1.63E+09 0.2103 4849.83
1.64E+09 0.2090 4844.71
1.65E+09 0.2049 4839.3
1.65E+09 0.2003 4834.86
1.66E+09 0.2052 4829.53
1.67E+09 0.2004 4824.33
1.68E+09 0.2036 4819.51
1.69E+09 0.2069 4813.64
1.70E+09 0.2040 4808.47
1.72E+09 0.2009 4802.12
1.73E+09 0.1986 4797.16
1.74E+09 0.2017 4791.57
1.75E+09 0.1975 4786.51
1.76E+09 0.1974 4780.91
1.77E+09 0.1940 4775.64
1.78E+09 0.1934 4770.98
1.79E+09 0.1953 4764.99
1.80E+09 0.1927 4760.06
1.81E+09 0.1873 4754.91
1.82E+09 0.1851 4750.23
1.83E+09 0.1939 4745.2
1.84E+09 0.1894 4739.22
1.85E+09 0.1871 4734.28
1.86E+09 0.1886 4728.12
1.88E+09 0.1862 4721.93
1.89E+09 0.1814 4717.28
1.90E+09 0.1842 4711.78
1.91E+09 0.1797 4705.55
1.92E+09 0.1796 4699.45
1.94E+09 0.1801 4693.82
1.95E+09 0.1738 4689.38
1.96E+09 0.1730 4684.72
1.97E+09 0.1721 4680.18
1.98E+09 0.1772 4674.82
1.99E+09 0.1641 4670.36
2.00E+09 0.1698 4666.2
2.01E+09 0.1692 4661.49
2.02E+09 0.1678 4656.67
2.03E+09 0.1658 4652.02
2.04E+09 0.1628 4647.47
2.05E+09 0.1697 4643.58
2.06E+09 0.1633 4639.38
2.07E+09 0.1682 4635.34
2.08E+09 0.1623 4631.53
2.09E+09 0.1668 4627.44
2.10E+09 0.1588 4623.16
2.11E+09 0.1678 4619.18
2.12E+09 0.1610 4614.87
2.13E+09 0.1567 4611.34
2.14E+09 0.1604 4607.63
2.14E+09 0.1541 4604.59
2.15E+09 0.1469 4601.25
2.16E+09 0.1511 4597.96
2.17E+09 0.1530 4594.07
2.18E+09 0.1598 4590.42
2.19E+09 0.1474 4586
2.20E+09 0.1507 4581.78
2.21E+09 0.1507 4578.34
2.22E+09 0.1517 4574.96
2.23E+09 0.1513 4570.46
2.24E+09 0.1474 4566.97
2.25E+09 0.1448 4563.48
2.26E+09 0.1461 4559.68
2.27E+09 0.1414 4555.46
2.28E+09 0.1460 4551.6
2.29E+09 0.1468 4546.47
2.31E+09 0.1462 4541.09
2.32E+09 0.1458 4535.79
2.34E+09 0.1439 4530.51
2.35E+09 0.1431 4525.03
2.37E+09 0.1421 4519.69
2.38E+09 0.1427 4514.29
2.39E+09 0.1396 4509.4
2.41E+09 0.1419 4504.34
2.42E+09 0.1401 4498.67
2.44E+09 0.1338 4493.7
2.45E+09 0.1334 4489.31
2.46E+09 0.1319 4484.15
2.48E+09 0.1300 4479.2
2.49E+09 0.1246 4475.05
2.51E+09 0.1284 4470.39
2.52E+09 0.1267 4466.16
2.53E+09 0.1255 4461.24
2.55E+09 0.1260 4456.25
2.56E+09 0.1272 4451.41
2.58E+09 0.1274 4446.3
2.59E+09 0.1253 4441.21
2.61E+09 0.1246 4436.1
2.63E+09 0.1223 4431.19
2.64E+09 0.1231 4426.36
2.66E+09 0.1216 4421.38
2.67E+09 0.1207 4417.35
2.68E+09 0.1183 4412.66
2.70E+09 0.1202 4408.52
2.71E+09 0.1155 4404.76
2.72E+09 0.1164 4400.75
2.74E+09 0.1083 4397.12
2.75E+09 0.1156 4392.62
2.76E+09 0.1163 4388.59
2.78E+09 0.1054 4384.74
2.79E+09 0.1067 4381.11
2.80E+09 0.1115 4377.2
2.82E+09 0.1094 4372.88
2.83E+09 0.1055 4369.21
2.85E+09 0.1054 4365.27
2.86E+09 0.1043 4361.35
2.87E+09 0.1025 4357.71
2.89E+09 0.1022 4354.04
2.90E+09 0.1047 4350.22
2.92E+09 0.1003 4346.5
2.93E+09 0.1003 4342.61
2.95E+09 0.1043 4338.79
2.96E+09 0.0994 4335.14
2.98E+09 0.0978 4331.24
2.99E+09 0.0967 4327.55
3.00E+09 0.0979 4323.88
3.02E+09 0.1012 4320.04
3.03E+09 0.0934 4316.32
3.05E+09 0.0954 4312.61
3.06E+09 0.0940 4309.16
3.08E+09 0.0963 4305.41
3.09E+09 0.0908 4301.53
3.11E+09 0.0916 4298.11
3.12E+09 0.0974 4294.94
3.14E+09 0.0926 4291.77
3.15E+09 0.0913 4287.92
3.17E+09 0.0968 4284.53
3.18E+09 0.0905 4281.21
3.19E+09 0.0889 4278.24
3.21E+09 0.0857 4275.13
3.22E+09 0.0876 4272.1
3.23E+09 0.0860 4269.04
3.24E+09 0.0870 4266.57
3.26E+09 0.0815 4263.91
3.27E+09 0.0766 4261.31
3.28E+09 0.0942 4258.67
3.29E+09 0.0868 4256.02
3.31E+09 0.0790 4253.26
3.32E+09 0.0794 4250.86
3.33E+09 0.0822 4248.32
3.34E+09 0.0849 4245.73
3.35E+09 0.0792 4242.99
3.37E+09 0.0765 4240.52
3.38E+09 0.0742 4237.9
3.39E+09 0.0860 4235.47
3.41E+09 0.0807 4232.55
3.42E+09 0.0753 4229.68
3.43E+09 0.0703 4226.9
3.45E+09 0.0801 4224.45
3.46E+09 0.0808 4222.17
3.47E+09 0.0734 4219.44
3.49E+09 0.0779 4216.63
3.50E+09 0.0688 4213.89
3.51E+09 0.0727 4211.42
3.53E+09 0.0795 4209.21
3.54E+09 0.0706 4206.99
3.55E+09 0.0692 4204.51
3.56E+09 0.0679 4202.05
3.58E+09 0.0696 4199.5
3.59E+09 0.0703 4197.18
3.60E+09 0.0747 4194.82
3.62E+09 0.0690 4192.25
3.63E+09 0.0677 4189.43
3.65E+09 0.0676 4187.03
3.66E+09 0.0680 4184.86
3.67E+09 0.0690 4182.44
3.69E+09 0.0675 4180.03
3.70E+09 0.0680 4177.46
3.71E+09 0.0661 4175.15
3.73E+09 0.0671 4172.74
3.74E+09 0.0712 4170.28
3.76E+09 0.0646 4167.6
3.77E+09 0.0661 4165.01
3.79E+09 0.0657 4162.71
3.80E+09 0.0652 4160.24
3.82E+09 0.0612 4157.4
3.83E+09 0.0661 4155.2
3.85E+09 0.0591 4152.99
3.86E+09 0.0609 4150.42
3.88E+09 0.0621 4147.94
3.90E+09 0.0594 4145.31
3.91E+09 0.0582 4143.09
3.93E+09 0.0587 4140.67
3.94E+09 0.0683 4138.46
3.96E+09 0.0607 4135.77
3.97E+09 0.0604 4133.32
3.99E+09 0.0534 4130.97
4.00E+09 0.0587 4128.56
4.02E+09 0.0641 4126.31
4.04E+09 0.0608 4123.51
4.05E+09 0.0611 4120.95
4.07E+09 0.0549 4118.63
4.08E+09 0.0556 4116.19
4.10E+09 0.0539 4113.83
4.12E+09 0.0558 4111.56
4.13E+09 0.0561 4109.4
4.15E+09 0.0494 4106.93
4.17E+09 0.0555 4104.65
4.18E+09 0.0530 4102.26
4.20E+09 0.0567 4099.83
4.22E+09 0.0542 4097.59
4.23E+09 0.0543 4095.23
4.25E+09 0.0524 4092.66
4.27E+09 0.0510 4090.36
4.29E+09 0.0543 4088.09
4.30E+09 0.0507 4085.54
4.32E+09 0.0540 4083.24
4.34E+09 0.0502 4080.94
4.36E+09 0.0482 4078.69
4.37E+09 0.0454 4076.63
4.39E+09 0.0490 4074.41
4.41E+09 0.0528 4072.16
4.43E+09 0.0470 4069.91
4.45E+09 0.0479 4067.51
4.46E+09 0.0473 4065.46
4.48E+09 0.0483 4063.21
4.50E+09 0.0471 4061.14
4.52E+09 0.0438 4058.87
4.53E+09 0.0471 4056.8
4.55E+09 0.0459 4054.61
4.57E+09 0.0449 4052.56
4.59E+09 0.0478 4050.35
4.60E+09 0.0458 4048.15
4.62E+09 0.0458 4045.74
4.64E+09 0.0425 4043.49
4.66E+09 0.0450 4041.47
4.68E+09 0.0410 4039.2
4.70E+09 0.0487 4037.1
4.72E+09 0.0430 4035.08
4.74E+09 0.0460 4032.91
4.76E+09 0.0401 4030.41
4.78E+09 0.0449 4028.17
4.80E+09 0.0453 4026.3
4.82E+09 0.0430 4024.02
4.84E+09 0.0439 4021.71
4.86E+09 0.0431 4019.57
4.88E+09 0.0392 4017.51
4.90E+09 0.0434 4015.39
4.92E+09 0.0429 4013.07
4.94E+09 0.0439 4010.85
4.96E+09 0.0435 4008.6
4.98E+09 0.0375 4006.32
