0.00E+00 -0.3429 4161.42
4.94E+07 0.1938 4140.51
7.11E+07 0.2335 4121.94
9.99E+07 0.2322 4095.71
1.45E+08 0.1948 4058.47
1.93E+08 0.2126 4020.99
2.43E+08 0.2090 3979.76
2.80E+08 0.1926 3950.56
3.13E+08 0.1938 3926.46
3.38E+08 0.1809 3908.08
3.62E+08 0.1752 3891.57
3.82E+08 0.1647 3878.31
3.99E+08 0.1676 3867.27
4.18E+08 0.1570 3855.34
4.33E+08 0.1532 3846.31
4.48E+08 0.1498 3837.38
4.65E+08 0.1451 3827.56
4.81E+08 0.1445 3818.51
4.95E+08 0.1396 3810.56
5.14E+08 0.1352 3800.29
5.31E+08 0.1293 3791.67
5.47E+08 0.1271 3783.74
5.60E+08 0.1253 3777.19
5.77E+08 0.1215 3768.88
5.93E+08 0.1188 3761.58
6.07E+08 0.1164 3755.07
6.24E+08 0.1125 3747.45
6.36E+08 0.1088 3742.45
6.53E+08 0.1079 3735.31
6.67E+08 0.1031 3729.4
6.84E+08 0.0989 3722.76
7.01E+08 0.0974 3716.35
7.16E+08 0.0928 3710.93
7.31E+08 0.0906 3705.48
7.51E+08 0.0875 3698.36
7.69E+08 0.0842 3692.4
7.90E+08 0.0809 3685.81
8.06E+08 0.0783 3680.72
8.26E+08 0.0748 3674.79
8.47E+08 0.0716 3668.71
8.67E+08 0.0692 3663.22
8.82E+08 0.0665 3659.27
9.10E+08 0.0623 3652.27
9.34E+08 0.0592 3646.61
9.59E+08 0.0564 3641.1
9.84E+08 0.0525 3635.83
1.01E+09 0.0494 3630.44
1.04E+09 0.0468 3625.32
1.07E+09 0.0444 3619.82
1.10E+09 0.0411 3614.64
1.13E+09 0.0387 3610.1
1.16E+09 0.0356 3605.51
1.19E+09 0.0346 3601.48
1.22E+09 0.0330 3597.27
1.25E+09 0.0315 3593.47
1.28E+09 0.0310 3590.26
1.31E+09 0.0300 3587.05
1.33E+09 0.0295 3584.04
1.36E+09 0.0295 3581.04
1.38E+09 0.0292 3578.49
1.41E+09 0.0288 3575.64
1.43E+09 0.0294 3572.87
1.45E+09 0.0289 3570.3
1.48E+09 0.0291 3567.34
1.50E+09 0.0290 3564.56
1.53E+09 0.0291 3561.71
1.55E+09 0.0287 3558.73
1.58E+09 0.0281 3555.86
1.61E+09 0.0280 3552.91
1.64E+09 0.0283 3549.79
1.67E+09 0.0278 3546.58
1.70E+09 0.0263 3543.43
1.73E+09 0.0264 3540.25
1.76E+09 0.0262 3537.16
1.79E+09 0.0260 3534.05
1.82E+09 0.0251 3530.56
1.85E+09 0.0252 3527.23
1.89E+09 0.0247 3524.23
1.92E+09 0.0248 3521.15
1.95E+09 0.0236 3518.26
1.98E+09 0.0230 3515.07
2.02E+09 0.0234 3512
2.05E+09 0.0234 3509.03
2.08E+09 0.0226 3506.07
2.12E+09 0.0225 3503.07
2.15E+09 0.0216 3500.06
2.19E+09 0.0214 3496.99
2.23E+09 0.0206 3493.99
2.26E+09 0.0200 3491.01
2.30E+09 0.0201 3488.18
2.34E+09 0.0198 3485.34
2.38E+09 0.0194 3482.39
2.41E+09 0.0190 3479.56
2.46E+09 0.0187 3476.56
2.49E+09 0.0183 3473.76
2.54E+09 0.0183 3470.81
2.58E+09 0.0175 3467.76
2.62E+09 0.0171 3464.79
2.67E+09 0.0168 3461.77
2.71E+09 0.0169 3458.91
2.76E+09 0.0161 3456.09
2.80E+09 0.0159 3453.3
2.85E+09 0.0155 3450.55
2.89E+09 0.0155 3447.69
2.94E+09 0.0151 3444.97
2.99E+09 0.0156 3442.27
3.03E+09 0.0143 3439.42
3.08E+09 0.0145 3436.61
3.13E+09 0.0145 3433.98
3.18E+09 0.0141 3431.39
3.23E+09 0.0135 3428.6
3.28E+09 0.0132 3425.93
3.33E+09 0.0134 3423.34
3.38E+09 0.0128 3420.85
3.43E+09 0.0125 3418.38
3.48E+09 0.0125 3415.87
3.53E+09 0.0125 3413.31
3.59E+09 0.0123 3410.69
3.64E+09 0.0120 3408.34
3.69E+09 0.0118 3406.01
3.74E+09 0.0114 3403.53
3.79E+09 0.0117 3401.15
3.85E+09 0.0111 3398.52
3.91E+09 0.0110 3396.04
3.97E+09 0.0104 3393.47
4.03E+09 0.0104 3391.02
4.09E+09 0.0107 3388.58
4.15E+09 0.0101 3386.23
4.21E+09 0.0103 3383.86
4.27E+09 0.0095 3381.62
4.33E+09 0.0095 3379.26
4.39E+09 0.0096 3377.05
4.45E+09 0.0096 3374.77
4.51E+09 0.0097 3372.39
4.58E+09 0.0093 3370.05
4.64E+09 0.0093 3367.75
4.70E+09 0.0093 3365.58
4.76E+09 0.0092 3363.33
4.83E+09 0.0091 3361.07
4.89E+09 0.0089 3358.81
4.95E+09 0.0092 3356.63
