0.00E+00 -0.3881 4447.52
4.01E+07 0.2382 4429.43
5.19E+07 0.2823 4418.43
6.92E+07 0.2758 4400.99
9.67E+07 0.2588 4375.56
1.33E+08 0.2254 4344.19
1.67E+08 0.2707 4314.88
2.16E+08 0.2582 4269.75
2.58E+08 0.2456 4231.84
2.87E+08 0.2378 4206.71
3.08E+08 0.2285 4189.79
3.26E+08 0.2215 4175.48
3.44E+08 0.2178 4161.3
3.59E+08 0.2134 4149.65
3.77E+08 0.2081 4136.26
3.92E+08 0.1992 4125.77
4.04E+08 0.1998 4117.12
4.17E+08 0.1940 4107.84
4.29E+08 0.1907 4099.57
4.43E+08 0.1870 4090.29
4.55E+08 0.1830 4082.61
4.67E+08 0.1788 4074.71
4.81E+08 0.1791 4065.83
4.95E+08 0.1729 4057.44
5.08E+08 0.1700 4049.65
5.19E+08 0.1672 4042.5
5.33E+08 0.1636 4034.57
5.45E+08 0.1606 4027.41
5.57E+08 0.1584 4021.1
5.69E+08 0.1546 4014.3
5.81E+08 0.1526 4007.67
5.92E+08 0.1495 4002.06
6.03E+08 0.1449 3996.16
6.16E+08 0.1428 3989.61
6.28E+08 0.1395 3983.59
6.40E+08 0.1375 3977.71
6.50E+08 0.1349 3972.66
6.64E+08 0.1325 3966.24
6.78E+08 0.1279 3959.93
6.89E+08 0.1260 3954.9
7.01E+08 0.1240 3949.54
7.17E+08 0.1204 3942.55
7.29E+08 0.1183 3937.55
7.41E+08 0.1150 3932.59
7.56E+08 0.1122 3926.47
7.73E+08 0.1087 3919.99
7.90E+08 0.1058 3913.6
8.02E+08 0.1024 3908.89
8.19E+08 0.1005 3902.93
8.36E+08 0.0981 3897.05
8.53E+08 0.0946 3891.08
8.71E+08 0.0918 3885.03
8.87E+08 0.0894 3879.91
9.02E+08 0.0882 3875.23
9.16E+08 0.0872 3870.79
9.29E+08 0.0860 3866.82
9.44E+08 0.0843 3862.33
9.57E+08 0.0835 3858.58
9.70E+08 0.0809 3854.61
9.82E+08 0.0809 3851.21
9.97E+08 0.0817 3847.03
1.01E+09 0.0797 3843.36
1.02E+09 0.0788 3839.64
1.04E+09 0.0785 3835.99
1.05E+09 0.0793 3833.09
1.06E+09 0.0771 3829.87
1.07E+09 0.0777 3826.17
1.09E+09 0.0759 3822.52
1.10E+09 0.0756 3818.68
1.11E+09 0.0748 3815.22
1.13E+09 0.0759 3811.67
1.14E+09 0.0749 3808.65
1.15E+09 0.0747 3804.88
1.17E+09 0.0744 3801.25
1.17E+09 0.0750 3798.79
1.19E+09 0.0735 3794.79
1.20E+09 0.0732 3791.02
1.22E+09 0.0730 3787
1.23E+09 0.0723 3783.51
1.25E+09 0.0708 3779.95
1.26E+09 0.0710 3775.72
1.28E+09 0.0707 3771.88
1.30E+09 0.0697 3767.71
1.31E+09 0.0695 3764.6
1.33E+09 0.0685 3760.76
1.34E+09 0.0677 3756.82
1.36E+09 0.0672 3753.36
1.37E+09 0.0665 3749.26
1.39E+09 0.0655 3745.64
1.41E+09 0.0655 3741.53
1.42E+09 0.0647 3737.59
1.44E+09 0.0646 3734.37
1.45E+09 0.0633 3730.6
1.47E+09 0.0631 3726.56
1.49E+09 0.0620 3723
1.51E+09 0.0615 3719.39
1.52E+09 0.0609 3715.59
1.54E+09 0.0606 3711.83
1.56E+09 0.0605 3707.97
1.58E+09 0.0602 3704.08
1.60E+09 0.0591 3700.06
1.62E+09 0.0589 3696.09
1.63E+09 0.0571 3692.23
1.65E+09 0.0564 3688.64
1.67E+09 0.0553 3684.8
1.69E+09 0.0570 3680.95
1.71E+09 0.0554 3677.56
1.73E+09 0.0535 3673.61
1.74E+09 0.0536 3670.61
1.77E+09 0.0533 3666.65
1.79E+09 0.0517 3662.93
1.81E+09 0.0527 3659.16
1.82E+09 0.0517 3655.67
1.84E+09 0.0509 3651.97
1.87E+09 0.0501 3648.29
1.89E+09 0.0499 3644.79
1.91E+09 0.0496 3641.31
1.93E+09 0.0489 3637.6
1.95E+09 0.0488 3634.16
1.97E+09 0.0479 3630.38
1.99E+09 0.0474 3626.61
2.01E+09 0.0463 3622.99
2.03E+09 0.0463 3619.38
2.06E+09 0.0454 3615.62
2.08E+09 0.0456 3611.95
2.10E+09 0.0444 3608.56
2.12E+09 0.0441 3605.13
2.15E+09 0.0441 3601.49
2.17E+09 0.0432 3597.84
2.19E+09 0.0426 3594.29
2.22E+09 0.0417 3591.13
2.24E+09 0.0423 3587.71
2.26E+09 0.0417 3583.9
2.29E+09 0.0407 3580.17
2.31E+09 0.0402 3576.67
2.34E+09 0.0399 3573.4
2.36E+09 0.0391 3569.9
2.39E+09 0.0388 3566.81
2.41E+09 0.0390 3563.65
2.43E+09 0.0380 3560.31
2.46E+09 0.0373 3556.88
2.49E+09 0.0369 3553.34
2.51E+09 0.0360 3550.03
2.54E+09 0.0355 3546.75
2.56E+09 0.0362 3543.73
2.59E+09 0.0345 3540.24
2.62E+09 0.0347 3536.98
2.64E+09 0.0342 3533.53
2.67E+09 0.0337 3530.1
2.70E+09 0.0334 3527.13
2.72E+09 0.0336 3523.82
2.76E+09 0.0320 3520.15
2.78E+09 0.0315 3516.95
2.81E+09 0.0312 3513.8
2.84E+09 0.0307 3510.78
2.87E+09 0.0309 3507.63
2.90E+09 0.0301 3504.43
2.93E+09 0.0298 3501.08
2.96E+09 0.0289 3497.88
2.99E+09 0.0281 3494.63
3.02E+09 0.0283 3491.57
3.05E+09 0.0279 3488.44
3.09E+09 0.0276 3485.36
3.12E+09 0.0276 3482.25
3.15E+09 0.0268 3479.17
3.18E+09 0.0260 3476.15
3.21E+09 0.0261 3473.35
3.24E+09 0.0258 3470.4
3.28E+09 0.0252 3467.25
3.31E+09 0.0252 3464.55
3.34E+09 0.0245 3461.55
3.38E+09 0.0242 3458.5
3.42E+09 0.0239 3455.34
3.45E+09 0.0240 3452.2
3.49E+09 0.0236 3448.97
3.53E+09 0.0232 3445.95
3.57E+09 0.0228 3442.94
3.60E+09 0.0223 3439.93
3.64E+09 0.0221 3437.51
3.67E+09 0.0218 3434.5
3.71E+09 0.0217 3431.54
3.75E+09 0.0214 3428.7
3.79E+09 0.0204 3425.51
3.83E+09 0.0207 3422.64
3.87E+09 0.0205 3419.89
3.91E+09 0.0200 3417.33
3.95E+09 0.0193 3414.57
3.98E+09 0.0198 3411.97
4.03E+09 0.0190 3409.09
4.07E+09 0.0185 3405.99
4.11E+09 0.0184 3403.27
4.16E+09 0.0184 3400.57
4.20E+09 0.0181 3397.56
4.24E+09 0.0180 3395.18
4.28E+09 0.0177 3392.7
4.32E+09 0.0182 3390.3
4.36E+09 0.0170 3387.72
4.41E+09 0.0165 3384.93
4.45E+09 0.0167 3382.3
4.50E+09 0.0160 3379.47
4.54E+09 0.0158 3376.96
4.59E+09 0.0159 3374.57
4.64E+09 0.0161 3371.81
4.69E+09 0.0153 3369.06
4.74E+09 0.0151 3366.37
4.79E+09 0.0148 3363.72
4.83E+09 0.0147 3361.2
4.88E+09 0.0141 3358.9
4.93E+09 0.0144 3356.61
4.97E+09 0.0142 3354.35
