0.00E+00 -0.9449 6084.43
1.31E+08 0.3147 5969.13
1.74E+08 0.2951 5926.43
2.09E+08 0.2706 5892.98
2.37E+08 0.2573 5866.78
2.61E+08 0.2606 5845.42
2.88E+08 0.2399 5821.66
3.07E+08 0.2487 5805.64
3.32E+08 0.2317 5784.16
3.49E+08 0.2345 5770.62
3.68E+08 0.2260 5755.18
3.87E+08 0.2251 5740.77
4.02E+08 0.2226 5728.62
4.22E+08 0.2109 5713.62
4.38E+08 0.2129 5702.09
4.55E+08 0.2105 5689.47
4.73E+08 0.2001 5676.67
4.87E+08 0.2002 5666.9
5.02E+08 0.1988 5656.54
5.17E+08 0.1921 5645.74
5.31E+08 0.1937 5636.94
5.45E+08 0.1915 5627.52
5.60E+08 0.1870 5617.39
5.76E+08 0.1858 5607.26
5.88E+08 0.1857 5598.94
6.00E+08 0.1851 5591.78
6.11E+08 0.1849 5584.36
6.20E+08 0.1940 5578.21
6.23E+08 0.2114 5576.12
6.25E+08 0.2258 5574.98
6.26E+08 0.2626 5573.96
6.30E+08 0.3237 5570.17
6.36E+08 0.3385 5563.21
6.46E+08 0.3516 5551.22
6.59E+08 0.3704 5533.99
6.68E+08 0.3533 5522.71
6.96E+08 0.3052 5491.94
7.26E+08 0.2814 5460.64
7.58E+08 0.2579 5431.17
7.93E+08 0.2350 5400.37
8.35E+08 0.2081 5368.57
8.81E+08 0.2470 5333.15
9.13E+08 0.2996 5302.04
9.50E+08 0.3137 5263.13
1.01E+09 0.2891 5198.32
1.07E+09 0.2533 5141.93
1.11E+09 0.2322 5106.71
1.15E+09 0.2296 5080.24
1.18E+09 0.2123 5051.64
1.21E+09 0.1991 5029.41
1.24E+09 0.1809 5010.6
1.26E+09 0.1734 4997.11
1.29E+09 0.1656 4984.55
1.30E+09 0.1564 4974.26
1.32E+09 0.1530 4966.4
1.33E+09 0.1417 4959.99
1.35E+09 0.1491 4952.07
1.37E+09 0.1416 4942.5
1.38E+09 0.1466 4932.85
1.40E+09 0.1381 4924.82
1.42E+09 0.1399 4916.45
1.43E+09 0.1317 4909.38
1.45E+09 0.1310 4902.04
1.47E+09 0.1253 4894.75
1.48E+09 0.1309 4888.5
1.49E+09 0.1263 4881.83
1.51E+09 0.1236 4875.07
1.52E+09 0.1215 4868.85
1.54E+09 0.1236 4862.73
1.55E+09 0.1186 4857.03
1.57E+09 0.1158 4850.41
1.58E+09 0.1189 4843.7
1.60E+09 0.1173 4836.62
1.62E+09 0.1098 4829.53
1.64E+09 0.1094 4823.28
1.65E+09 0.1093 4816.56
1.67E+09 0.1093 4810.99
1.68E+09 0.1057 4805.14
1.70E+09 0.1014 4799.6
1.71E+09 0.1045 4794.2
1.73E+09 0.1046 4788.04
1.75E+09 0.1026 4782.34
1.76E+09 0.1016 4776.72
1.78E+09 0.1001 4770.75
1.80E+09 0.0977 4764.69
1.82E+09 0.0962 4759.12
1.83E+09 0.0981 4753.86
1.85E+09 0.0930 4748.38
1.86E+09 0.0936 4742.9
1.88E+09 0.0908 4737.75
1.89E+09 0.0930 4733.8
1.91E+09 0.0887 4728.78
1.93E+09 0.0874 4723.22
1.94E+09 0.0881 4718.04
1.96E+09 0.0881 4712.37
1.98E+09 0.0863 4707.91
1.99E+09 0.0842 4702.3
2.01E+09 0.0854 4696.69
2.03E+09 0.0821 4691.24
2.05E+09 0.0818 4686.43
2.07E+09 0.0820 4680.84
2.09E+09 0.0845 4675.43
2.11E+09 0.0803 4670.33
2.12E+09 0.0773 4665.82
2.14E+09 0.0780 4661.16
2.16E+09 0.0772 4655.98
2.18E+09 0.0757 4650.16
2.20E+09 0.0772 4645.2
2.22E+09 0.0753 4640.2
2.23E+09 0.0712 4635.7
2.25E+09 0.0705 4630.83
2.27E+09 0.0739 4626.38
2.29E+09 0.0709 4622.25
2.31E+09 0.0706 4617.69
2.33E+09 0.0719 4612.91
2.35E+09 0.0713 4607.74
2.37E+09 0.0704 4603.03
2.39E+09 0.0687 4598.01
2.41E+09 0.0678 4593.43
2.43E+09 0.0646 4588.91
2.45E+09 0.0638 4583.54
2.47E+09 0.0651 4579.4
2.49E+09 0.0632 4575.23
2.51E+09 0.0622 4570.55
2.53E+09 0.0660 4565.48
2.55E+09 0.0596 4560.29
2.58E+09 0.0596 4555.75
2.60E+09 0.0625 4551.14
2.62E+09 0.0590 4546.78
2.64E+09 0.0603 4541.91
2.66E+09 0.0593 4537.27
2.69E+09 0.0586 4532.47
2.71E+09 0.0533 4528.09
2.73E+09 0.0557 4524.13
2.75E+09 0.0539 4519.63
2.78E+09 0.0532 4515.07
2.80E+09 0.0517 4510.94
2.83E+09 0.0545 4506.41
2.85E+09 0.0537 4501.71
2.87E+09 0.0510 4497.65
2.90E+09 0.0470 4493.07
2.93E+09 0.0470 4488.79
2.95E+09 0.0454 4484.73
2.98E+09 0.0464 4480.33
3.00E+09 0.0423 4476.41
3.03E+09 0.0446 4472.12
3.06E+09 0.0461 4467.38
3.09E+09 0.0450 4462.75
3.12E+09 0.0399 4458.66
3.15E+09 0.0436 4454.25
3.18E+09 0.0407 4449.83
3.21E+09 0.0449 4446.12
3.24E+09 0.0389 4441.75
3.27E+09 0.0389 4437.66
3.30E+09 0.0391 4433.51
3.33E+09 0.0363 4429.83
3.36E+09 0.0375 4425.93
3.38E+09 0.0387 4422.39
3.42E+09 0.0362 4417.94
3.45E+09 0.0353 4413.92
3.48E+09 0.0331 4410.27
3.51E+09 0.0362 4406.45
3.54E+09 0.0316 4402.94
3.57E+09 0.0311 4399.72
3.60E+09 0.0301 4396.11
3.63E+09 0.0322 4393
3.67E+09 0.0312 4389.3
3.70E+09 0.0299 4386.07
3.73E+09 0.0306 4382.55
3.76E+09 0.0278 4379.38
3.79E+09 0.0314 4375.92
3.83E+09 0.0283 4372.58
3.86E+09 0.0270 4369
3.90E+09 0.0287 4365.58
3.92E+09 0.0266 4362.88
3.96E+09 0.0262 4359.84
3.99E+09 0.0268 4356.57
4.03E+09 0.0241 4353.45
4.06E+09 0.0247 4350.6
4.10E+09 0.0276 4347.66
4.13E+09 0.0257 4344.27
4.17E+09 0.0233 4341.14
4.20E+09 0.0220 4338.63
4.24E+09 0.0233 4335.75
4.28E+09 0.0217 4332.77
4.31E+09 0.0218 4329.84
4.35E+09 0.0230 4327.47
4.38E+09 0.0219 4324.51
4.41E+09 0.0220 4322.04
4.45E+09 0.0199 4319.66
4.49E+09 0.0209 4316.8
4.52E+09 0.0209 4314.19
4.56E+09 0.0216 4311.34
4.60E+09 0.0199 4308.61
4.63E+09 0.0177 4306.31
4.67E+09 0.0196 4303.76
4.71E+09 0.0185 4301.15
4.75E+09 0.0201 4298.68
4.79E+09 0.0196 4295.46
4.83E+09 0.0186 4292.71
4.88E+09 0.0178 4289.95
4.92E+09 0.0179 4287.36
4.96E+09 0.0187 4284.37
