0.00E+00 -0.6054 5253.75
2.28E+08 0.1573 5113.85
2.99E+08 0.1440 5068.08
3.56E+08 0.1388 5033.29
4.10E+08 0.1314 5001.43
4.56E+08 0.1194 4975.84
4.94E+08 0.1198 4955.29
5.37E+08 0.1139 4933.26
5.70E+08 0.1188 4916.22
5.77E+08 0.1445 4912.23
5.83E+08 0.2071 4906.64
6.20E+08 0.1801 4874.74
6.90E+08 0.1786 4819.24
7.34E+08 0.1889 4783.13
8.26E+08 0.1522 4715.6
9.19E+08 0.1523 4652.94
9.78E+08 0.1476 4612.35
1.06E+09 0.1221 4561.15
1.14E+09 0.1333 4519.24
1.20E+09 0.1305 4482.07
1.27E+09 0.1270 4441.82
1.33E+09 0.1143 4411.5
1.36E+09 0.1142 4396.83
1.39E+09 0.1060 4381.44
1.42E+09 0.0999 4366.84
1.45E+09 0.0988 4353.73
1.48E+09 0.1024 4339.79
1.51E+09 0.0991 4328.7
1.53E+09 0.0901 4319.17
1.55E+09 0.0921 4308.86
1.58E+09 0.0951 4299.8
1.60E+09 0.0910 4290.12
1.62E+09 0.0884 4282.58
1.64E+09 0.0864 4272.9
1.66E+09 0.0858 4266.16
1.68E+09 0.0813 4257.23
1.70E+09 0.0824 4250.2
1.72E+09 0.0777 4242.6
1.75E+09 0.0746 4234.28
1.77E+09 0.0786 4226.84
1.79E+09 0.0727 4219.06
1.82E+09 0.0775 4211.55
1.84E+09 0.0664 4203.69
1.86E+09 0.0702 4196.04
1.89E+09 0.0623 4189.09
1.91E+09 0.0673 4182.2
1.94E+09 0.0652 4175.33
1.96E+09 0.0682 4168.39
1.99E+09 0.0657 4159.79
2.02E+09 0.0587 4150.89
2.04E+09 0.0593 4144.4
2.07E+09 0.0584 4136.8
2.10E+09 0.0539 4129.89
2.12E+09 0.0577 4125.29
2.14E+09 0.0551 4118.55
2.17E+09 0.0545 4113.25
2.19E+09 0.0556 4106.59
2.23E+09 0.0524 4098.73
2.26E+09 0.0556 4091.74
2.29E+09 0.0477 4083.94
2.31E+09 0.0541 4078.44
2.34E+09 0.0499 4071.34
2.38E+09 0.0448 4064.25
2.40E+09 0.0431 4059.01
2.43E+09 0.0400 4054.11
2.46E+09 0.0471 4047.8
2.49E+09 0.0420 4041.46
2.53E+09 0.0357 4036.03
2.56E+09 0.0443 4030.08
2.59E+09 0.0406 4024.78
2.63E+09 0.0393 4017.43
2.67E+09 0.0375 4010.69
2.70E+09 0.0397 4005.19
2.74E+09 0.0356 3999.06
2.78E+09 0.0368 3992.68
2.81E+09 0.0312 3987.14
2.86E+09 0.0336 3981.02
2.89E+09 0.0316 3975.53
2.92E+09 0.0290 3971.33
2.97E+09 0.0290 3965.2
3.01E+09 0.0319 3959.88
3.05E+09 0.0283 3954.15
3.10E+09 0.0261 3948.68
3.14E+09 0.0288 3943.63
3.18E+09 0.0262 3938.19
3.24E+09 0.0260 3931.98
3.29E+09 0.0279 3926.03
3.33E+09 0.0227 3920.85
3.38E+09 0.0212 3916.52
3.43E+09 0.0235 3911.58
3.48E+09 0.0213 3906.17
3.54E+09 0.0206 3901.02
3.58E+09 0.0177 3897.2
3.63E+09 0.0227 3892.28
3.69E+09 0.0197 3887.13
3.75E+09 0.0189 3882.16
3.80E+09 0.0176 3877.62
3.86E+09 0.0189 3873.1
3.91E+09 0.0166 3869.12
3.97E+09 0.0153 3864.9
4.03E+09 0.0148 3861
4.08E+09 0.0146 3857.55
4.14E+09 0.0148 3853.4
4.21E+09 0.0141 3849.43
4.27E+09 0.0129 3845.84
4.33E+09 0.0139 3842.52
4.39E+09 0.0144 3838.29
4.45E+09 0.0134 3834.25
4.51E+09 0.0142 3830.56
4.58E+09 0.0136 3826.52
4.64E+09 0.0137 3822.59
4.71E+09 0.0118 3818.78
4.77E+09 0.0115 3815.49
4.84E+09 0.0098 3812.31
4.91E+09 0.0102 3809.36
4.97E+09 0.0091 3806.5
