0.00E+00 -0.3768 4257.17
1.17E+08 0.1449 4214.26
1.50E+08 0.1323 4199.19
2.11E+08 0.1252 4174
3.05E+08 0.1280 4135.26
3.68E+08 0.1229 4109.38
4.08E+08 0.1175 4094.02
4.44E+08 0.1154 4080.25
4.72E+08 0.1148 4069.84
4.95E+08 0.1071 4061.38
5.13E+08 0.1057 4055.43
5.28E+08 0.0985 4050.27
5.48E+08 0.1004 4044.18
5.65E+08 0.1082 4038.28
5.86E+08 0.1089 4030.92
6.09E+08 0.1071 4022.94
6.23E+08 0.1047 4018.11
6.38E+08 0.1001 4013.16
6.51E+08 0.0962 4009.12
6.59E+08 0.0949 4006.56
6.72E+08 0.0870 4002.84
6.87E+08 0.0847 3998.6
7.01E+08 0.0863 3994.88
7.16E+08 0.0884 3990.69
7.30E+08 0.0909 3986.53
7.41E+08 0.0911 3983.22
7.55E+08 0.0929 3979.2
7.69E+08 0.0900 3974.97
7.84E+08 0.0854 3970.74
7.92E+08 0.0878 3968.69
8.10E+08 0.0766 3963.93
8.22E+08 0.0776 3960.76
8.36E+08 0.0833 3957.31
8.48E+08 0.0856 3953.94
8.61E+08 0.0809 3950.46
8.79E+08 0.0744 3946.17
8.91E+08 0.0763 3942.98
8.99E+08 0.0773 3941
9.18E+08 0.0682 3936.79
9.35E+08 0.0747 3932.89
9.50E+08 0.0732 3929.12
9.68E+08 0.0735 3924.86
9.84E+08 0.0704 3921.3
9.97E+08 0.0688 3918.28
1.01E+09 0.0652 3916.03
1.02E+09 0.0577 3912.75
1.04E+09 0.0703 3909.62
1.06E+09 0.0715 3905.75
1.07E+09 0.0631 3901.62
1.09E+09 0.0612 3897.93
1.11E+09 0.0589 3895.05
1.12E+09 0.0603 3892.26
1.14E+09 0.0587 3889.72
1.15E+09 0.0570 3887.64
1.16E+09 0.0573 3884.72
1.17E+09 0.0587 3882.78
1.19E+09 0.0522 3879.63
1.21E+09 0.0548 3876.79
1.22E+09 0.0574 3874.71
1.23E+09 0.0566 3872.23
1.25E+09 0.0521 3869.44
1.26E+09 0.0542 3867.05
1.28E+09 0.0558 3864.14
1.29E+09 0.0569 3861.8
1.31E+09 0.0519 3858.85
1.33E+09 0.0530 3856.01
1.34E+09 0.0515 3853.75
1.36E+09 0.0511 3850.68
1.37E+09 0.0526 3848.74
1.38E+09 0.0515 3846.69
1.40E+09 0.0488 3844.04
1.41E+09 0.0514 3841.75
1.43E+09 0.0499 3838.67
1.45E+09 0.0515 3835.98
1.47E+09 0.0502 3833.03
1.48E+09 0.0490 3830.12
1.50E+09 0.0489 3827.81
1.51E+09 0.0488 3825.44
1.53E+09 0.0484 3823.17
1.55E+09 0.0486 3820.38
1.57E+09 0.0489 3817.01
1.59E+09 0.0482 3813.88
1.61E+09 0.0460 3810.96
1.63E+09 0.0458 3808.19
1.64E+09 0.0466 3805.73
1.66E+09 0.0454 3802.92
1.68E+09 0.0451 3800.12
1.70E+09 0.0435 3796.92
1.72E+09 0.0436 3793.97
1.74E+09 0.0439 3791.51
1.76E+09 0.0439 3789.38
1.77E+09 0.0419 3787.15
1.79E+09 0.0422 3785.14
1.81E+09 0.0416 3782.49
1.83E+09 0.0411 3779.78
1.85E+09 0.0422 3777.27
1.87E+09 0.0418 3774.15
1.89E+09 0.0415 3771.66
1.91E+09 0.0398 3769.07
1.93E+09 0.0417 3766.29
1.95E+09 0.0395 3763.54
1.97E+09 0.0387 3760.81
1.99E+09 0.0390 3758.27
2.01E+09 0.0377 3755.87
2.03E+09 0.0388 3753.34
2.05E+09 0.0380 3750.69
2.07E+09 0.0385 3748.37
2.10E+09 0.0366 3745.62
2.11E+09 0.0383 3743.26
2.14E+09 0.0357 3740.8
2.16E+09 0.0352 3738.11
2.18E+09 0.0376 3735.61
2.20E+09 0.0379 3732.95
2.23E+09 0.0367 3730.1
2.25E+09 0.0337 3727.3
2.27E+09 0.0334 3724.72
2.30E+09 0.0345 3722.33
2.32E+09 0.0336 3719.92
2.33E+09 0.0323 3718.16
2.35E+09 0.0322 3716.64
2.37E+09 0.0347 3714.32
2.39E+09 0.0327 3711.95
2.41E+09 0.0300 3709.97
2.43E+09 0.0334 3707.92
2.45E+09 0.0322 3705.68
2.47E+09 0.0309 3703.57
2.50E+09 0.0316 3700.98
2.52E+09 0.0305 3698.69
2.55E+09 0.0311 3696.23
2.57E+09 0.0308 3693.88
2.60E+09 0.0301 3691.24
2.62E+09 0.0303 3688.95
2.64E+09 0.0312 3686.94
2.66E+09 0.0321 3684.83
2.68E+09 0.0305 3683
2.71E+09 0.0260 3680.65
2.73E+09 0.0293 3678.56
2.76E+09 0.0298 3676.11
2.78E+09 0.0306 3673.62
2.81E+09 0.0292 3670.71
2.84E+09 0.0274 3667.83
2.87E+09 0.0277 3665.46
2.89E+09 0.0270 3663.33
2.92E+09 0.0274 3660.99
2.95E+09 0.0275 3658.41
2.98E+09 0.0277 3655.79
3.00E+09 0.0272 3653.59
3.03E+09 0.0257 3651.27
3.06E+09 0.0258 3648.64
3.09E+09 0.0267 3646.1
3.13E+09 0.0253 3643.43
3.16E+09 0.0260 3640.87
3.19E+09 0.0251 3638.44
3.21E+09 0.0245 3636.39
3.24E+09 0.0233 3634.24
3.26E+09 0.0245 3632.51
3.29E+09 0.0241 3630.43
3.31E+09 0.0229 3628.52
3.34E+09 0.0228 3626.52
3.37E+09 0.0230 3624.32
3.41E+09 0.0230 3621.65
3.43E+09 0.0229 3619.78
3.46E+09 0.0220 3617.74
3.50E+09 0.0221 3615.29
3.53E+09 0.0227 3612.58
3.57E+09 0.0227 3609.97
3.61E+09 0.0226 3607.26
3.64E+09 0.0220 3604.86
3.67E+09 0.0215 3602.57
3.71E+09 0.0213 3600.06
3.74E+09 0.0217 3597.84
3.77E+09 0.0218 3595.67
3.81E+09 0.0207 3593.4
3.84E+09 0.0205 3591.2
3.87E+09 0.0211 3589.1
3.90E+09 0.0194 3586.92
3.94E+09 0.0191 3584.77
3.97E+09 0.0211 3583
4.00E+09 0.0196 3580.81
4.03E+09 0.0193 3578.66
4.06E+09 0.0202 3577.28
4.09E+09 0.0184 3575.21
4.13E+09 0.0176 3573.05
4.16E+09 0.0185 3571.11
4.19E+09 0.0184 3569.35
4.23E+09 0.0179 3567.2
4.26E+09 0.0176 3565.03
4.30E+09 0.0174 3562.74
4.34E+09 0.0176 3560.94
4.38E+09 0.0175 3558.65
4.42E+09 0.0186 3556.31
4.46E+09 0.0175 3554.01
4.50E+09 0.0167 3551.65
4.53E+09 0.0173 3549.93
4.56E+09 0.0164 3548.17
4.60E+09 0.0165 3546.11
4.63E+09 0.0163 3544.38
4.67E+09 0.0162 3542.67
4.69E+09 0.0162 3541.22
4.73E+09 0.0153 3539.42
4.77E+09 0.0154 3537.52
4.80E+09 0.0156 3535.76
4.85E+09 0.0168 3533.54
4.89E+09 0.0164 3531.27
4.93E+09 0.0161 3529.35
4.96E+09 0.0156 3527.4
