0.00E+00 -0.3783 4408.42
9.00E+07 0.1853 4347.46
1.39E+08 0.1626 4303.84
2.50E+08 0.1453 4219.42
4.02E+08 0.1444 4096.24
5.16E+08 0.1239 4017.72
6.25E+08 0.1028 3955.43
7.21E+08 0.0907 3908.15
7.95E+08 0.0836 3875.1
8.50E+08 0.0781 3852.4
8.86E+08 0.0782 3838.23
9.36E+08 0.0699 3819.6
9.64E+08 0.0735 3809.44
1.01E+09 0.0602 3794.85
1.05E+09 0.0584 3782.01
1.08E+09 0.0585 3771.64
1.13E+09 0.0545 3759.6
1.16E+09 0.0512 3749.61
1.21E+09 0.0474 3738.08
1.25E+09 0.0460 3726.93
1.29E+09 0.0419 3718.07
1.34E+09 0.0398 3707.94
1.38E+09 0.0359 3698.66
1.44E+09 0.0337 3687.65
1.50E+09 0.0332 3678.21
1.55E+09 0.0300 3670.71
1.60E+09 0.0290 3662.65
1.65E+09 0.0274 3655.79
1.69E+09 0.0246 3650.4
1.72E+09 0.0255 3645.98
1.77E+09 0.0245 3640.46
1.80E+09 0.0238 3636.37
1.84E+09 0.0241 3631.6
1.87E+09 0.0225 3627.65
1.92E+09 0.0232 3622.73
1.95E+09 0.0213 3619.19
1.98E+09 0.0224 3614.8
2.03E+09 0.0205 3610.07
2.07E+09 0.0199 3605.35
2.12E+09 0.0205 3600.92
2.16E+09 0.0191 3596.46
2.20E+09 0.0179 3592.51
2.25E+09 0.0182 3588.04
2.30E+09 0.0175 3583.98
2.34E+09 0.0167 3580
2.39E+09 0.0169 3575.92
2.43E+09 0.0168 3572.48
2.47E+09 0.0165 3568.77
2.53E+09 0.0150 3564.61
2.57E+09 0.0151 3561.09
2.62E+09 0.0149 3557.46
2.66E+09 0.0145 3553.99
2.71E+09 0.0140 3550.47
2.77E+09 0.0137 3546.7
2.81E+09 0.0134 3543.48
2.86E+09 0.0133 3540.61
2.90E+09 0.0124 3537.73
2.94E+09 0.0129 3534.79
3.00E+09 0.0125 3531.46
3.04E+09 0.0125 3528.34
3.10E+09 0.0126 3524.96
3.15E+09 0.0123 3521.37
3.21E+09 0.0118 3517.94
3.26E+09 0.0116 3514.63
3.32E+09 0.0113 3511.15
3.38E+09 0.0114 3507.65
3.45E+09 0.0108 3503.85
3.51E+09 0.0106 3500.41
3.58E+09 0.0107 3496.69
3.65E+09 0.0108 3493.07
3.71E+09 0.0107 3489.49
3.78E+09 0.0099 3485.73
3.85E+09 0.0096 3482.2
3.92E+09 0.0097 3478.7
4.00E+09 0.0095 3475.26
4.07E+09 0.0093 3471.76
4.14E+09 0.0091 3468.13
4.22E+09 0.0088 3464.71
4.29E+09 0.0089 3461.48
4.36E+09 0.0085 3458.24
4.44E+09 0.0084 3455.08
4.51E+09 0.0083 3451.87
4.59E+09 0.0083 3448.55
4.67E+09 0.0081 3445.24
4.75E+09 0.0080 3442.03
4.82E+09 0.0078 3438.92
4.90E+09 0.0079 3435.87
4.97E+09 0.0079 3432.83
