0.00E+00 -0.3474 4302.67
3.03E+07 0.2356 4294.63
4.15E+07 0.2714 4286.14
5.83E+07 0.2469 4273.35
9.03E+07 0.2238 4250.84
1.20E+08 0.2504 4231.48
1.58E+08 0.2448 4203.37
1.96E+08 0.2425 4176.2
2.22E+08 0.2323 4157.95
2.37E+08 0.2251 4147.79
2.50E+08 0.2185 4139.9
2.64E+08 0.2178 4130.57
2.80E+08 0.2131 4120.69
2.92E+08 0.2098 4112.99
3.02E+08 0.2054 4107.06
3.13E+08 0.2048 4100.03
3.27E+08 0.1998 4091.84
3.38E+08 0.1953 4085.53
3.48E+08 0.1937 4079.89
3.60E+08 0.1905 4073.24
3.68E+08 0.1881 4068.53
3.76E+08 0.1858 4064.31
3.85E+08 0.1822 4059.29
3.94E+08 0.1801 4054.6
4.03E+08 0.1768 4049.95
4.10E+08 0.1763 4046
4.20E+08 0.1730 4041.02
4.29E+08 0.1725 4036.27
4.40E+08 0.1682 4030.83
4.49E+08 0.1659 4026.57
4.58E+08 0.1632 4022.05
4.66E+08 0.1620 4018.35
4.77E+08 0.1590 4013.33
4.88E+08 0.1559 4008.29
4.97E+08 0.1533 4003.83
5.07E+08 0.1511 3999.57
5.17E+08 0.1487 3994.96
5.29E+08 0.1452 3990.05
5.38E+08 0.1439 3986.18
5.47E+08 0.1414 3982.37
5.56E+08 0.1387 3978.41
5.67E+08 0.1371 3974.03
5.79E+08 0.1340 3969.19
5.88E+08 0.1320 3965.66
5.98E+08 0.1299 3962.02
6.10E+08 0.1289 3957.48
6.22E+08 0.1258 3952.96
6.34E+08 0.1239 3948.45
6.46E+08 0.1218 3944.19
6.57E+08 0.1200 3940.19
6.68E+08 0.1180 3936.32
6.81E+08 0.1158 3932.07
6.92E+08 0.1146 3928.23
7.03E+08 0.1138 3924.53
7.12E+08 0.1124 3921.47
7.21E+08 0.1113 3918.53
7.31E+08 0.1116 3915.09
7.40E+08 0.1099 3912.34
7.49E+08 0.1082 3909.5
7.57E+08 0.1082 3906.87
7.65E+08 0.1088 3904.36
7.72E+08 0.1074 3902.11
7.79E+08 0.1071 3900.03
7.86E+08 0.1059 3897.65
7.94E+08 0.1067 3895.32
8.02E+08 0.1067 3892.59
8.10E+08 0.1058 3890.04
8.18E+08 0.1040 3887.59
8.27E+08 0.1054 3884.98
8.37E+08 0.1044 3881.98
8.44E+08 0.1049 3879.64
8.53E+08 0.1045 3876.92
8.62E+08 0.1044 3874.2
8.71E+08 0.1032 3871.53
8.78E+08 0.1026 3869.28
8.87E+08 0.1037 3866.67
8.97E+08 0.1020 3863.63
9.05E+08 0.1017 3861.27
9.13E+08 0.1019 3858.83
9.22E+08 0.1013 3855.88
9.32E+08 0.1012 3853.05
9.41E+08 0.1007 3850.22
9.50E+08 0.1002 3847.61
9.60E+08 0.1002 3844.73
9.70E+08 0.0998 3841.68
9.81E+08 0.1007 3838.7
9.91E+08 0.0986 3835.64
1.00E+09 0.0996 3832.53
1.01E+09 0.0992 3829.58
1.02E+09 0.0977 3826.77
1.03E+09 0.0969 3824.37
1.04E+09 0.0973 3821.46
1.05E+09 0.0969 3818.57
1.06E+09 0.0965 3815.53
1.07E+09 0.0961 3812.88
1.08E+09 0.0951 3809.67
1.09E+09 0.0946 3806.9
1.10E+09 0.0940 3804.02
1.11E+09 0.0942 3801.09
1.12E+09 0.0931 3798.11
1.13E+09 0.0928 3795.62
1.14E+09 0.0922 3792.51
1.16E+09 0.0919 3789.54
1.17E+09 0.0919 3786.34
1.18E+09 0.0917 3783.57
1.19E+09 0.0913 3780.23
1.20E+09 0.0901 3777.48
1.21E+09 0.0901 3774.31
1.22E+09 0.0903 3771.47
1.23E+09 0.0887 3768.31
1.25E+09 0.0890 3765.34
1.26E+09 0.0877 3762.07
1.27E+09 0.0876 3759.44
1.28E+09 0.0875 3756.74
1.29E+09 0.0867 3754.14
1.30E+09 0.0863 3751.45
1.31E+09 0.0864 3748.95
1.32E+09 0.0859 3746.68
1.33E+09 0.0862 3743.69
1.34E+09 0.0856 3740.85
1.35E+09 0.0843 3737.87
1.36E+09 0.0848 3735.19
1.38E+09 0.0844 3732.34
1.39E+09 0.0836 3729.6
1.40E+09 0.0835 3726.97
1.41E+09 0.0827 3724.03
1.42E+09 0.0824 3721.41
1.43E+09 0.0828 3718.66
1.44E+09 0.0818 3715.54
1.46E+09 0.0813 3712.43
1.47E+09 0.0806 3709.48
1.48E+09 0.0803 3706.68
1.49E+09 0.0801 3703.64
1.51E+09 0.0791 3700.64
1.52E+09 0.0789 3697.89
1.53E+09 0.0783 3695.05
1.54E+09 0.0784 3692.2
1.56E+09 0.0777 3689.43
1.57E+09 0.0770 3686.4
1.58E+09 0.0770 3683.15
1.60E+09 0.0764 3680.22
1.61E+09 0.0761 3677.45
1.62E+09 0.0757 3674.53
1.63E+09 0.0757 3671.66
1.65E+09 0.0754 3668.45
1.66E+09 0.0751 3665.6
1.68E+09 0.0748 3662.64
1.69E+09 0.0744 3659.98
1.70E+09 0.0734 3657.08
1.71E+09 0.0727 3654.11
1.73E+09 0.0720 3650.96
1.74E+09 0.0722 3648
1.76E+09 0.0723 3645.31
1.77E+09 0.0710 3642.63
1.78E+09 0.0709 3639.59
1.80E+09 0.0704 3636.93
1.81E+09 0.0702 3634.49
1.82E+09 0.0697 3631.69
1.83E+09 0.0690 3629.13
1.85E+09 0.0686 3626.51
1.86E+09 0.0683 3623.67
1.87E+09 0.0690 3621
1.89E+09 0.0684 3617.96
1.90E+09 0.0681 3615.05
1.92E+09 0.0668 3612.06
1.93E+09 0.0664 3609.27
1.95E+09 0.0661 3606.76
1.96E+09 0.0656 3604.17
1.97E+09 0.0655 3601.54
1.99E+09 0.0657 3598.8
2.00E+09 0.0650 3596.22
2.01E+09 0.0645 3593.55
2.03E+09 0.0641 3591.04
2.04E+09 0.0631 3588.6
2.05E+09 0.0635 3586.53
2.07E+09 0.0635 3583.59
2.08E+09 0.0627 3580.97
2.10E+09 0.0624 3578.3
2.11E+09 0.0621 3575.72
2.12E+09 0.0615 3573.19
2.14E+09 0.0614 3570.9
2.15E+09 0.0611 3568.68
2.16E+09 0.0610 3566.51
2.17E+09 0.0609 3564.11
2.19E+09 0.0597 3561.44
2.21E+09 0.0597 3558.7
2.22E+09 0.0600 3556.07
2.23E+09 0.0593 3553.59
2.25E+09 0.0593 3551.2
2.26E+09 0.0581 3548.51
2.28E+09 0.0586 3545.73
2.30E+09 0.0580 3543.03
2.31E+09 0.0576 3540.44
2.32E+09 0.0576 3538.09
2.34E+09 0.0569 3535.4
2.35E+09 0.0571 3533.1
2.37E+09 0.0559 3530.91
2.38E+09 0.0567 3528.52
2.40E+09 0.0560 3526.23
2.41E+09 0.0556 3523.97
2.42E+09 0.0551 3521.48
2.44E+09 0.0556 3519.17
2.46E+09 0.0550 3516.42
2.47E+09 0.0552 3513.88
2.49E+09 0.0537 3511.17
2.50E+09 0.0541 3508.6
2.52E+09 0.0535 3506.49
2.53E+09 0.0534 3504.09
2.55E+09 0.0532 3501.6
2.57E+09 0.0523 3499.06
2.58E+09 0.0518 3496.72
2.60E+09 0.0516 3494.27
2.61E+09 0.0521 3491.62
2.63E+09 0.0515 3489.04
2.65E+09 0.0511 3486.4
2.66E+09 0.0514 3483.92
2.68E+09 0.0503 3481.07
2.70E+09 0.0502 3478.43
2.72E+09 0.0500 3475.66
2.74E+09 0.0496 3472.88
2.76E+09 0.0490 3470.17
2.78E+09 0.0490 3467.65
2.79E+09 0.0480 3465.09
2.81E+09 0.0484 3462.79
2.83E+09 0.0478 3460.44
2.84E+09 0.0482 3458.28
2.86E+09 0.0476 3455.68
2.88E+09 0.0477 3453.27
2.90E+09 0.0466 3450.66
2.91E+09 0.0467 3448.21
2.93E+09 0.0467 3446.14
2.95E+09 0.0460 3443.78
2.96E+09 0.0461 3441.51
2.98E+09 0.0455 3439.12
3.00E+09 0.0454 3436.82
3.02E+09 0.0450 3434.53
3.03E+09 0.0451 3432.19
3.05E+09 0.0456 3430.49
3.06E+09 0.0443 3428.44
3.08E+09 0.0441 3426.6
3.09E+09 0.0442 3425.01
3.10E+09 0.0434 3423.33
3.11E+09 0.0431 3421.61
3.13E+09 0.0435 3419.84
3.14E+09 0.0428 3417.93
3.16E+09 0.0422 3415.95
3.18E+09 0.0425 3413.98
3.19E+09 0.0427 3411.78
3.21E+09 0.0421 3409.45
3.23E+09 0.0422 3407.36
3.25E+09 0.0416 3404.9
3.27E+09 0.0418 3402.6
3.29E+09 0.0411 3400.05
3.31E+09 0.0414 3397.7
3.33E+09 0.0407 3395.34
3.35E+09 0.0401 3393.04
3.37E+09 0.0399 3390.69
3.38E+09 0.0400 3388.54
3.40E+09 0.0392 3386.59
3.42E+09 0.0394 3384.64
3.43E+09 0.0389 3382.75
3.45E+09 0.0388 3380.45
3.47E+09 0.0383 3378.44
3.49E+09 0.0385 3376.36
3.51E+09 0.0378 3374.04
3.53E+09 0.0379 3372.05
3.55E+09 0.0377 3369.56
3.57E+09 0.0371 3367.11
3.59E+09 0.0374 3364.93
3.62E+09 0.0366 3362.52
3.64E+09 0.0367 3360.39
3.65E+09 0.0364 3358.3
3.68E+09 0.0362 3355.98
3.70E+09 0.0361 3353.84
3.72E+09 0.0353 3351.43
3.74E+09 0.0353 3349.32
3.76E+09 0.0346 3347.34
3.78E+09 0.0348 3345.4
3.80E+09 0.0344 3343.42
3.82E+09 0.0346 3341.3
3.84E+09 0.0338 3339.39
3.86E+09 0.0341 3337.15
3.88E+09 0.0338 3335.16
3.90E+09 0.0334 3333.37
3.92E+09 0.0332 3331.51
3.94E+09 0.0330 3329.34
3.96E+09 0.0326 3326.81
3.99E+09 0.0327 3324.42
4.01E+09 0.0322 3322.27
4.04E+09 0.0319 3319.83
4.06E+09 0.0316 3317.52
4.09E+09 0.0315 3315.34
4.10E+09 0.0311 3313.67
4.12E+09 0.0314 3311.77
4.15E+09 0.0310 3309.48
4.17E+09 0.0305 3307.42
4.20E+09 0.0306 3305.31
4.22E+09 0.0301 3303.04
4.24E+09 0.0297 3301.05
4.27E+09 0.0299 3298.75
4.29E+09 0.0295 3296.65
4.32E+09 0.0290 3294.32
4.35E+09 0.0285 3292.15
4.37E+09 0.0287 3290.31
4.39E+09 0.0285 3288.48
4.41E+09 0.0278 3286.65
4.44E+09 0.0279 3284.68
4.46E+09 0.0278 3282.66
4.48E+09 0.0274 3280.8
4.51E+09 0.0271 3279.04
4.53E+09 0.0276 3277.08
4.56E+09 0.0267 3274.87
4.58E+09 0.0267 3272.95
4.61E+09 0.0267 3270.71
4.64E+09 0.0267 3268.62
4.67E+09 0.0259 3266.29
4.70E+09 0.0263 3264.23
4.73E+09 0.0256 3261.81
4.75E+09 0.0253 3259.76
4.78E+09 0.0256 3257.75
4.81E+09 0.0253 3255.38
4.84E+09 0.0243 3253.19
4.87E+09 0.0244 3251.28
4.90E+09 0.0246 3249.27
4.93E+09 0.0244 3247.26
4.96E+09 0.0242 3245.11
4.99E+09 0.0238 3243.02
