0.00E+00 -0.1253 2983.59
1.01E+08 0.0720 2972.01
1.76E+08 0.0632 2954.96
2.68E+08 0.0666 2936.81
3.74E+08 0.0526 2916.01
4.41E+08 0.0449 2905.32
4.79E+08 0.0409 2900.01
5.27E+08 0.0354 2893.96
5.69E+08 0.0339 2889.04
6.08E+08 0.0301 2884.95
6.45E+08 0.0261 2881.48
6.80E+08 0.0253 2878.43
7.15E+08 0.0224 2875.68
7.51E+08 0.0210 2873.05
7.90E+08 0.0183 2870.5
8.30E+08 0.0166 2868.14
8.75E+08 0.0149 2865.8
9.30E+08 0.0118 2863.39
9.88E+08 0.0092 2861.35
1.05E+09 0.0069 2859.79
1.11E+09 0.0048 2858.55
1.18E+09 0.0028 2857.67
1.26E+09 0.0014 2857.13
1.34E+09 0.0004 2856.9
1.41E+09 -0.0004 2856.91
1.49E+09 -0.0008 2857.06
1.57E+09 -0.0012 2857.33
1.65E+09 -0.0015 2857.7
1.73E+09 -0.0017 2858.14
1.81E+09 -0.0019 2858.6
1.89E+09 -0.0021 2859.14
1.96E+09 -0.0022 2859.68
2.04E+09 -0.0023 2860.27
2.12E+09 -0.0023 2860.87
2.20E+09 -0.0024 2861.49
2.27E+09 -0.0024 2862.09
2.35E+09 -0.0024 2862.7
2.43E+09 -0.0024 2863.33
2.51E+09 -0.0024 2863.95
2.58E+09 -0.0024 2864.53
2.65E+09 -0.0024 2865.1
2.72E+09 -0.0023 2865.66
2.80E+09 -0.0023 2866.21
2.87E+09 -0.0022 2866.77
2.94E+09 -0.0022 2867.3
3.02E+09 -0.0021 2867.83
3.09E+09 -0.0020 2868.34
3.17E+09 -0.0020 2868.84
3.24E+09 -0.0019 2869.29
3.31E+09 -0.0018 2869.75
3.39E+09 -0.0017 2870.19
3.46E+09 -0.0016 2870.6
3.53E+09 -0.0015 2870.98
3.61E+09 -0.0015 2871.35
3.68E+09 -0.0014 2871.7
3.76E+09 -0.0013 2872.02
3.83E+09 -0.0012 2872.3
3.90E+09 -0.0011 2872.58
3.97E+09 -0.0009 2872.81
4.05E+09 -0.0008 2873.03
4.12E+09 -0.0007 2873.21
4.19E+09 -0.0006 2873.38
4.27E+09 -0.0005 2873.51
4.34E+09 -0.0004 2873.62
4.41E+09 -0.0002 2873.69
4.49E+09 -0.0001 2873.73
4.56E+09 0.0001 2873.73
4.63E+09 0.0002 2873.71
4.70E+09 0.0004 2873.64
4.77E+09 0.0005 2873.54
4.85E+09 0.0006 2873.39
4.92E+09 0.0008 2873.21
5.00E+09 0.0011 2872.98
