0.00E+00 -0.5013 4830.42
8.13E+07 0.2472 4801.31
1.24E+08 0.2288 4772.59
1.76E+08 0.2268 4739.04
2.23E+08 0.2334 4709.51
2.84E+08 0.2264 4669.97
3.11E+08 0.2204 4652.62
3.25E+08 0.2187 4643.82
3.34E+08 0.2176 4638.25
3.49E+08 0.2152 4629.5
3.59E+08 0.2109 4623.28
3.69E+08 0.2042 4617.83
3.74E+08 0.1975 4614.59
3.84E+08 0.2001 4609.13
3.94E+08 0.2043 4603.61
4.00E+08 0.2012 4599.98
4.09E+08 0.2026 4595
4.20E+08 0.2050 4588.71
4.27E+08 0.2024 4584.72
4.38E+08 0.2098 4578.42
4.47E+08 0.2097 4572.88
4.58E+08 0.2071 4566.44
4.66E+08 0.2006 4561.8
4.76E+08 0.1964 4556.56
4.81E+08 0.1920 4553.95
4.86E+08 0.1808 4550.97
4.91E+08 0.1757 4548.59
4.98E+08 0.1748 4544.99
5.06E+08 0.1832 4541.23
5.15E+08 0.1798 4536.82
5.22E+08 0.1829 4532.81
5.30E+08 0.1872 4528.65
5.40E+08 0.1852 4523.89
5.46E+08 0.1814 4520.75
5.50E+08 0.1770 4518.56
5.60E+08 0.1754 4513.63
5.68E+08 0.1854 4509.41
5.80E+08 0.1924 4503.21
5.91E+08 0.1839 4497.19
5.97E+08 0.1803 4494.58
6.03E+08 0.1733 4491.4
6.09E+08 0.1703 4488.31
6.15E+08 0.1651 4485.53
6.22E+08 0.1578 4482.39
6.30E+08 0.1530 4479.06
6.37E+08 0.1577 4475.86
6.45E+08 0.1592 4472.62
6.55E+08 0.1773 4467.79
6.68E+08 0.1804 4461.26
6.80E+08 0.1714 4455.04
6.88E+08 0.1665 4451.37
6.95E+08 0.1612 4448.27
7.02E+08 0.1517 4444.95
7.13E+08 0.1474 4440.45
7.21E+08 0.1468 4437.36
7.32E+08 0.1547 4432.72
7.46E+08 0.1640 4426.02
7.60E+08 0.1639 4419.95
7.74E+08 0.1558 4413.32
7.82E+08 0.1550 4409.86
7.91E+08 0.1447 4406.22
8.02E+08 0.1447 4401.94
8.12E+08 0.1453 4397.97
8.20E+08 0.1420 4394.71
8.26E+08 0.1343 4392.07
8.34E+08 0.1384 4389.23
8.41E+08 0.1333 4386.6
8.47E+08 0.1370 4384.04
8.55E+08 0.1366 4381.16
8.60E+08 0.1346 4379.13
8.71E+08 0.1426 4375.02
8.82E+08 0.1360 4370.79
8.89E+08 0.1345 4367.98
8.97E+08 0.1337 4364.96
9.05E+08 0.1314 4362
9.13E+08 0.1333 4359.24
9.22E+08 0.1356 4355.89
9.32E+08 0.1369 4351.81
9.43E+08 0.1343 4347.73
9.51E+08 0.1316 4344.74
9.59E+08 0.1267 4341.74
9.69E+08 0.1347 4338.21
9.81E+08 0.1292 4333.85
9.93E+08 0.1302 4329.48
1.00E+09 0.1334 4326.74
1.01E+09 0.1285 4323.66
1.02E+09 0.1230 4321.01
1.02E+09 0.1250 4318.46
1.03E+09 0.1241 4315.35
1.04E+09 0.1282 4312.16
1.05E+09 0.1266 4308.93
1.06E+09 0.1237 4305.21
1.07E+09 0.1232 4302
1.08E+09 0.1204 4298.83
1.09E+09 0.1289 4295.74
1.10E+09 0.1247 4292.7
1.11E+09 0.1150 4290.03
1.11E+09 0.1182 4287.64
1.12E+09 0.1252 4284.45
1.13E+09 0.1193 4281.39
1.14E+09 0.1214 4278.02
1.15E+09 0.1212 4274.84
1.16E+09 0.1258 4270.74
1.17E+09 0.1197 4266.42
1.19E+09 0.1142 4262.99
1.19E+09 0.1170 4260.08
1.20E+09 0.1142 4257.62
1.21E+09 0.1075 4254.97
1.22E+09 0.1094 4252.34
1.23E+09 0.1169 4248.98
1.24E+09 0.1115 4245.45
1.25E+09 0.1115 4242.2
1.26E+09 0.1112 4238.92
1.27E+09 0.1086 4236.32
1.28E+09 0.1147 4233.21
1.29E+09 0.1111 4230.56
1.30E+09 0.1162 4226.59
1.31E+09 0.1113 4222.46
1.32E+09 0.1067 4219.3
1.33E+09 0.1084 4216.14
1.34E+09 0.1081 4213.46
1.35E+09 0.1078 4210.45
1.36E+09 0.1036 4208.13
1.37E+09 0.1005 4205.58
1.38E+09 0.1034 4203.85
1.39E+09 0.1045 4200.78
1.40E+09 0.1083 4197.21
1.41E+09 0.1037 4194.01
1.42E+09 0.0994 4191.42
1.43E+09 0.0986 4188.9
1.44E+09 0.1042 4185.82
1.45E+09 0.0976 4183.1
1.46E+09 0.1031 4180.54
1.47E+09 0.1021 4177.23
1.48E+09 0.1041 4173.21
1.49E+09 0.0999 4170.74
1.50E+09 0.0986 4167.91
1.51E+09 0.0964 4165.63
1.52E+09 0.0994 4162.9
1.53E+09 0.1015 4160.29
1.54E+09 0.1026 4157.21
1.55E+09 0.1003 4155.12
1.56E+09 0.0919 4152.23
1.57E+09 0.0931 4149.9
1.58E+09 0.1004 4146.61
1.59E+09 0.0963 4143.34
1.60E+09 0.0944 4139.97
1.62E+09 0.1000 4136.21
1.63E+09 0.0971 4132.38
1.64E+09 0.0969 4128.88
1.65E+09 0.0907 4126.17
1.67E+09 0.0921 4123.17
1.68E+09 0.0903 4120.15
1.69E+09 0.0854 4117.85
1.70E+09 0.0902 4115.27
1.71E+09 0.0898 4112.85
1.72E+09 0.0838 4109.99
1.73E+09 0.0887 4107.04
1.74E+09 0.0914 4103.55
1.76E+09 0.0856 4100.04
1.77E+09 0.0850 4097.38
1.78E+09 0.0819 4094.86
1.79E+09 0.0850 4092.33
1.81E+09 0.0886 4088.95
1.82E+09 0.0872 4086.47
1.83E+09 0.0841 4083.76
1.84E+09 0.0803 4081.55
1.85E+09 0.0806 4079.26
1.86E+09 0.0868 4076.28
1.87E+09 0.0876 4073.47
1.88E+09 0.0820 4070.58
1.90E+09 0.0812 4067.54
1.91E+09 0.0834 4065.16
1.92E+09 0.0758 4062.07
1.93E+09 0.0741 4060.24
1.94E+09 0.0761 4058.43
1.95E+09 0.0825 4055.76
1.96E+09 0.0817 4053.29
1.97E+09 0.0810 4050.47
1.99E+09 0.0794 4047.7
2.00E+09 0.0785 4045.24
2.01E+09 0.0737 4042.74
2.02E+09 0.0734 4040.77
2.03E+09 0.0767 4038.34
2.04E+09 0.0757 4035.99
2.05E+09 0.0765 4033.37
2.07E+09 0.0735 4030.7
2.08E+09 0.0707 4028.37
2.09E+09 0.0699 4026.13
2.10E+09 0.0787 4023.84
2.11E+09 0.0786 4020.82
2.13E+09 0.0780 4017.26
2.15E+09 0.0766 4013.97
2.16E+09 0.0734 4010.44
2.18E+09 0.0722 4007.75
2.19E+09 0.0704 4005.52
2.20E+09 0.0725 4003.21
2.21E+09 0.0685 4000.76
2.22E+09 0.0658 3998.69
2.23E+09 0.0650 3996.98
2.24E+09 0.0679 3994.82
2.25E+09 0.0717 3993.04
2.26E+09 0.0653 3990.88
2.27E+09 0.0678 3988.86
2.28E+09 0.0649 3987.33
2.29E+09 0.0633 3985.3
2.30E+09 0.0649 3983.15
2.32E+09 0.0674 3981.11
2.33E+09 0.0655 3979.16
2.34E+09 0.0656 3976.33
2.35E+09 0.0675 3974.82
2.36E+09 0.0667 3972.65
2.37E+09 0.0665 3970.8
2.38E+09 0.0627 3968.6
2.39E+09 0.0632 3966.62
2.41E+09 0.0649 3964.4
2.42E+09 0.0642 3962.28
2.43E+09 0.0597 3959.55
2.45E+09 0.0640 3957.43
2.46E+09 0.0671 3954.76
2.47E+09 0.0653 3952.6
2.48E+09 0.0613 3950.6
2.50E+09 0.0574 3948.75
2.51E+09 0.0600 3947.03
2.52E+09 0.0613 3945.3
2.53E+09 0.0580 3943.17
2.54E+09 0.0612 3940.94
2.56E+09 0.0601 3938.71
2.57E+09 0.0590 3936.53
2.58E+09 0.0605 3933.92
2.59E+09 0.0600 3932.48
2.61E+09 0.0576 3930.21
2.62E+09 0.0573 3928.18
2.63E+09 0.0562 3926.24
2.64E+09 0.0572 3924.26
2.66E+09 0.0557 3922.44
2.67E+09 0.0581 3920.05
2.68E+09 0.0568 3918.19
2.69E+09 0.0566 3916.29
2.71E+09 0.0583 3913.88
2.72E+09 0.0540 3911.52
2.74E+09 0.0541 3909.32
2.75E+09 0.0554 3907.11
2.77E+09 0.0575 3904.73
2.78E+09 0.0529 3902.48
2.80E+09 0.0521 3900.16
2.81E+09 0.0538 3897.8
2.83E+09 0.0572 3895.34
2.85E+09 0.0533 3892.41
2.86E+09 0.0526 3890.2
2.88E+09 0.0520 3888.21
2.89E+09 0.0512 3885.94
2.91E+09 0.0547 3883.45
2.92E+09 0.0551 3881.15
2.94E+09 0.0525 3878.09
2.97E+09 0.0513 3875.09
2.99E+09 0.0545 3872.1
3.00E+09 0.0513 3869.21
3.02E+09 0.0503 3866.61
3.04E+09 0.0485 3864.52
3.05E+09 0.0481 3862.6
3.07E+09 0.0460 3860.71
3.08E+09 0.0484 3859.41
3.09E+09 0.0466 3857.51
3.10E+09 0.0480 3855.79
3.12E+09 0.0478 3853.83
3.13E+09 0.0474 3852.21
3.14E+09 0.0439 3850.37
3.16E+09 0.0432 3848.68
3.17E+09 0.0454 3847.56
3.18E+09 0.0433 3846.05
3.19E+09 0.0447 3844.45
3.21E+09 0.0468 3842.89
3.22E+09 0.0463 3840.99
3.23E+09 0.0459 3839.51
3.25E+09 0.0449 3837.52
3.26E+09 0.0434 3835.78
3.27E+09 0.0426 3834.23
3.29E+09 0.0444 3832.06
3.30E+09 0.0452 3830.46
3.32E+09 0.0433 3828.79
3.34E+09 0.0440 3826.71
3.35E+09 0.0428 3824.7
3.37E+09 0.0418 3823.04
3.38E+09 0.0443 3820.97
3.40E+09 0.0423 3818.99
3.42E+09 0.0418 3816.87
3.43E+09 0.0410 3814.91
3.45E+09 0.0414 3812.98
3.47E+09 0.0441 3810.81
3.49E+09 0.0437 3808.65
3.51E+09 0.0411 3806.31
3.52E+09 0.0405 3804.37
3.54E+09 0.0402 3802.35
3.56E+09 0.0414 3800.73
3.58E+09 0.0425 3798.24
3.60E+09 0.0450 3795.05
3.63E+09 0.0419 3791.72
3.65E+09 0.0417 3789.3
3.67E+09 0.0400 3786.93
3.69E+09 0.0378 3784.84
3.71E+09 0.0386 3782.76
3.73E+09 0.0392 3780.89
3.74E+09 0.0398 3779.08
3.76E+09 0.0383 3777.13
3.78E+09 0.0382 3774.91
3.81E+09 0.0385 3772.34
3.83E+09 0.0398 3770.06
3.85E+09 0.0394 3767.23
3.88E+09 0.0368 3764.71
3.90E+09 0.0376 3762.06
3.93E+09 0.0366 3759.59
3.95E+09 0.0345 3757.19
3.97E+09 0.0341 3755.18
3.99E+09 0.0340 3753.43
4.01E+09 0.0327 3751.48
4.03E+09 0.0319 3749.99
4.04E+09 0.0321 3748.84
4.06E+09 0.0317 3747.2
4.07E+09 0.0323 3746.13
4.09E+09 0.0305 3744.65
4.10E+09 0.0334 3743.55
4.12E+09 0.0320 3741.98
4.13E+09 0.0339 3740.88
4.15E+09 0.0307 3739.23
4.16E+09 0.0309 3737.69
4.18E+09 0.0317 3736.34
4.20E+09 0.0289 3734.79
4.22E+09 0.0296 3733.3
4.24E+09 0.0321 3731.68
4.25E+09 0.0323 3730.45
4.27E+09 0.0298 3728.74
4.29E+09 0.0309 3727.27
4.30E+09 0.0335 3725.88
4.32E+09 0.0323 3724.57
4.34E+09 0.0304 3722.27
4.36E+09 0.0318 3720.91
4.38E+09 0.0313 3718.62
4.41E+09 0.0310 3716.83
4.42E+09 0.0299 3715.21
4.44E+09 0.0275 3713.75
4.46E+09 0.0286 3712.12
4.49E+09 0.0307 3710.3
4.51E+09 0.0310 3708.12
4.53E+09 0.0308 3706.8
4.55E+09 0.0298 3704.48
4.58E+09 0.0296 3702.6
4.60E+09 0.0283 3700.53
4.62E+09 0.0277 3699.02
4.64E+09 0.0269 3697.76
4.65E+09 0.0255 3696.52
4.68E+09 0.0258 3694.86
4.69E+09 0.0280 3693.69
4.72E+09 0.0287 3691.83
4.74E+09 0.0292 3690.23
4.75E+09 0.0280 3688.89
4.77E+09 0.0267 3687.46
4.79E+09 0.0250 3685.95
4.81E+09 0.0256 3684.6
4.83E+09 0.0239 3683.2
4.85E+09 0.0245 3681.84
4.88E+09 0.0285 3680.01
4.90E+09 0.0285 3678.09
4.93E+09 0.0262 3675.96
4.95E+09 0.0252 3674.1
4.98E+09 0.0237 3672.29
