0.00E+00 -0.5154 5067.73
3.94E+08 0.0855 4796.02
5.36E+08 0.0824 4707.57
6.62E+08 0.0724 4636.65
7.32E+08 0.0703 4600.57
7.58E+08 0.0918 4586.17
8.73E+08 0.0873 4511.68
9.83E+08 0.0955 4432.85
1.13E+09 0.0711 4345.83
1.26E+09 0.0623 4282.75
1.38E+09 0.0560 4231.85
1.51E+09 0.0784 4172.91
1.60E+09 0.0618 4129.59
1.70E+09 0.0572 4087.12
1.79E+09 0.0529 4050.47
1.87E+09 0.0485 4020.9
1.95E+09 0.0433 3994.28
2.02E+09 0.0415 3972.27
2.10E+09 0.0316 3952.77
2.18E+09 0.0306 3933.6
2.26E+09 0.0375 3915.17
2.33E+09 0.0345 3897.44
2.39E+09 0.0320 3881.77
2.45E+09 0.0289 3869.37
2.50E+09 0.0272 3858.27
2.55E+09 0.0244 3849.55
2.60E+09 0.0207 3840.42
2.66E+09 0.0210 3832.67
2.71E+09 0.0260 3822.57
2.77E+09 0.0227 3812.72
2.82E+09 0.0224 3803.69
2.88E+09 0.0179 3795.62
2.95E+09 0.0191 3786.78
3.01E+09 0.0212 3777.52
3.08E+09 0.0184 3767.18
3.14E+09 0.0189 3759.05
3.21E+09 0.0145 3750.93
3.29E+09 0.0129 3743.5
3.37E+09 0.0126 3736.09
3.43E+09 0.0163 3729.75
3.50E+09 0.0125 3722.73
3.57E+09 0.0108 3716.3
3.65E+09 0.0107 3710.26
3.73E+09 0.0102 3704.4
3.80E+09 0.0098 3698.8
3.89E+09 0.0111 3692.36
3.98E+09 0.0122 3684.15
4.07E+09 0.0113 3676.8
4.16E+09 0.0108 3669.43
4.23E+09 0.0098 3663.61
4.33E+09 0.0080 3657.56
4.42E+09 0.0074 3652.34
4.52E+09 0.0085 3647.04
4.62E+09 0.0092 3640.26
4.72E+09 0.0082 3633.98
4.82E+09 0.0072 3628.09
4.93E+09 0.0071 3622.64
