0.00E+00 -0.3613 4240.77
4.25E+07 0.2113 4225.75
5.51E+07 0.2478 4216.53
6.93E+07 0.2632 4204.91
8.72E+07 0.2489 4190.17
1.25E+08 0.2129 4162.73
1.57E+08 0.2431 4139.03
2.00E+08 0.2395 4105.77
2.36E+08 0.2274 4078.95
2.60E+08 0.2173 4061.94
2.76E+08 0.2105 4051.32
2.89E+08 0.2071 4042.7
3.03E+08 0.2000 4033.48
3.18E+08 0.1987 4024.41
3.28E+08 0.1937 4017.72
3.41E+08 0.1896 4010.07
3.55E+08 0.1876 4001.72
3.69E+08 0.1799 3993.76
3.82E+08 0.1776 3986.4
3.95E+08 0.1747 3978.78
4.08E+08 0.1717 3971.53
4.22E+08 0.1681 3964.32
4.34E+08 0.1638 3958.11
4.45E+08 0.1617 3951.98
4.57E+08 0.1559 3946.22
4.68E+08 0.1532 3940.61
4.79E+08 0.1512 3935.3
4.91E+08 0.1473 3929.89
5.02E+08 0.1440 3924.69
5.13E+08 0.1423 3919.67
5.23E+08 0.1395 3915.06
5.33E+08 0.1364 3910.98
5.45E+08 0.1333 3905.73
5.57E+08 0.1314 3900.74
5.68E+08 0.1289 3895.95
5.80E+08 0.1256 3891.25
5.93E+08 0.1227 3886.06
6.04E+08 0.1205 3881.79
6.17E+08 0.1157 3876.86
6.29E+08 0.1144 3872.67
6.39E+08 0.1129 3869.11
6.50E+08 0.1097 3865.18
6.60E+08 0.1075 3861.69
6.73E+08 0.1041 3857.22
6.86E+08 0.1022 3852.94
7.01E+08 0.1000 3848.26
7.15E+08 0.0969 3843.76
7.30E+08 0.0944 3839.48
7.44E+08 0.0923 3835.08
7.61E+08 0.0899 3830.37
7.76E+08 0.0869 3826.06
7.91E+08 0.0840 3822.06
8.03E+08 0.0829 3818.92
8.15E+08 0.0809 3815.7
8.28E+08 0.0797 3812.47
8.39E+08 0.0785 3809.71
8.48E+08 0.0771 3807.39
8.57E+08 0.0770 3805.28
8.66E+08 0.0752 3803
8.77E+08 0.0766 3800.43
8.90E+08 0.0744 3797.38
9.00E+08 0.0743 3794.9
9.10E+08 0.0730 3792.58
9.19E+08 0.0740 3790.57
9.28E+08 0.0731 3788.38
9.38E+08 0.0732 3785.97
9.52E+08 0.0726 3782.86
9.65E+08 0.0720 3779.88
9.77E+08 0.0709 3777.23
9.89E+08 0.0701 3774.54
1.00E+09 0.0703 3772.06
1.01E+09 0.0705 3769.77
1.02E+09 0.0696 3767.23
1.03E+09 0.0699 3764.7
1.04E+09 0.0686 3762.14
1.05E+09 0.0683 3760.1
1.06E+09 0.0688 3758.02
1.07E+09 0.0696 3755.65
1.08E+09 0.0684 3753.46
1.09E+09 0.0673 3751.35
1.11E+09 0.0681 3749
1.12E+09 0.0674 3746.05
1.13E+09 0.0674 3743.53
1.14E+09 0.0666 3740.94
1.16E+09 0.0662 3737.96
1.17E+09 0.0669 3735.23
1.18E+09 0.0653 3732.61
1.20E+09 0.0650 3730.07
1.21E+09 0.0645 3727.62
1.22E+09 0.0648 3724.85
1.24E+09 0.0637 3721.63
1.25E+09 0.0637 3718.58
1.26E+09 0.0623 3716.27
1.28E+09 0.0621 3713.85
1.29E+09 0.0622 3711.03
1.30E+09 0.0615 3708.5
1.32E+09 0.0605 3706.02
1.33E+09 0.0599 3703.67
1.34E+09 0.0607 3700.98
1.36E+09 0.0597 3698.21
1.37E+09 0.0604 3695.27
1.39E+09 0.0589 3692.22
1.40E+09 0.0584 3689.82
1.42E+09 0.0586 3687.09
1.43E+09 0.0576 3684.55
1.44E+09 0.0573 3682.32
1.46E+09 0.0566 3679.39
1.47E+09 0.0566 3676.53
1.49E+09 0.0553 3673.83
1.50E+09 0.0555 3671.26
1.52E+09 0.0559 3668.44
1.54E+09 0.0552 3665.49
1.55E+09 0.0549 3662.52
1.57E+09 0.0540 3659.59
1.59E+09 0.0538 3656.43
1.61E+09 0.0535 3653.49
1.62E+09 0.0520 3650.66
1.64E+09 0.0522 3647.86
1.66E+09 0.0519 3644.78
1.68E+09 0.0507 3641.75
1.69E+09 0.0507 3638.82
1.71E+09 0.0499 3636.02
1.73E+09 0.0498 3633.11
1.75E+09 0.0489 3630.23
1.77E+09 0.0483 3627.42
1.79E+09 0.0481 3624.52
1.80E+09 0.0484 3621.9
1.82E+09 0.0478 3618.79
1.84E+09 0.0467 3615.98
1.86E+09 0.0461 3613.13
1.88E+09 0.0466 3610.42
1.90E+09 0.0458 3607.72
1.92E+09 0.0450 3604.94
1.94E+09 0.0449 3602.17
1.96E+09 0.0441 3599.49
1.97E+09 0.0440 3596.9
1.99E+09 0.0436 3594.14
2.01E+09 0.0432 3591.33
2.03E+09 0.0428 3588.79
2.05E+09 0.0428 3585.89
2.08E+09 0.0426 3582.94
2.10E+09 0.0424 3580.24
2.12E+09 0.0414 3577.4
2.14E+09 0.0410 3574.67
2.16E+09 0.0401 3572.08
2.18E+09 0.0405 3569.27
2.20E+09 0.0399 3566.52
2.22E+09 0.0399 3563.78
2.24E+09 0.0387 3561.22
2.27E+09 0.0381 3558.45
2.29E+09 0.0383 3555.79
2.31E+09 0.0377 3553.2
2.33E+09 0.0378 3550.54
2.36E+09 0.0373 3547.65
2.38E+09 0.0368 3544.74
2.41E+09 0.0363 3542
2.43E+09 0.0357 3539.14
2.46E+09 0.0353 3536.3
2.48E+09 0.0360 3533.69
2.50E+09 0.0352 3531.1
2.53E+09 0.0339 3528.37
2.55E+09 0.0340 3525.67
2.58E+09 0.0342 3522.89
2.60E+09 0.0336 3520.06
2.63E+09 0.0333 3517.62
2.65E+09 0.0324 3515.01
2.68E+09 0.0329 3512.39
2.70E+09 0.0322 3509.54
2.73E+09 0.0315 3507
2.75E+09 0.0323 3504.5
2.78E+09 0.0316 3502.04
2.81E+09 0.0303 3499.22
2.83E+09 0.0307 3496.77
2.86E+09 0.0296 3494.19
2.89E+09 0.0300 3491.54
2.91E+09 0.0290 3489.03
2.94E+09 0.0293 3486.53
2.97E+09 0.0291 3483.84
3.00E+09 0.0282 3481.22
3.02E+09 0.0282 3478.87
3.05E+09 0.0284 3476.5
3.08E+09 0.0276 3474.02
3.10E+09 0.0277 3471.69
3.13E+09 0.0270 3469.1
3.17E+09 0.0268 3466.46
3.20E+09 0.0265 3463.86
3.23E+09 0.0267 3461.5
3.26E+09 0.0261 3458.93
3.29E+09 0.0254 3456.37
3.32E+09 0.0252 3453.88
3.35E+09 0.0249 3451.49
3.38E+09 0.0246 3448.9
3.41E+09 0.0247 3446.71
3.44E+09 0.0245 3444.47
3.47E+09 0.0239 3442.24
3.50E+09 0.0238 3439.95
3.53E+09 0.0240 3437.55
3.56E+09 0.0231 3435.12
3.59E+09 0.0230 3432.86
3.62E+09 0.0229 3430.59
3.66E+09 0.0224 3428.1
3.69E+09 0.0227 3425.88
3.73E+09 0.0224 3423.37
3.76E+09 0.0222 3420.91
3.79E+09 0.0214 3418.6
3.83E+09 0.0212 3416.14
3.86E+09 0.0212 3413.87
3.90E+09 0.0208 3411.73
3.93E+09 0.0210 3409.3
3.97E+09 0.0209 3406.78
4.01E+09 0.0203 3404.44
4.04E+09 0.0201 3402.19
4.08E+09 0.0200 3399.87
4.12E+09 0.0196 3397.38
4.16E+09 0.0189 3394.98
4.20E+09 0.0191 3392.78
4.23E+09 0.0186 3390.47
4.27E+09 0.0184 3388.07
4.31E+09 0.0181 3385.95
4.35E+09 0.0184 3383.63
4.39E+09 0.0182 3381.44
4.43E+09 0.0176 3379.35
4.47E+09 0.0174 3377.11
4.51E+09 0.0174 3374.86
4.55E+09 0.0171 3372.42
4.59E+09 0.0169 3370.27
4.63E+09 0.0169 3368.2
4.67E+09 0.0169 3365.95
4.71E+09 0.0167 3363.77
4.76E+09 0.0163 3361.57
4.80E+09 0.0162 3359.24
4.84E+09 0.0163 3357
4.89E+09 0.0162 3354.66
4.93E+09 0.0160 3352.5
4.97E+09 0.0162 3350.4
