0.00E+00 -0.2591 3787.72
6.01E+07 0.1477 3769.02
7.96E+07 0.1540 3756.11
1.25E+08 0.1543 3726.65
1.85E+08 0.1488 3688.88
2.61E+08 0.1514 3640.77
3.39E+08 0.1377 3592.95
3.85E+08 0.1238 3567.59
4.17E+08 0.1153 3552.03
4.47E+08 0.1134 3537.42
4.75E+08 0.1083 3524.21
5.04E+08 0.1030 3511.53
5.27E+08 0.0947 3501.71
5.49E+08 0.0936 3492.94
5.74E+08 0.0901 3483.46
5.97E+08 0.0868 3474.91
6.18E+08 0.0821 3467.64
6.40E+08 0.0814 3460
6.65E+08 0.0766 3451.61
6.89E+08 0.0732 3443.99
7.12E+08 0.0704 3437.18
7.38E+08 0.0668 3429.57
7.62E+08 0.0643 3422.99
7.87E+08 0.0609 3416.45
8.08E+08 0.0589 3411.3
8.33E+08 0.0552 3405.45
8.54E+08 0.0526 3400.66
8.75E+08 0.0501 3396.2
8.97E+08 0.0471 3391.68
9.26E+08 0.0448 3386.1
9.56E+08 0.0415 3380.56
9.82E+08 0.0393 3376.34
1.01E+09 0.0357 3371.2
1.05E+09 0.0333 3365.68
1.09E+09 0.0296 3361.37
1.12E+09 0.0271 3356.97
1.17E+09 0.0238 3352.28
1.21E+09 0.0211 3347.83
1.26E+09 0.0187 3343.77
1.32E+09 0.0158 3339.79
1.37E+09 0.0139 3336.7
1.42E+09 0.0121 3334.14
1.46E+09 0.0115 3332.03
1.50E+09 0.0107 3330.03
1.54E+09 0.0107 3328.11
1.58E+09 0.0109 3326.47
1.62E+09 0.0104 3324.73
1.66E+09 0.0105 3323
1.69E+09 0.0102 3321.35
1.73E+09 0.0101 3319.63
1.77E+09 0.0098 3318
1.81E+09 0.0100 3316.42
1.85E+09 0.0100 3314.75
1.89E+09 0.0103 3313.13
1.92E+09 0.0103 3311.57
1.96E+09 0.0105 3309.92
2.00E+09 0.0107 3308.27
2.04E+09 0.0103 3306.53
2.08E+09 0.0109 3304.8
2.12E+09 0.0105 3303.08
2.16E+09 0.0105 3301.26
2.20E+09 0.0103 3299.51
2.24E+09 0.0107 3297.87
2.28E+09 0.0102 3296.11
2.32E+09 0.0106 3294.29
2.36E+09 0.0103 3292.44
2.40E+09 0.0103 3290.63
2.45E+09 0.0103 3288.75
2.49E+09 0.0099 3286.73
2.54E+09 0.0100 3284.98
2.58E+09 0.0103 3283.24
2.62E+09 0.0100 3281.35
2.66E+09 0.0097 3279.55
2.71E+09 0.0097 3277.75
2.75E+09 0.0100 3275.88
2.80E+09 0.0097 3274.02
2.85E+09 0.0091 3272.12
2.90E+09 0.0094 3270.17
2.95E+09 0.0092 3268.26
3.00E+09 0.0091 3266.4
3.05E+09 0.0089 3264.44
3.10E+09 0.0086 3262.54
3.15E+09 0.0089 3260.81
3.20E+09 0.0091 3258.91
3.25E+09 0.0088 3257.02
3.30E+09 0.0085 3255.16
3.35E+09 0.0084 3253.29
3.40E+09 0.0086 3251.38
3.46E+09 0.0084 3249.51
3.52E+09 0.0079 3247.54
3.57E+09 0.0080 3245.62
3.63E+09 0.0081 3243.7
3.69E+09 0.0080 3241.74
3.75E+09 0.0075 3239.85
3.80E+09 0.0076 3238.01
3.86E+09 0.0073 3236.21
3.92E+09 0.0076 3234.3
3.98E+09 0.0074 3232.45
4.04E+09 0.0074 3230.59
4.10E+09 0.0076 3228.7
4.16E+09 0.0074 3226.86
4.22E+09 0.0073 3224.97
4.28E+09 0.0071 3223.18
4.34E+09 0.0070 3221.4
4.40E+09 0.0074 3219.59
4.46E+09 0.0075 3217.69
4.52E+09 0.0072 3215.9
4.58E+09 0.0073 3214.01
4.63E+09 0.0073 3212.26
4.69E+09 0.0076 3210.45
4.75E+09 0.0077 3208.7
4.80E+09 0.0079 3206.84
4.86E+09 0.0077 3205.03
4.92E+09 0.0080 3202.98
4.98E+09 0.0078 3200.94
