0.00E+00 -0.3033 3980.67
5.67E+07 0.1778 3958.66
7.72E+07 0.2028 3942.52
1.20E+08 0.1897 3908.48
1.78E+08 0.1730 3867.25
2.43E+08 0.1831 3819.21
3.08E+08 0.1706 3772.53
3.45E+08 0.1576 3748.17
3.73E+08 0.1519 3731.49
3.94E+08 0.1427 3718.47
4.20E+08 0.1366 3704.18
4.50E+08 0.1323 3687.79
4.73E+08 0.1236 3675.56
4.95E+08 0.1231 3664.83
5.15E+08 0.1176 3654.85
5.38E+08 0.1131 3644.22
5.55E+08 0.1062 3636.77
5.74E+08 0.1047 3628.3
5.93E+08 0.1041 3620.44
6.09E+08 0.0985 3613.83
6.27E+08 0.0964 3606.63
6.47E+08 0.0938 3599.04
6.63E+08 0.0910 3592.98
6.79E+08 0.0883 3587.16
6.99E+08 0.0847 3580.39
7.19E+08 0.0820 3573.48
7.41E+08 0.0782 3566.51
7.59E+08 0.0732 3561.03
7.75E+08 0.0731 3556.26
7.98E+08 0.0694 3549.6
8.15E+08 0.0661 3544.98
8.34E+08 0.0648 3539.97
8.59E+08 0.0606 3533.76
8.79E+08 0.0567 3528.87
8.96E+08 0.0562 3524.96
9.22E+08 0.0527 3519.24
9.41E+08 0.0506 3515.36
9.65E+08 0.0472 3510.57
9.94E+08 0.0442 3505.33
1.02E+09 0.0412 3500.66
1.05E+09 0.0386 3495.99
1.09E+09 0.0354 3490.54
1.12E+09 0.0320 3485.38
1.16E+09 0.0291 3480.63
1.20E+09 0.0264 3476.45
1.24E+09 0.0240 3472.3
1.28E+09 0.0230 3468.58
1.32E+09 0.0207 3465.12
1.35E+09 0.0199 3462.27
1.39E+09 0.0190 3459.64
1.42E+09 0.0186 3457.14
1.45E+09 0.0178 3454.61
1.49E+09 0.0180 3452.14
1.52E+09 0.0173 3449.79
1.55E+09 0.0175 3447.81
1.58E+09 0.0172 3445.63
1.61E+09 0.0175 3443.5
1.64E+09 0.0171 3441.48
1.67E+09 0.0170 3439.01
1.71E+09 0.0173 3436.71
1.74E+09 0.0170 3434.4
1.77E+09 0.0168 3432.41
1.80E+09 0.0167 3430.34
1.84E+09 0.0167 3428.01
1.87E+09 0.0160 3425.99
1.90E+09 0.0167 3424.05
1.93E+09 0.0164 3421.71
1.97E+09 0.0165 3419.31
2.00E+09 0.0166 3416.97
2.04E+09 0.0162 3414.75
2.07E+09 0.0158 3412.33
2.11E+09 0.0162 3410.04
2.15E+09 0.0157 3407.74
2.18E+09 0.0152 3405.43
2.22E+09 0.0156 3403.15
2.26E+09 0.0154 3400.73
2.30E+09 0.0152 3398.31
2.34E+09 0.0146 3395.88
2.38E+09 0.0147 3393.55
2.42E+09 0.0147 3391.29
2.46E+09 0.0146 3388.99
2.50E+09 0.0145 3386.69
2.54E+09 0.0135 3384.22
2.58E+09 0.0139 3381.84
2.62E+09 0.0139 3379.54
2.66E+09 0.0136 3377.28
2.71E+09 0.0133 3374.92
2.75E+09 0.0131 3372.56
2.80E+09 0.0131 3370.29
2.84E+09 0.0131 3367.84
2.89E+09 0.0128 3365.52
2.93E+09 0.0123 3363.17
2.98E+09 0.0119 3360.81
3.03E+09 0.0119 3358.5
3.08E+09 0.0117 3356.13
3.13E+09 0.0113 3353.85
3.18E+09 0.0111 3351.73
3.22E+09 0.0114 3349.52
3.28E+09 0.0108 3347.14
3.33E+09 0.0109 3344.85
3.38E+09 0.0104 3342.68
3.43E+09 0.0107 3340.49
3.49E+09 0.0105 3338.23
3.54E+09 0.0100 3336.01
3.59E+09 0.0103 3333.87
3.65E+09 0.0100 3331.67
3.70E+09 0.0099 3329.45
3.76E+09 0.0099 3327.24
3.82E+09 0.0094 3324.99
3.88E+09 0.0095 3322.7
3.94E+09 0.0094 3320.47
4.00E+09 0.0089 3318.33
4.05E+09 0.0089 3316.32
4.11E+09 0.0087 3314.22
4.17E+09 0.0085 3312.08
4.24E+09 0.0086 3309.88
4.30E+09 0.0083 3307.7
4.36E+09 0.0083 3305.51
4.42E+09 0.0086 3303.49
4.48E+09 0.0081 3301.43
4.54E+09 0.0082 3299.56
4.60E+09 0.0085 3297.47
4.66E+09 0.0085 3295.47
4.72E+09 0.0081 3293.41
4.78E+09 0.0083 3291.26
4.85E+09 0.0086 3289.13
4.91E+09 0.0087 3286.94
4.98E+09 0.0083 3284.64
