0.00E+00 -0.5586 5141.91
8.85E+07 0.2257 5109.76
1.12E+08 0.2869 5090.91
1.42E+08 0.2664 5066.09
1.83E+08 0.2707 5032.8
2.49E+08 0.2472 4979.35
3.04E+08 0.2689 4935.23
3.46E+08 0.2614 4900.45
3.75E+08 0.2628 4877.65
3.92E+08 0.2514 4863.93
4.04E+08 0.2478 4854.77
4.15E+08 0.2445 4846.9
4.23E+08 0.2458 4840.9
4.32E+08 0.2374 4833.71
4.42E+08 0.2439 4826.95
4.49E+08 0.2383 4821.7
4.59E+08 0.2437 4814.36
4.70E+08 0.2413 4805.85
4.81E+08 0.2445 4797.87
4.89E+08 0.2420 4791.76
4.99E+08 0.2335 4784.46
5.07E+08 0.2288 4778.67
5.15E+08 0.2327 4773.13
5.24E+08 0.2317 4766.42
5.32E+08 0.2317 4761.35
5.41E+08 0.2367 4754.34
5.51E+08 0.2267 4747.24
5.60E+08 0.2160 4741.2
5.66E+08 0.2112 4737.18
5.73E+08 0.2148 4732.76
5.84E+08 0.2140 4725.52
5.95E+08 0.2254 4717.88
6.05E+08 0.2249 4711.12
6.15E+08 0.2154 4704.57
6.23E+08 0.2090 4699.28
6.32E+08 0.2009 4693.47
6.41E+08 0.1938 4688.05
6.50E+08 0.1934 4682.57
6.60E+08 0.1943 4676.85
6.69E+08 0.1973 4671.55
6.77E+08 0.1880 4666.64
6.89E+08 0.2015 4659.69
7.02E+08 0.1971 4651.7
7.08E+08 0.1943 4648.04
7.16E+08 0.1804 4643.35
7.27E+08 0.1733 4637.59
7.36E+08 0.1772 4632.8
7.47E+08 0.1862 4626.56
7.59E+08 0.1950 4619.28
7.71E+08 0.1858 4612.2
7.82E+08 0.1818 4606.13
7.94E+08 0.1882 4599.11
8.04E+08 0.1875 4593.78
8.17E+08 0.1772 4586.45
8.27E+08 0.1739 4580.86
8.37E+08 0.1644 4575.69
8.50E+08 0.1799 4568.95
8.63E+08 0.1751 4561.73
8.73E+08 0.1684 4556.32
8.83E+08 0.1646 4551.65
8.92E+08 0.1601 4546.72
9.01E+08 0.1637 4542.4
9.10E+08 0.1670 4537.88
9.23E+08 0.1721 4531.36
9.37E+08 0.1691 4523.98
9.50E+08 0.1690 4517.02
9.63E+08 0.1616 4510.25
9.73E+08 0.1573 4505.6
9.85E+08 0.1587 4499.98
9.97E+08 0.1592 4494.34
1.01E+09 0.1628 4487.54
1.02E+09 0.1601 4481.53
1.03E+09 0.1534 4476.5
1.04E+09 0.1504 4471.74
1.06E+09 0.1483 4466.11
1.07E+09 0.1533 4461.37
1.08E+09 0.1526 4456.35
1.09E+09 0.1554 4450.6
1.10E+09 0.1540 4445.53
1.11E+09 0.1476 4440.42
1.12E+09 0.1484 4434.43
1.14E+09 0.1500 4428.57
1.15E+09 0.1427 4424.1
1.16E+09 0.1361 4420.11
1.17E+09 0.1402 4415.76
1.18E+09 0.1395 4411.55
1.19E+09 0.1286 4407.69
1.19E+09 0.1320 4404.01
1.21E+09 0.1498 4398.6
1.22E+09 0.1438 4394.03
1.23E+09 0.1381 4388.76
1.24E+09 0.1415 4384.49
1.25E+09 0.1348 4381.01
1.26E+09 0.1308 4377.27
1.27E+09 0.1311 4373.04
1.28E+09 0.1297 4369
1.29E+09 0.1369 4364.47
1.30E+09 0.1361 4359.41
1.31E+09 0.1330 4355.19
1.32E+09 0.1294 4351.08
1.33E+09 0.1315 4347.22
1.34E+09 0.1306 4343.26
1.35E+09 0.1336 4338.5
1.36E+09 0.1254 4333.87
1.37E+09 0.1249 4330.45
1.38E+09 0.1207 4327.42
1.39E+09 0.1282 4323.16
1.40E+09 0.1268 4318.59
1.41E+09 0.1193 4315.27
1.42E+09 0.1176 4311.67
1.43E+09 0.1253 4307.52
1.44E+09 0.1197 4303.51
1.45E+09 0.1184 4299.55
1.46E+09 0.1205 4296.03
1.47E+09 0.1153 4292.39
1.48E+09 0.1171 4289.05
1.50E+09 0.1284 4284.64
1.51E+09 0.1225 4279.23
1.52E+09 0.1164 4274.2
1.53E+09 0.1163 4270.01
1.55E+09 0.1113 4266.22
1.56E+09 0.1082 4262.45
1.57E+09 0.1218 4258.66
1.58E+09 0.1181 4254.64
1.59E+09 0.1095 4251.41
1.60E+09 0.1156 4247.62
1.61E+09 0.1166 4243.62
1.62E+09 0.1109 4239.04
1.64E+09 0.1130 4234.79
1.65E+09 0.1081 4230.56
1.66E+09 0.1033 4226.61
1.67E+09 0.1116 4222.66
1.69E+09 0.1105 4217.43
1.70E+09 0.1039 4214.51
1.71E+09 0.1041 4210.46
1.72E+09 0.1024 4207.1
1.73E+09 0.0990 4203.16
1.74E+09 0.0992 4199.33
1.76E+09 0.1007 4195.62
1.77E+09 0.1051 4191.72
1.78E+09 0.0985 4187.31
1.80E+09 0.1066 4183.05
1.81E+09 0.1014 4178.45
1.82E+09 0.0967 4174.18
1.84E+09 0.0995 4169.81
1.85E+09 0.0968 4165.75
1.87E+09 0.0921 4161.84
1.88E+09 0.0975 4157.41
1.90E+09 0.1017 4151.94
1.92E+09 0.0973 4146.79
1.93E+09 0.0917 4141.89
1.95E+09 0.0953 4137.45
1.96E+09 0.0954 4133.57
1.98E+09 0.0874 4129.5
1.99E+09 0.0873 4126.52
2.00E+09 0.0856 4124.02
2.01E+09 0.0837 4121.43
2.02E+09 0.0857 4117.97
2.03E+09 0.0842 4114.9
2.05E+09 0.0858 4111.35
2.06E+09 0.0879 4108.49
2.07E+09 0.0868 4105.25
2.08E+09 0.0886 4101.54
2.09E+09 0.0850 4098.6
2.11E+09 0.0853 4095.37
2.12E+09 0.0839 4092.01
2.13E+09 0.0853 4088.73
2.15E+09 0.0857 4084.64
2.16E+09 0.0812 4081.5
2.17E+09 0.0818 4078.23
2.18E+09 0.0827 4075.18
2.20E+09 0.0796 4072.24
2.21E+09 0.0822 4068.97
2.22E+09 0.0751 4066.08
2.23E+09 0.0794 4062.92
2.25E+09 0.0810 4059.85
2.26E+09 0.0783 4056.37
2.27E+09 0.0781 4053.18
2.29E+09 0.0752 4050.27
2.30E+09 0.0787 4047.23
2.31E+09 0.0791 4044.16
2.33E+09 0.0738 4040.82
2.34E+09 0.0779 4037.7
2.35E+09 0.0735 4034.32
2.37E+09 0.0738 4031.5
2.38E+09 0.0706 4028.4
2.40E+09 0.0739 4025.3
2.41E+09 0.0684 4022.72
2.42E+09 0.0704 4019.8
2.43E+09 0.0699 4016.92
2.45E+09 0.0694 4013.45
2.46E+09 0.0693 4010.9
2.48E+09 0.0715 4008.05
2.49E+09 0.0688 4005.05
2.51E+09 0.0679 4001.5
2.52E+09 0.0678 3998.88
2.53E+09 0.0646 3995.98
2.55E+09 0.0632 3992.88
2.56E+09 0.0679 3990
2.58E+09 0.0627 3987.03
2.59E+09 0.0647 3983.92
2.61E+09 0.0674 3980.69
2.63E+09 0.0619 3977.22
2.64E+09 0.0634 3974.26
2.66E+09 0.0624 3971.46
2.67E+09 0.0615 3968.62
2.69E+09 0.0603 3965.52
2.70E+09 0.0629 3962.53
2.72E+09 0.0660 3959.49
2.74E+09 0.0601 3955.87
2.75E+09 0.0617 3952.92
2.77E+09 0.0626 3949.8
2.79E+09 0.0639 3946.8
2.80E+09 0.0607 3944.53
2.81E+09 0.0551 3941.97
2.83E+09 0.0545 3939.29
2.84E+09 0.0608 3937.02
2.86E+09 0.0596 3934.08
2.87E+09 0.0578 3931.31
2.89E+09 0.0573 3928.29
2.91E+09 0.0558 3925.43
2.92E+09 0.0573 3922.77
2.94E+09 0.0526 3920.31
2.95E+09 0.0546 3917.75
2.97E+09 0.0521 3915.36
2.98E+09 0.0534 3913.13
2.99E+09 0.0514 3910.75
3.01E+09 0.0503 3908.27
3.02E+09 0.0537 3906.08
3.04E+09 0.0509 3903.75
3.05E+09 0.0511 3901.47
3.07E+09 0.0522 3899.23
3.08E+09 0.0485 3896.83
3.10E+09 0.0492 3894.72
3.11E+09 0.0492 3892.61
3.13E+09 0.0526 3890.13
3.14E+09 0.0479 3887.85
3.16E+09 0.0477 3885.61
3.17E+09 0.0502 3883.8
3.19E+09 0.0488 3881.12
3.20E+09 0.0483 3879.17
3.22E+09 0.0462 3876.99
3.23E+09 0.0469 3874.9
3.25E+09 0.0449 3872.55
3.26E+09 0.0452 3870.6
3.28E+09 0.0469 3868.35
3.29E+09 0.0482 3866.54
3.31E+09 0.0450 3864.25
3.32E+09 0.0484 3861.72
3.34E+09 0.0488 3859.46
3.35E+09 0.0453 3857.25
3.37E+09 0.0454 3854.69
3.39E+09 0.0445 3852.17
3.41E+09 0.0438 3849.84
3.42E+09 0.0446 3847.8
3.44E+09 0.0437 3845.72
3.46E+09 0.0432 3843.34
3.47E+09 0.0455 3841.48
3.49E+09 0.0427 3839.41
3.50E+09 0.0410 3837.12
3.52E+09 0.0406 3834.87
3.54E+09 0.0412 3832.96
3.55E+09 0.0412 3830.84
3.57E+09 0.0406 3828.52
3.59E+09 0.0410 3826.4
3.61E+09 0.0388 3824.23
3.63E+09 0.0410 3822
3.64E+09 0.0420 3819.76
3.66E+09 0.0404 3817.39
3.68E+09 0.0391 3815.05
3.70E+09 0.0419 3812.85
3.72E+09 0.0387 3810.8
3.73E+09 0.0386 3808.75
3.75E+09 0.0349 3806.38
3.77E+09 0.0398 3804.12
3.79E+09 0.0434 3801.72
3.81E+09 0.0379 3798.95
3.84E+09 0.0361 3796.29
3.86E+09 0.0362 3793.87
3.88E+09 0.0406 3791.24
3.91E+09 0.0392 3788.36
3.93E+09 0.0358 3785.54
3.96E+09 0.0332 3782.74
3.98E+09 0.0377 3780.11
4.01E+09 0.0384 3777.05
4.03E+09 0.0359 3774.59
4.06E+09 0.0324 3771.7
4.08E+09 0.0325 3769.56
4.10E+09 0.0334 3767.38
4.13E+09 0.0335 3764.72
4.15E+09 0.0317 3762.49
4.17E+09 0.0336 3760.14
4.20E+09 0.0336 3757.41
4.22E+09 0.0313 3755.11
4.25E+09 0.0311 3752.81
4.27E+09 0.0314 3750.49
4.30E+09 0.0320 3747.92
4.32E+09 0.0293 3745.43
4.35E+09 0.0315 3743.17
4.38E+09 0.0317 3740.57
4.40E+09 0.0314 3738.24
4.43E+09 0.0304 3735.72
4.45E+09 0.0344 3732.97
4.48E+09 0.0316 3730.53
4.51E+09 0.0292 3727.8
4.53E+09 0.0291 3725.73
4.56E+09 0.0299 3723.28
4.58E+09 0.0309 3720.9
4.62E+09 0.0308 3717.91
4.64E+09 0.0291 3715.48
4.67E+09 0.0276 3713.08
4.70E+09 0.0277 3710.65
4.73E+09 0.0281 3708.14
4.76E+09 0.0295 3705.8
4.79E+09 0.0274 3703.12
4.82E+09 0.0240 3700.75
4.85E+09 0.0269 3698.46
4.88E+09 0.0285 3695.84
4.90E+09 0.0279 3693.69
4.93E+09 0.0256 3691.28
4.96E+09 0.0251 3688.82
4.99E+09 0.0247 3686.83
