0.00E+00 -1.0817 6699.94
9.91E+07 0.3730 6605.98
1.31E+08 0.3661 6569.44
1.53E+08 0.3805 6543.67
1.75E+08 0.3818 6520.32
1.94E+08 0.3613 6499.19
2.11E+08 0.3668 6481.57
2.26E+08 0.3558 6465.44
2.43E+08 0.3422 6448.77
2.54E+08 0.3483 6437.21
2.68E+08 0.3392 6423.57
2.82E+08 0.3311 6409.8
2.93E+08 0.3336 6398.43
3.06E+08 0.3266 6386.15
3.20E+08 0.3197 6373.02
3.30E+08 0.3168 6363.09
3.41E+08 0.3194 6352.77
3.54E+08 0.3113 6341.45
3.66E+08 0.3120 6330.56
3.77E+08 0.3075 6320.26
3.88E+08 0.3054 6310.33
3.98E+08 0.3050 6301.71
4.07E+08 0.2994 6293.4
4.17E+08 0.2976 6284.72
4.25E+08 0.2988 6277.63
4.34E+08 0.3006 6270.16
4.41E+08 0.3025 6264.03
4.48E+08 0.3073 6257.93
4.53E+08 0.3098 6252.61
4.59E+08 0.3189 6247.2
4.63E+08 0.3388 6243.97
4.64E+08 0.3619 6242.62
4.66E+08 0.3925 6240.61
4.68E+08 0.4160 6238.42
4.69E+08 0.4517 6236.62
4.72E+08 0.4919 6232.91
4.77E+08 0.4814 6225.27
4.85E+08 0.4775 6214.19
4.98E+08 0.4677 6196.66
5.11E+08 0.4705 6178.34
5.24E+08 0.4762 6159.62
5.36E+08 0.4795 6143.14
5.47E+08 0.4836 6128.52
5.54E+08 0.5165 6118.55
5.68E+08 0.4424 6098.48
5.84E+08 0.4231 6078.47
6.02E+08 0.4076 6056.62
6.21E+08 0.3935 6033.44
6.43E+08 0.3732 6009.23
6.66E+08 0.3533 5984.29
6.89E+08 0.3377 5960.91
7.02E+08 0.3396 5948.15
7.18E+08 0.3224 5932.87
7.38E+08 0.3460 5914.07
7.57E+08 0.3999 5893.01
7.73E+08 0.4038 5873.8
7.91E+08 0.4164 5852.02
8.00E+08 0.4039 5841.51
8.21E+08 0.4308 5815.38
8.42E+08 0.4110 5790.25
8.69E+08 0.4274 5755.84
8.85E+08 0.4216 5736.09
8.97E+08 0.4077 5721.1
9.08E+08 0.3990 5707.8
9.14E+08 0.3966 5700.77
9.23E+08 0.3788 5691.3
9.33E+08 0.3763 5680.33
9.42E+08 0.3804 5670.58
9.49E+08 0.3706 5662.3
9.59E+08 0.3739 5650.93
9.68E+08 0.3692 5641.47
9.76E+08 0.3718 5632.62
9.85E+08 0.3601 5623.73
9.95E+08 0.3634 5612.82
1.00E+09 0.3615 5604.31
1.01E+09 0.3577 5594.13
1.02E+09 0.3508 5585.29
1.03E+09 0.3480 5577.89
1.04E+09 0.3462 5568.72
1.05E+09 0.3551 5560.29
1.06E+09 0.3384 5550.84
1.06E+09 0.3473 5542.11
1.07E+09 0.3381 5533.4
1.08E+09 0.3332 5525.15
1.09E+09 0.3361 5518.64
1.10E+09 0.3373 5508.31
1.11E+09 0.3307 5500.71
1.12E+09 0.3291 5491.81
1.12E+09 0.3296 5485.28
1.13E+09 0.3303 5478.35
1.14E+09 0.3231 5470.29
1.15E+09 0.3219 5463.25
1.15E+09 0.3176 5455.44
1.16E+09 0.3145 5448.96
1.17E+09 0.3166 5440.99
1.18E+09 0.3143 5433.87
1.19E+09 0.3114 5424.97
1.19E+09 0.3055 5417.89
1.20E+09 0.3081 5411.28
1.21E+09 0.3050 5404.69
1.22E+09 0.3051 5397.63
1.23E+09 0.2958 5388.87
1.24E+09 0.3026 5381.25
1.24E+09 0.2952 5373.17
1.25E+09 0.2988 5364.79
1.26E+09 0.2962 5357.25
1.27E+09 0.2861 5349.42
1.28E+09 0.2839 5343.08
1.29E+09 0.2884 5336.37
1.30E+09 0.2884 5329.8
1.31E+09 0.2825 5321.16
1.32E+09 0.2834 5312.71
1.32E+09 0.2840 5307.86
1.33E+09 0.2812 5300.84
1.34E+09 0.2797 5291.99
1.35E+09 0.2714 5285.56
1.36E+09 0.2704 5279.07
1.37E+09 0.2717 5270.72
1.38E+09 0.2759 5264.14
1.39E+09 0.2698 5254.5
1.40E+09 0.2636 5246.49
1.41E+09 0.2585 5240.45
1.41E+09 0.2709 5234.64
1.42E+09 0.2632 5226.48
1.43E+09 0.2587 5219.68
1.44E+09 0.2534 5213.03
1.45E+09 0.2539 5205.88
1.46E+09 0.2558 5200.3
1.47E+09 0.2484 5192.63
1.48E+09 0.2536 5184.62
1.49E+09 0.2474 5178.02
1.50E+09 0.2450 5169.98
1.51E+09 0.2429 5161.96
1.52E+09 0.2399 5155.46
1.53E+09 0.2422 5146.03
1.54E+09 0.2362 5138.85
1.56E+09 0.2389 5131.45
1.57E+09 0.2345 5123.2
1.58E+09 0.2280 5115.7
1.59E+09 0.2321 5107.73
1.60E+09 0.2286 5100.98
1.61E+09 0.2264 5093.25
1.62E+09 0.2259 5088.52
1.63E+09 0.2227 5083.29
1.64E+09 0.2158 5076.62
1.65E+09 0.2176 5069.99
1.66E+09 0.2179 5062.97
1.67E+09 0.2217 5055.04
1.68E+09 0.2093 5046.84
1.69E+09 0.2144 5040.25
1.71E+09 0.2057 5033.46
1.72E+09 0.2128 5025
1.73E+09 0.2067 5019.39
1.74E+09 0.2054 5013.14
1.75E+09 0.2023 5005.66
1.76E+09 0.2018 4999.39
1.77E+09 0.2004 4993.09
1.79E+09 0.1975 4985.91
1.80E+09 0.1931 4979.37
1.81E+09 0.2013 4972.15
1.82E+09 0.1935 4964.84
1.83E+09 0.1897 4957.66
1.85E+09 0.1884 4950.6
1.86E+09 0.1870 4944.87
1.87E+09 0.1874 4937.51
1.88E+09 0.1857 4931.41
1.90E+09 0.1835 4924.26
1.91E+09 0.1825 4918.89
1.92E+09 0.1821 4911.6
1.93E+09 0.1745 4904.59
1.95E+09 0.1795 4897.63
1.96E+09 0.1727 4890.95
1.97E+09 0.1703 4883.98
1.99E+09 0.1727 4877.2
2.00E+09 0.1714 4870.86
2.01E+09 0.1660 4864.33
2.03E+09 0.1651 4856.95
2.04E+09 0.1664 4849.45
2.06E+09 0.1636 4841.82
2.07E+09 0.1589 4835
2.09E+09 0.1659 4827.17
2.10E+09 0.1549 4820.14
2.12E+09 0.1543 4812.53
2.14E+09 0.1574 4806.1
2.15E+09 0.1494 4799.89
2.16E+09 0.1531 4793.26
2.18E+09 0.1472 4787.56
2.19E+09 0.1498 4780.68
2.21E+09 0.1478 4774.28
2.22E+09 0.1434 4767.47
2.24E+09 0.1401 4761.29
2.25E+09 0.1418 4754.62
2.27E+09 0.1416 4747.47
2.29E+09 0.1365 4741.46
2.30E+09 0.1383 4735.25
2.32E+09 0.1364 4728.44
2.34E+09 0.1319 4721.6
2.36E+09 0.1306 4714.28
2.37E+09 0.1346 4707.5
2.39E+09 0.1253 4701.62
2.41E+09 0.1265 4695.07
2.42E+09 0.1226 4689.49
2.44E+09 0.1220 4683.66
2.46E+09 0.1211 4676.94
2.47E+09 0.1181 4671.25
2.49E+09 0.1226 4665.1
2.51E+09 0.1164 4659.36
2.53E+09 0.1163 4653.1
2.54E+09 0.1112 4647.55
2.56E+09 0.1183 4641.31
2.58E+09 0.1098 4634.55
2.60E+09 0.1147 4628.08
2.62E+09 0.1080 4620.8
2.64E+09 0.1075 4616.1
2.66E+09 0.1057 4609.72
2.68E+09 0.1042 4602.59
2.70E+09 0.1042 4596.28
2.72E+09 0.1011 4591.45
2.74E+09 0.0998 4585.23
2.76E+09 0.0987 4579.11
2.78E+09 0.0941 4573.29
2.80E+09 0.0962 4568.5
2.82E+09 0.0958 4562.7
2.84E+09 0.0904 4557.55
2.86E+09 0.0919 4551.66
2.88E+09 0.0914 4545.97
2.90E+09 0.0890 4540.4
2.93E+09 0.0897 4534.39
2.95E+09 0.0850 4528.74
2.97E+09 0.0833 4523.23
2.99E+09 0.0827 4518.15
3.01E+09 0.0843 4513.21
3.03E+09 0.0796 4507.76
3.06E+09 0.0780 4502.48
3.08E+09 0.0817 4497.51
3.10E+09 0.0773 4492.03
3.12E+09 0.0766 4486.93
3.15E+09 0.0751 4481.43
3.18E+09 0.0738 4475.67
3.20E+09 0.0758 4470.43
3.22E+09 0.0712 4465.47
3.25E+09 0.0739 4460.26
3.27E+09 0.0727 4454.61
3.30E+09 0.0683 4450.04
3.32E+09 0.0694 4444.34
3.35E+09 0.0692 4439.01
3.38E+09 0.0658 4434.14
3.40E+09 0.0651 4428.82
3.43E+09 0.0632 4423.71
3.46E+09 0.0616 4418.91
3.48E+09 0.0590 4414.21
3.51E+09 0.0613 4409.51
3.54E+09 0.0607 4404.3
3.57E+09 0.0583 4399.55
3.59E+09 0.0604 4394.89
3.62E+09 0.0564 4390.3
3.65E+09 0.0532 4385.68
3.68E+09 0.0559 4381.11
3.71E+09 0.0533 4376.37
3.74E+09 0.0528 4371.84
3.77E+09 0.0490 4367.42
3.80E+09 0.0527 4363.2
3.83E+09 0.0518 4358.66
3.86E+09 0.0490 4354.05
3.89E+09 0.0489 4349.8
3.92E+09 0.0477 4345.66
3.95E+09 0.0472 4341.45
3.98E+09 0.0433 4337.34
4.01E+09 0.0453 4333.37
4.04E+09 0.0456 4329.11
4.07E+09 0.0426 4324.89
4.11E+09 0.0414 4321
4.14E+09 0.0417 4317.11
4.17E+09 0.0404 4313.15
4.20E+09 0.0399 4309.45
4.23E+09 0.0410 4305.66
4.27E+09 0.0378 4301.78
4.30E+09 0.0378 4298.4
4.33E+09 0.0372 4294.75
4.36E+09 0.0372 4290.97
4.40E+09 0.0367 4287.04
4.43E+09 0.0351 4283.76
4.47E+09 0.0366 4280.19
4.50E+09 0.0350 4276.96
4.53E+09 0.0339 4273.31
4.57E+09 0.0325 4269.67
4.61E+09 0.0307 4266.36
4.64E+09 0.0322 4262.74
4.68E+09 0.0333 4259.39
4.72E+09 0.0308 4255.99
4.76E+09 0.0298 4252.6
4.79E+09 0.0296 4249.2
4.83E+09 0.0300 4245.96
4.87E+09 0.0277 4242.5
4.91E+09 0.0285 4239.53
4.95E+09 0.0269 4236.36
4.99E+09 0.0274 4233.24
