0.00E+00 -0.2219 3598.3
3.24E+07 0.1461 3593.93
4.72E+07 0.1685 3586.8
8.70E+07 0.1500 3569.03
1.29E+08 0.1568 3551.72
1.76E+08 0.1477 3531.01
2.10E+08 0.1400 3517.49
2.34E+08 0.1351 3507.88
2.51E+08 0.1299 3501.66
2.66E+08 0.1271 3496.14
2.84E+08 0.1237 3489.54
3.00E+08 0.1197 3483.89
3.14E+08 0.1171 3479.45
3.28E+08 0.1150 3474.75
3.40E+08 0.1123 3470.69
3.55E+08 0.1098 3465.93
3.67E+08 0.1073 3462.22
3.78E+08 0.1055 3458.99
3.92E+08 0.1045 3454.72
4.07E+08 0.1011 3450.39
4.18E+08 0.0988 3447.29
4.31E+08 0.0975 3443.86
4.46E+08 0.0945 3439.69
4.57E+08 0.0923 3436.69
4.68E+08 0.0910 3433.77
4.81E+08 0.0885 3430.7
4.93E+08 0.0866 3427.51
5.09E+08 0.0841 3423.83
5.22E+08 0.0823 3420.67
5.35E+08 0.0802 3417.57
5.47E+08 0.0788 3415.04
5.61E+08 0.0764 3411.98
5.76E+08 0.0750 3408.66
5.90E+08 0.0730 3405.67
6.05E+08 0.0713 3402.69
6.19E+08 0.0694 3399.91
6.33E+08 0.0677 3397.07
6.46E+08 0.0670 3394.67
6.61E+08 0.0650 3391.8
6.75E+08 0.0636 3389.17
6.91E+08 0.0610 3386.47
7.04E+08 0.0609 3384.17
7.17E+08 0.0592 3381.94
7.28E+08 0.0588 3380.06
7.40E+08 0.0581 3378.04
7.55E+08 0.0569 3375.61
7.67E+08 0.0569 3373.71
7.81E+08 0.0567 3371.46
7.93E+08 0.0567 3369.47
8.07E+08 0.0561 3367.29
8.19E+08 0.0554 3365.37
8.31E+08 0.0549 3363.49
8.44E+08 0.0546 3361.44
8.56E+08 0.0543 3359.56
8.67E+08 0.0541 3357.93
8.78E+08 0.0536 3356.24
8.89E+08 0.0535 3354.56
9.00E+08 0.0533 3352.89
9.11E+08 0.0527 3351.22
9.25E+08 0.0526 3349.17
9.35E+08 0.0532 3347.6
9.48E+08 0.0527 3345.7
9.59E+08 0.0527 3343.97
9.68E+08 0.0525 3342.65
9.78E+08 0.0525 3341.15
9.89E+08 0.0516 3339.54
1.00E+09 0.0522 3337.76
1.01E+09 0.0513 3335.74
1.03E+09 0.0515 3334.02
1.04E+09 0.0516 3332.28
1.05E+09 0.0516 3330.45
1.07E+09 0.0510 3328.39
1.08E+09 0.0508 3326.47
1.09E+09 0.0504 3324.84
1.10E+09 0.0504 3323.31
1.11E+09 0.0503 3321.54
1.12E+09 0.0498 3319.83
1.14E+09 0.0498 3317.88
1.15E+09 0.0495 3316.12
1.17E+09 0.0493 3314.1
1.18E+09 0.0496 3312.14
1.19E+09 0.0493 3310.27
1.21E+09 0.0491 3308.4
1.22E+09 0.0487 3306.32
1.23E+09 0.0486 3304.44
1.25E+09 0.0484 3302.75
1.26E+09 0.0480 3301.08
1.27E+09 0.0479 3299.1
1.29E+09 0.0478 3297.25
1.30E+09 0.0479 3295.43
1.32E+09 0.0475 3293.42
1.33E+09 0.0472 3291.41
1.34E+09 0.0473 3289.57
1.36E+09 0.0465 3287.91
1.37E+09 0.0464 3286.04
1.38E+09 0.0472 3284.1
1.40E+09 0.0456 3282.08
1.41E+09 0.0456 3280.29
1.43E+09 0.0456 3278.73
1.44E+09 0.0461 3277
1.46E+09 0.0451 3274.85
1.47E+09 0.0450 3272.83
1.49E+09 0.0452 3271.08
1.50E+09 0.0452 3269.37
1.51E+09 0.0447 3267.58
1.53E+09 0.0443 3265.77
1.54E+09 0.0443 3263.77
1.56E+09 0.0438 3261.78
1.57E+09 0.0438 3259.72
1.59E+09 0.0442 3257.69
1.61E+09 0.0438 3255.65
1.62E+09 0.0431 3253.59
1.64E+09 0.0435 3251.76
1.65E+09 0.0429 3249.96
1.67E+09 0.0429 3248.01
1.69E+09 0.0429 3245.95
1.70E+09 0.0420 3244.03
1.72E+09 0.0423 3242.12
1.73E+09 0.0419 3240.24
1.75E+09 0.0418 3238.45
1.76E+09 0.0415 3236.72
1.78E+09 0.0413 3234.86
1.80E+09 0.0412 3233.04
1.81E+09 0.0412 3231.45
1.83E+09 0.0410 3229.5
1.84E+09 0.0409 3227.59
1.86E+09 0.0410 3225.82
1.88E+09 0.0396 3223.79
1.89E+09 0.0403 3221.94
1.91E+09 0.0400 3220.11
1.92E+09 0.0396 3218.11
1.94E+09 0.0394 3216.36
1.96E+09 0.0395 3214.61
1.97E+09 0.0392 3212.64
1.99E+09 0.0387 3210.69
2.01E+09 0.0386 3208.88
2.02E+09 0.0386 3207.09
2.04E+09 0.0387 3205.21
2.06E+09 0.0386 3203.32
2.08E+09 0.0383 3201.44
2.09E+09 0.0381 3199.75
2.10E+09 0.0384 3198.32
2.12E+09 0.0379 3196.43
2.14E+09 0.0380 3194.59
2.16E+09 0.0376 3192.62
2.17E+09 0.0376 3190.83
2.19E+09 0.0373 3189.15
2.21E+09 0.0370 3187.2
2.23E+09 0.0372 3185.39
2.24E+09 0.0369 3183.59
2.26E+09 0.0363 3181.76
2.28E+09 0.0363 3179.9
2.30E+09 0.0364 3178.01
2.32E+09 0.0356 3175.95
2.33E+09 0.0354 3174.31
2.35E+09 0.0356 3172.85
2.36E+09 0.0356 3171.11
2.38E+09 0.0351 3169.17
2.40E+09 0.0349 3167.34
2.42E+09 0.0351 3165.41
2.44E+09 0.0352 3163.51
2.46E+09 0.0347 3161.77
2.48E+09 0.0348 3160.14
2.49E+09 0.0341 3158.41
2.51E+09 0.0339 3156.61
2.53E+09 0.0342 3154.7
2.55E+09 0.0337 3152.96
2.57E+09 0.0334 3151.08
2.59E+09 0.0335 3149.24
2.61E+09 0.0334 3147.35
2.63E+09 0.0334 3145.36
2.65E+09 0.0333 3143.56
2.67E+09 0.0331 3141.82
2.68E+09 0.0328 3140.2
2.70E+09 0.0329 3138.53
2.72E+09 0.0327 3136.87
2.74E+09 0.0327 3135.36
2.75E+09 0.0322 3133.64
2.77E+09 0.0319 3131.81
2.79E+09 0.0317 3130.05
2.81E+09 0.0315 3128.34
2.83E+09 0.0314 3126.64
2.85E+09 0.0311 3124.67
2.87E+09 0.0311 3122.95
2.89E+09 0.0308 3121.2
2.91E+09 0.0306 3119.43
2.93E+09 0.0306 3117.67
2.95E+09 0.0303 3115.88
2.97E+09 0.0304 3114.27
2.99E+09 0.0300 3112.45
3.02E+09 0.0301 3110.55
3.04E+09 0.0296 3108.74
3.06E+09 0.0297 3107.04
3.08E+09 0.0293 3105.29
3.10E+09 0.0293 3103.69
3.12E+09 0.0289 3102.1
3.14E+09 0.0287 3100.55
3.16E+09 0.0286 3098.98
3.18E+09 0.0287 3097.39
3.20E+09 0.0285 3095.65
3.22E+09 0.0282 3093.89
3.24E+09 0.0287 3092.34
3.26E+09 0.0283 3090.68
3.28E+09 0.0284 3089.01
3.30E+09 0.0277 3087.33
3.32E+09 0.0279 3085.78
3.34E+09 0.0278 3084.16
3.36E+09 0.0276 3082.47
3.38E+09 0.0272 3080.88
3.40E+09 0.0272 3079.23
3.42E+09 0.0269 3077.66
3.44E+09 0.0270 3076.11
3.47E+09 0.0271 3074.47
3.49E+09 0.0268 3072.68
3.51E+09 0.0263 3070.85
3.54E+09 0.0261 3069.06
3.56E+09 0.0260 3067.37
3.59E+09 0.0259 3065.52
3.61E+09 0.0260 3063.74
3.63E+09 0.0256 3062.06
3.66E+09 0.0255 3060.34
3.68E+09 0.0254 3058.71
3.70E+09 0.0253 3057.2
3.72E+09 0.0249 3055.74
3.74E+09 0.0249 3054.2
3.77E+09 0.0248 3052.52
3.79E+09 0.0251 3050.93
3.81E+09 0.0248 3049.19
3.84E+09 0.0244 3047.53
3.86E+09 0.0245 3045.83
3.89E+09 0.0240 3044.01
3.91E+09 0.0241 3042.49
3.93E+09 0.0240 3040.86
3.96E+09 0.0238 3039.11
3.98E+09 0.0235 3037.47
4.01E+09 0.0235 3035.73
4.04E+09 0.0231 3033.98
4.06E+09 0.0232 3032.41
4.09E+09 0.0232 3030.77
4.11E+09 0.0231 3029.21
4.13E+09 0.0230 3027.56
4.16E+09 0.0231 3025.87
4.19E+09 0.0226 3023.99
4.21E+09 0.0228 3022.38
4.24E+09 0.0226 3020.51
4.27E+09 0.0225 3018.71
4.30E+09 0.0225 3017.03
4.32E+09 0.0223 3015.46
4.35E+09 0.0222 3013.75
4.38E+09 0.0224 3011.96
4.40E+09 0.0223 3010.26
4.43E+09 0.0223 3008.64
4.45E+09 0.0221 3007.06
4.48E+09 0.0218 3005.51
4.51E+09 0.0219 3003.86
4.53E+09 0.0221 3002.3
4.55E+09 0.0222 3000.85
4.58E+09 0.0219 2999.45
4.60E+09 0.0224 2998.23
4.62E+09 0.0218 2996.78
4.64E+09 0.0219 2995.17
4.67E+09 0.0218 2993.39
4.70E+09 0.0219 2991.73
4.73E+09 0.0218 2990.05
4.75E+09 0.0217 2988.33
4.78E+09 0.0219 2986.63
4.81E+09 0.0217 2984.93
4.84E+09 0.0215 2983.35
4.86E+09 0.0218 2982.13
4.87E+09 0.0218 2980.92
4.90E+09 0.0217 2979.59
4.92E+09 0.0218 2978.27
4.94E+09 0.0215 2976.81
4.97E+09 0.0215 2975.2
5.00E+09 0.0215 2973.49
