0.00E+00 -0.4635 4764.26
1.40E+08 0.1954 4684.16
2.06E+08 0.1896 4633.73
2.97E+08 0.1891 4565.99
3.83E+08 0.1781 4502.83
4.26E+08 0.1725 4473.38
4.48E+08 0.1714 4458.93
4.69E+08 0.1595 4445.36
4.86E+08 0.1594 4434.9
5.03E+08 0.1587 4424.21
5.22E+08 0.1555 4412.46
5.41E+08 0.1566 4400.87
5.60E+08 0.1573 4389.31
5.79E+08 0.1538 4377.74
6.01E+08 0.1594 4364.03
6.27E+08 0.1576 4348.22
6.48E+08 0.1494 4335.09
6.64E+08 0.1479 4325.92
6.89E+08 0.1516 4311.29
7.03E+08 0.1365 4303.3
7.12E+08 0.1268 4298.54
7.36E+08 0.1387 4286.72
7.56E+08 0.1396 4275.63
7.71E+08 0.1349 4267.57
7.84E+08 0.1256 4260.88
8.00E+08 0.1272 4253.13
8.25E+08 0.1319 4239.61
8.36E+08 0.1241 4234.13
8.55E+08 0.1258 4224.75
8.72E+08 0.1216 4216.84
8.91E+08 0.1265 4207.42
9.07E+08 0.1219 4199.75
9.17E+08 0.1132 4195.31
9.30E+08 0.1015 4189.74
9.53E+08 0.1222 4179.38
9.71E+08 0.1150 4171.39
9.88E+08 0.1105 4163.53
1.02E+09 0.1180 4149.25
1.05E+09 0.1079 4136.56
1.07E+09 0.0969 4128.25
1.10E+09 0.1038 4118.16
1.12E+09 0.0968 4109.33
1.14E+09 0.0926 4101.52
1.16E+09 0.0868 4095.38
1.17E+09 0.0792 4090.51
1.19E+09 0.0847 4084.64
1.21E+09 0.0846 4079.27
1.23E+09 0.0899 4071.95
1.24E+09 0.0831 4066.48
1.26E+09 0.0768 4061.47
1.28E+09 0.0803 4056.59
1.29E+09 0.0763 4051.44
1.31E+09 0.0761 4046.66
1.32E+09 0.0767 4041.73
1.34E+09 0.0779 4036.89
1.36E+09 0.0778 4031.34
1.38E+09 0.0755 4025.31
1.40E+09 0.0770 4018.6
1.42E+09 0.0727 4012.72
1.44E+09 0.0674 4007.82
1.46E+09 0.0707 4002.62
1.47E+09 0.0669 3998.48
1.49E+09 0.0633 3993.3
1.52E+09 0.0732 3987.33
1.54E+09 0.0656 3981.56
1.55E+09 0.0640 3977.94
1.57E+09 0.0680 3973.73
1.59E+09 0.0604 3969.59
1.60E+09 0.0651 3965.98
1.62E+09 0.0679 3961.68
1.64E+09 0.0575 3956.8
1.65E+09 0.0615 3952.68
1.68E+09 0.0688 3946.67
1.70E+09 0.0643 3941.93
1.71E+09 0.0568 3937.87
1.73E+09 0.0627 3933.09
1.76E+09 0.0556 3927.6
1.77E+09 0.0559 3924.55
1.79E+09 0.0550 3921.08
1.80E+09 0.0514 3917.47
1.83E+09 0.0627 3912.62
1.85E+09 0.0588 3908.02
1.87E+09 0.0522 3902.86
1.89E+09 0.0528 3899.2
1.91E+09 0.0541 3895.49
1.93E+09 0.0515 3891.42
1.95E+09 0.0498 3887.07
1.97E+09 0.0534 3882.45
1.99E+09 0.0524 3877.45
2.02E+09 0.0503 3872.47
2.05E+09 0.0540 3866.6
2.07E+09 0.0497 3861.83
2.09E+09 0.0504 3857.39
2.12E+09 0.0498 3853.32
2.13E+09 0.0431 3849.91
2.15E+09 0.0445 3846.93
2.17E+09 0.0445 3843.7
2.19E+09 0.0448 3840
2.21E+09 0.0453 3837.15
2.23E+09 0.0435 3833.3
2.25E+09 0.0429 3829.91
2.28E+09 0.0442 3825.13
2.30E+09 0.0418 3821.11
2.32E+09 0.0412 3817.97
2.35E+09 0.0426 3813.81
2.37E+09 0.0425 3809.63
2.40E+09 0.0388 3805.92
2.42E+09 0.0394 3801.93
2.45E+09 0.0418 3797.06
2.48E+09 0.0390 3792.78
2.51E+09 0.0385 3788.92
2.54E+09 0.0397 3784.66
2.56E+09 0.0367 3780.43
2.59E+09 0.0380 3775.76
2.62E+09 0.0333 3771.58
2.66E+09 0.0337 3767.5
2.68E+09 0.0369 3763.57
2.71E+09 0.0340 3759.37
2.74E+09 0.0331 3755.56
2.77E+09 0.0318 3752.59
2.79E+09 0.0316 3749.43
2.82E+09 0.0339 3745.65
2.85E+09 0.0329 3742.53
2.87E+09 0.0343 3739
2.90E+09 0.0310 3736.04
2.92E+09 0.0309 3732.69
2.95E+09 0.0290 3729.64
2.98E+09 0.0286 3726.61
3.01E+09 0.0299 3723.28
3.03E+09 0.0315 3719.97
3.06E+09 0.0292 3717.06
3.09E+09 0.0258 3713.9
3.12E+09 0.0260 3710.87
3.15E+09 0.0283 3707.63
3.18E+09 0.0309 3703.67
3.21E+09 0.0308 3700.11
3.24E+09 0.0301 3696.62
3.27E+09 0.0263 3693.09
3.30E+09 0.0262 3689.93
3.33E+09 0.0258 3687.18
3.36E+09 0.0230 3684.48
3.39E+09 0.0248 3681.59
3.42E+09 0.0262 3678.75
3.45E+09 0.0233 3675.8
3.48E+09 0.0229 3673.02
3.52E+09 0.0249 3669.63
3.55E+09 0.0253 3666.27
3.58E+09 0.0250 3663.14
3.61E+09 0.0231 3660.26
3.64E+09 0.0210 3657.55
3.68E+09 0.0222 3654.6
3.71E+09 0.0232 3651.55
3.75E+09 0.0208 3648.42
3.79E+09 0.0216 3645.17
3.83E+09 0.0215 3641.76
3.86E+09 0.0178 3639.07
3.90E+09 0.0193 3636.17
3.95E+09 0.0193 3632.91
3.99E+09 0.0185 3629.86
4.03E+09 0.0177 3626.83
4.08E+09 0.0186 3623.69
4.13E+09 0.0200 3619.83
4.17E+09 0.0203 3616.72
4.21E+09 0.0169 3613.43
4.26E+09 0.0169 3610.51
4.31E+09 0.0175 3607.03
4.35E+09 0.0182 3604.09
4.40E+09 0.0166 3600.67
4.44E+09 0.0168 3598.03
4.48E+09 0.0150 3595.36
4.53E+09 0.0141 3592.87
4.57E+09 0.0161 3590.33
4.62E+09 0.0169 3586.97
4.67E+09 0.0169 3583.88
4.72E+09 0.0162 3580.65
4.76E+09 0.0159 3578.08
4.81E+09 0.0133 3575.36
4.85E+09 0.0143 3573.23
4.90E+09 0.0129 3570.67
4.94E+09 0.0136 3568.24
5.00E+09 0.0142 3565.38
