0.00E+00 -0.3703 4352.44
3.26E+07 0.2419 4342.71
4.37E+07 0.2737 4334.05
5.72E+07 0.2756 4322.72
8.27E+07 0.2519 4302.77
1.18E+08 0.2456 4277.96
1.51E+08 0.2539 4252.22
1.92E+08 0.2618 4221.01
2.26E+08 0.2432 4195.07
2.46E+08 0.2339 4180.98
2.59E+08 0.2286 4172.33
2.72E+08 0.2243 4163.18
2.85E+08 0.2224 4154.78
2.99E+08 0.2180 4145.13
3.11E+08 0.2116 4137.79
3.22E+08 0.2108 4130.78
3.36E+08 0.2062 4122.38
3.45E+08 0.2041 4116.71
3.54E+08 0.1996 4111.09
3.65E+08 0.1966 4104.95
3.75E+08 0.1952 4099.06
3.84E+08 0.1906 4093.78
3.92E+08 0.1888 4089.06
4.03E+08 0.1855 4083.07
4.13E+08 0.1846 4077.21
4.23E+08 0.1787 4072.28
4.31E+08 0.1784 4067.54
4.42E+08 0.1757 4061.71
4.53E+08 0.1710 4056.23
4.61E+08 0.1695 4052.14
4.71E+08 0.1662 4047.2
4.82E+08 0.1643 4041.89
4.93E+08 0.1607 4036.32
5.04E+08 0.1573 4031.02
5.14E+08 0.1546 4026.7
5.24E+08 0.1523 4021.85
5.35E+08 0.1493 4017.01
5.45E+08 0.1460 4012.6
5.57E+08 0.1438 4007.52
5.66E+08 0.1421 4003.41
5.77E+08 0.1390 3999.04
5.89E+08 0.1358 3993.9
6.01E+08 0.1332 3989.38
6.12E+08 0.1309 3984.78
6.24E+08 0.1283 3980.41
6.35E+08 0.1252 3975.99
6.46E+08 0.1231 3971.9
6.57E+08 0.1204 3968.17
6.67E+08 0.1197 3964.26
6.78E+08 0.1180 3960.37
6.91E+08 0.1157 3956.03
7.02E+08 0.1139 3952.31
7.11E+08 0.1126 3949.03
7.21E+08 0.1116 3945.69
7.31E+08 0.1103 3942.49
7.41E+08 0.1084 3939.15
7.50E+08 0.1078 3936.16
7.60E+08 0.1066 3932.97
7.70E+08 0.1069 3929.88
7.79E+08 0.1055 3926.95
7.89E+08 0.1058 3923.88
7.99E+08 0.1033 3920.8
8.09E+08 0.1047 3917.59
8.18E+08 0.1047 3914.84
8.28E+08 0.1039 3911.84
8.38E+08 0.1022 3908.63
8.46E+08 0.1024 3906.16
8.55E+08 0.1017 3903.44
8.63E+08 0.1016 3900.92
8.73E+08 0.1030 3897.88
8.84E+08 0.1005 3894.54
8.94E+08 0.1012 3891.66
9.03E+08 0.1011 3888.78
9.13E+08 0.1004 3885.85
9.22E+08 0.0993 3883.19
9.32E+08 0.0997 3880.3
9.41E+08 0.0991 3877.36
9.52E+08 0.0995 3874.23
9.62E+08 0.0994 3871.38
9.73E+08 0.0968 3868.16
9.82E+08 0.0966 3865.48
9.90E+08 0.0968 3863.14
1.00E+09 0.0963 3860.12
1.01E+09 0.0959 3857.26
1.02E+09 0.0962 3854.71
1.03E+09 0.0959 3851.68
1.04E+09 0.0952 3848.42
1.05E+09 0.0939 3845.33
1.06E+09 0.0936 3842.56
1.07E+09 0.0937 3839.4
1.08E+09 0.0935 3836.78
1.09E+09 0.0930 3834.14
1.10E+09 0.0922 3831.23
1.11E+09 0.0916 3828.28
1.12E+09 0.0918 3825.54
1.14E+09 0.0908 3822.23
1.15E+09 0.0898 3819.14
1.16E+09 0.0910 3816.35
1.17E+09 0.0896 3813.25
1.18E+09 0.0894 3810.23
1.19E+09 0.0881 3807.01
1.20E+09 0.0879 3804.31
1.21E+09 0.0875 3801.33
1.23E+09 0.0874 3798.3
1.24E+09 0.0868 3795.33
1.25E+09 0.0849 3792.44
1.26E+09 0.0853 3789.6
1.27E+09 0.0854 3786.36
1.28E+09 0.0853 3783.74
1.29E+09 0.0836 3780.76
1.31E+09 0.0836 3777.5
1.32E+09 0.0830 3774.62
1.33E+09 0.0832 3772.03
1.34E+09 0.0829 3769.08
1.35E+09 0.0821 3766.18
1.36E+09 0.0818 3763.64
1.37E+09 0.0820 3761
1.39E+09 0.0808 3758.06
1.40E+09 0.0810 3755.26
1.41E+09 0.0817 3752.23
1.42E+09 0.0793 3749.24
1.44E+09 0.0785 3746.18
1.45E+09 0.0785 3742.85
1.46E+09 0.0781 3739.95
1.48E+09 0.0774 3737.02
1.49E+09 0.0770 3733.97
1.50E+09 0.0761 3731.11
1.51E+09 0.0764 3728.48
1.53E+09 0.0756 3725.4
1.54E+09 0.0753 3722.69
1.55E+09 0.0752 3719.79
1.56E+09 0.0743 3717.12
1.58E+09 0.0740 3714.25
1.59E+09 0.0735 3711.48
1.60E+09 0.0734 3709.06
1.61E+09 0.0732 3706.01
1.63E+09 0.0727 3702.95
1.64E+09 0.0717 3700.1
1.65E+09 0.0714 3697.09
1.67E+09 0.0717 3694.38
1.68E+09 0.0706 3691.65
1.69E+09 0.0708 3688.89
1.71E+09 0.0704 3686.36
1.72E+09 0.0692 3683.31
1.73E+09 0.0689 3680.97
1.74E+09 0.0688 3678.17
1.76E+09 0.0679 3675.29
1.77E+09 0.0683 3672.79
1.79E+09 0.0680 3669.83
1.80E+09 0.0676 3667.12
1.81E+09 0.0670 3664.12
1.83E+09 0.0659 3661.43
1.84E+09 0.0666 3658.58
1.86E+09 0.0658 3655.68
1.87E+09 0.0657 3653.25
1.88E+09 0.0652 3650.44
1.90E+09 0.0645 3647.67
1.91E+09 0.0640 3645
1.92E+09 0.0630 3642.43
1.94E+09 0.0636 3640.35
1.95E+09 0.0627 3637.8
1.96E+09 0.0624 3635.29
1.98E+09 0.0632 3632.83
1.99E+09 0.0620 3630.21
2.00E+09 0.0618 3627.43
2.02E+09 0.0615 3624.86
2.03E+09 0.0612 3622.36
2.05E+09 0.0612 3619.93
2.06E+09 0.0602 3617.47
2.07E+09 0.0598 3615.06
2.09E+09 0.0593 3612.51
2.10E+09 0.0594 3610.43
2.11E+09 0.0588 3607.72
2.13E+09 0.0588 3605.07
2.14E+09 0.0579 3602.32
2.16E+09 0.0585 3599.95
2.18E+09 0.0572 3597.1
2.19E+09 0.0575 3594.48
2.21E+09 0.0562 3591.96
2.22E+09 0.0570 3589.85
2.23E+09 0.0560 3587.77
2.24E+09 0.0555 3585.94
2.25E+09 0.0558 3584.13
2.26E+09 0.0555 3582.03
2.28E+09 0.0549 3580.03
2.29E+09 0.0545 3577.82
2.30E+09 0.0552 3575.35
2.32E+09 0.0547 3572.89
2.34E+09 0.0546 3570.25
2.35E+09 0.0540 3567.55
2.37E+09 0.0535 3564.97
2.38E+09 0.0528 3562.41
2.40E+09 0.0528 3559.85
2.42E+09 0.0527 3557.16
2.44E+09 0.0520 3554.26
2.45E+09 0.0522 3551.47
2.47E+09 0.0516 3548.65
2.49E+09 0.0517 3546.4
2.50E+09 0.0511 3543.82
2.52E+09 0.0502 3541.35
2.54E+09 0.0509 3539.12
2.55E+09 0.0506 3536.25
2.57E+09 0.0501 3533.49
2.59E+09 0.0496 3530.95
2.61E+09 0.0500 3528.42
2.62E+09 0.0485 3525.82
2.64E+09 0.0484 3523.28
2.66E+09 0.0479 3520.52
2.68E+09 0.0480 3517.95
2.70E+09 0.0475 3515.52
2.71E+09 0.0475 3512.93
2.73E+09 0.0470 3510.44
2.75E+09 0.0468 3508.12
2.77E+09 0.0464 3505.42
2.79E+09 0.0454 3502.7
2.81E+09 0.0461 3500.24
2.83E+09 0.0453 3497.57
2.85E+09 0.0449 3494.89
2.86E+09 0.0446 3492.46
2.88E+09 0.0440 3490.16
2.90E+09 0.0438 3487.83
2.92E+09 0.0435 3485.31
2.94E+09 0.0434 3482.87
2.96E+09 0.0430 3479.97
2.98E+09 0.0430 3477.38
3.00E+09 0.0424 3474.93
3.02E+09 0.0424 3472.4
3.04E+09 0.0421 3470.24
3.05E+09 0.0414 3467.91
3.08E+09 0.0411 3465.27
3.09E+09 0.0407 3463.04
3.12E+09 0.0404 3460.4
3.14E+09 0.0405 3457.94
3.16E+09 0.0397 3455.71
3.17E+09 0.0399 3453.79
3.19E+09 0.0396 3451.09
3.22E+09 0.0387 3448.38
3.24E+09 0.0389 3445.8
3.26E+09 0.0385 3443.33
3.28E+09 0.0387 3441.25
3.30E+09 0.0382 3438.67
3.32E+09 0.0377 3436.25
3.34E+09 0.0375 3434.14
3.36E+09 0.0373 3431.8
3.38E+09 0.0369 3429.42
3.40E+09 0.0365 3427.28
3.42E+09 0.0366 3424.92
3.45E+09 0.0362 3422.52
3.47E+09 0.0361 3420.09
3.49E+09 0.0358 3417.5
3.52E+09 0.0356 3415.18
3.54E+09 0.0347 3413.03
3.56E+09 0.0335 3410.74
3.58E+09 0.0343 3408.7
3.60E+09 0.0345 3406.12
3.63E+09 0.0335 3403.54
3.65E+09 0.0333 3401.08
3.68E+09 0.0332 3398.83
3.70E+09 0.0325 3396.59
3.72E+09 0.0321 3394.36
3.75E+09 0.0321 3392.02
3.77E+09 0.0315 3389.48
3.79E+09 0.0318 3387.35
3.82E+09 0.0317 3384.97
3.85E+09 0.0308 3382.55
3.87E+09 0.0304 3380.16
3.90E+09 0.0310 3377.88
3.92E+09 0.0304 3375.38
3.95E+09 0.0303 3373.15
3.97E+09 0.0298 3370.85
4.00E+09 0.0301 3368.75
4.03E+09 0.0298 3366.29
4.05E+09 0.0296 3363.99
4.08E+09 0.0291 3361.65
4.11E+09 0.0286 3359.32
4.13E+09 0.0286 3356.84
4.16E+09 0.0281 3354.36
4.19E+09 0.0278 3352.08
4.22E+09 0.0274 3349.61
4.25E+09 0.0274 3347.29
4.28E+09 0.0271 3345.14
4.31E+09 0.0265 3342.66
4.34E+09 0.0261 3340.34
4.36E+09 0.0262 3338.11
4.39E+09 0.0264 3335.86
4.42E+09 0.0262 3333.71
4.45E+09 0.0260 3331.49
4.48E+09 0.0252 3329.13
4.51E+09 0.0254 3327.04
4.54E+09 0.0252 3325
4.57E+09 0.0249 3322.72
4.60E+09 0.0240 3320.35
4.63E+09 0.0247 3318.09
4.66E+09 0.0235 3315.66
4.69E+09 0.0235 3313.69
4.72E+09 0.0235 3311.7
4.75E+09 0.0237 3309.49
4.78E+09 0.0232 3307.18
4.82E+09 0.0228 3304.87
4.85E+09 0.0227 3302.71
4.88E+09 0.0226 3300.59
4.91E+09 0.0224 3298.87
4.93E+09 0.0223 3297.01
4.97E+09 0.0215 3294.65
5.00E+09 0.0212 3292.81
