0.00E+00 -0.1799 3317.78
5.94E+07 0.0969 3309.88
8.41E+07 0.1077 3301.45
1.30E+08 0.1037 3285.68
1.83E+08 0.1051 3268.83
2.38E+08 0.1036 3250.16
2.86E+08 0.0912 3235.03
3.12E+08 0.0878 3227.51
3.34E+08 0.0819 3221.53
3.61E+08 0.0816 3214.47
3.84E+08 0.0757 3208.52
4.06E+08 0.0717 3203.52
4.29E+08 0.0699 3198.15
4.50E+08 0.0655 3193.48
4.69E+08 0.0653 3189.57
4.87E+08 0.0627 3185.98
5.05E+08 0.0610 3182.26
5.24E+08 0.0579 3178.72
5.42E+08 0.0555 3175.37
5.60E+08 0.0528 3172.35
5.78E+08 0.0510 3169.34
5.95E+08 0.0495 3166.64
6.13E+08 0.0472 3163.75
6.31E+08 0.0464 3161.13
6.49E+08 0.0439 3158.42
6.68E+08 0.0424 3155.86
6.86E+08 0.0407 3153.38
7.04E+08 0.0387 3151.14
7.22E+08 0.0367 3148.91
7.40E+08 0.0354 3146.82
7.60E+08 0.0336 3144.65
7.77E+08 0.0324 3142.8
7.98E+08 0.0309 3140.75
8.22E+08 0.0293 3138.34
8.45E+08 0.0276 3136.33
8.69E+08 0.0258 3134.21
8.95E+08 0.0247 3132.17
9.24E+08 0.0225 3129.97
9.55E+08 0.0208 3127.79
9.88E+08 0.0190 3125.7
1.02E+09 0.0176 3123.76
1.05E+09 0.0160 3122.33
1.07E+09 0.0157 3121.24
1.09E+09 0.0153 3120.3
1.10E+09 0.0151 3119.54
1.12E+09 0.0150 3118.73
1.14E+09 0.0145 3117.64
1.17E+09 0.0150 3116.57
1.18E+09 0.0144 3115.64
1.20E+09 0.0142 3114.83
1.22E+09 0.0138 3113.83
1.25E+09 0.0133 3112.8
1.27E+09 0.0130 3111.74
1.30E+09 0.0129 3110.74
1.32E+09 0.0127 3109.6
1.35E+09 0.0126 3108.4
1.38E+09 0.0119 3107.2
1.42E+09 0.0114 3106
1.45E+09 0.0114 3104.92
1.48E+09 0.0113 3103.82
1.51E+09 0.0112 3102.73
1.53E+09 0.0117 3101.68
1.56E+09 0.0112 3100.72
1.59E+09 0.0112 3099.73
1.62E+09 0.0111 3098.68
1.64E+09 0.0109 3097.74
1.67E+09 0.0109 3096.74
1.70E+09 0.0108 3095.65
1.73E+09 0.0109 3094.64
1.77E+09 0.0108 3093.5
1.80E+09 0.0106 3092.37
1.83E+09 0.0106 3091.21
1.87E+09 0.0103 3090.06
1.90E+09 0.0104 3088.97
1.93E+09 0.0103 3087.9
1.97E+09 0.0101 3086.81
2.00E+09 0.0102 3085.73
2.03E+09 0.0104 3084.67
2.06E+09 0.0101 3083.57
2.10E+09 0.0100 3082.56
2.13E+09 0.0103 3081.57
2.16E+09 0.0105 3080.53
2.19E+09 0.0101 3079.35
2.23E+09 0.0103 3078.21
2.26E+09 0.0102 3077.05
2.30E+09 0.0107 3075.95
2.33E+09 0.0104 3074.73
2.37E+09 0.0103 3073.54
2.40E+09 0.0101 3072.41
2.44E+09 0.0100 3071.25
2.47E+09 0.0104 3070.16
2.51E+09 0.0104 3068.99
2.54E+09 0.0103 3067.89
2.57E+09 0.0103 3066.8
2.61E+09 0.0101 3065.53
2.65E+09 0.0104 3064.41
2.68E+09 0.0104 3063.33
2.71E+09 0.0101 3062.14
2.75E+09 0.0105 3061.02
2.78E+09 0.0106 3059.86
2.81E+09 0.0104 3058.88
2.84E+09 0.0105 3057.88
2.87E+09 0.0106 3056.88
2.91E+09 0.0107 3055.74
2.94E+09 0.0106 3054.61
2.97E+09 0.0105 3053.47
3.00E+09 0.0109 3052.47
3.03E+09 0.0109 3051.38
3.06E+09 0.0109 3050.28
3.10E+09 0.0107 3049.03
3.14E+09 0.0107 3047.79
3.17E+09 0.0108 3046.59
3.20E+09 0.0107 3045.54
3.23E+09 0.0106 3044.39
3.27E+09 0.0107 3043.2
3.30E+09 0.0110 3042.07
3.34E+09 0.0115 3040.83
3.38E+09 0.0109 3039.4
3.41E+09 0.0111 3038.25
3.44E+09 0.0112 3037.1
3.47E+09 0.0110 3036.02
3.50E+09 0.0116 3034.86
3.54E+09 0.0114 3033.6
3.57E+09 0.0112 3032.41
3.61E+09 0.0113 3031.12
3.64E+09 0.0115 3029.97
3.67E+09 0.0119 3028.7
3.70E+09 0.0119 3027.69
3.73E+09 0.0117 3026.27
3.77E+09 0.0117 3025.1
3.80E+09 0.0123 3023.95
3.82E+09 0.0122 3022.83
3.85E+09 0.0124 3021.68
3.88E+09 0.0123 3020.5
3.92E+09 0.0125 3019.22
3.95E+09 0.0124 3017.93
3.98E+09 0.0126 3016.54
4.02E+09 0.0129 3015.16
4.05E+09 0.0128 3013.86
4.08E+09 0.0129 3012.61
4.11E+09 0.0131 3011.33
4.15E+09 0.0130 3009.83
4.18E+09 0.0128 3008.42
4.21E+09 0.0129 3007.01
4.25E+09 0.0131 3005.62
4.28E+09 0.0133 3004.25
4.31E+09 0.0137 3002.81
4.34E+09 0.0135 3001.48
4.38E+09 0.0135 2999.96
4.41E+09 0.0133 2998.53
4.44E+09 0.0138 2997.11
4.48E+09 0.0136 2995.59
4.52E+09 0.0135 2994
4.55E+09 0.0139 2992.5
4.58E+09 0.0139 2991.02
4.61E+09 0.0138 2989.57
4.65E+09 0.0139 2987.97
4.68E+09 0.0142 2986.56
4.71E+09 0.0142 2985.04
4.75E+09 0.0141 2983.59
4.77E+09 0.0144 2982.37
4.80E+09 0.0147 2981.1
4.83E+09 0.0144 2979.65
4.87E+09 0.0144 2978.04
4.90E+09 0.0146 2976.38
4.94E+09 0.0146 2974.8
4.97E+09 0.0143 2973.13
