0.00E+00 -1.1055 7016.81
1.33E+08 0.3625 6816.51
1.84E+08 0.3635 6732
2.23E+08 0.3403 6669.71
2.55E+08 0.3242 6620.11
2.83E+08 0.3230 6578.61
3.10E+08 0.3159 6538.23
3.35E+08 0.2997 6502.97
3.57E+08 0.3048 6472.54
3.82E+08 0.2918 6438.7
4.05E+08 0.2917 6408.2
4.27E+08 0.2749 6379.91
4.46E+08 0.2817 6355.44
4.66E+08 0.2697 6330.34
4.85E+08 0.2677 6307.41
5.04E+08 0.2654 6284.31
5.22E+08 0.2608 6262.99
5.39E+08 0.2571 6241.88
5.59E+08 0.2534 6219.22
5.76E+08 0.2518 6199.68
5.91E+08 0.2432 6182.09
6.09E+08 0.2441 6162.69
6.25E+08 0.2429 6144.95
6.40E+08 0.2365 6128.37
6.55E+08 0.2352 6111.65
6.71E+08 0.2346 6094.27
6.86E+08 0.2334 6079.13
7.00E+08 0.2283 6063.59
7.15E+08 0.2236 6048.55
7.28E+08 0.2318 6035.08
7.41E+08 0.2294 6021.66
7.54E+08 0.2324 6008
7.66E+08 0.2391 5995.04
7.76E+08 0.2508 5983.14
7.81E+08 0.2758 5977.24
7.84E+08 0.3172 5973.51
7.88E+08 0.4172 5965.8
8.06E+08 0.3639 5933.64
8.37E+08 0.3411 5884.31
8.75E+08 0.3401 5826.13
9.04E+08 0.3359 5781.33
9.36E+08 0.3226 5733.3
9.59E+08 0.3548 5697.44
1.00E+09 0.3019 5638.22
1.05E+09 0.2668 5577.2
1.11E+09 0.2455 5510.48
1.15E+09 0.2307 5458.04
1.21E+09 0.2104 5400.98
1.28E+09 0.2556 5326.76
1.36E+09 0.2072 5237.5
1.44E+09 0.2000 5170.74
1.49E+09 0.2233 5116.47
1.55E+09 0.1957 5060.62
1.61E+09 0.1956 5005.17
1.68E+09 0.1837 4951.65
1.72E+09 0.1694 4919.82
1.74E+09 0.1715 4904.58
1.76E+09 0.1330 4887.68
1.79E+09 0.1496 4871.75
1.81E+09 0.1434 4855.6
1.84E+09 0.1305 4839.9
1.86E+09 0.1481 4822.43
1.89E+09 0.1381 4804.51
1.92E+09 0.1377 4788.06
1.94E+09 0.1129 4775.47
1.96E+09 0.1218 4762.78
1.99E+09 0.1193 4749.59
2.02E+09 0.1313 4731.5
2.05E+09 0.1218 4714.44
2.08E+09 0.1185 4696.31
2.11E+09 0.1111 4679.85
2.14E+09 0.1089 4667.81
2.17E+09 0.0987 4653.86
2.19E+09 0.0971 4640.94
2.22E+09 0.0839 4627.95
2.25E+09 0.0929 4616.61
2.28E+09 0.0985 4605.99
2.31E+09 0.0789 4593.2
2.34E+09 0.0822 4582.48
2.37E+09 0.0888 4571.63
2.39E+09 0.0866 4560.75
2.43E+09 0.0802 4548.79
2.46E+09 0.0776 4537.16
2.49E+09 0.0768 4525.38
2.53E+09 0.0695 4512.83
2.56E+09 0.0704 4502.09
2.59E+09 0.0761 4491.25
2.63E+09 0.0711 4480.43
2.66E+09 0.0592 4469.59
2.70E+09 0.0782 4458.87
2.73E+09 0.0642 4448.28
2.77E+09 0.0565 4438.32
2.80E+09 0.0675 4427.94
2.84E+09 0.0578 4418.18
2.88E+09 0.0578 4408.4
2.91E+09 0.0517 4399.49
2.95E+09 0.0515 4390.18
2.98E+09 0.0563 4381.99
3.02E+09 0.0485 4372.51
3.06E+09 0.0557 4363.84
3.10E+09 0.0421 4354.48
3.15E+09 0.0571 4344.94
3.18E+09 0.0463 4336.57
3.23E+09 0.0443 4327.58
3.26E+09 0.0449 4319.33
3.31E+09 0.0415 4310.59
3.35E+09 0.0436 4302.75
3.39E+09 0.0390 4294.22
3.44E+09 0.0395 4286.11
3.48E+09 0.0346 4278.89
3.53E+09 0.0346 4271.7
3.57E+09 0.0396 4264.22
3.62E+09 0.0307 4256.97
3.67E+09 0.0318 4250.12
3.71E+09 0.0355 4243.12
3.76E+09 0.0282 4235.68
3.81E+09 0.0330 4229.28
3.86E+09 0.0252 4223.3
3.90E+09 0.0320 4217.24
3.94E+09 0.0273 4211.52
4.01E+09 0.0267 4204.18
4.05E+09 0.0244 4198.85
4.11E+09 0.0245 4192.44
4.17E+09 0.0240 4186.02
4.22E+09 0.0218 4180.42
4.27E+09 0.0254 4174.53
4.33E+09 0.0191 4168.55
4.40E+09 0.0211 4162.97
4.45E+09 0.0201 4157.89
4.51E+09 0.0189 4152.88
4.57E+09 0.0176 4147.67
4.63E+09 0.0194 4142.75
4.68E+09 0.0188 4137.69
4.75E+09 0.0146 4132.92
4.81E+09 0.0186 4128.33
4.87E+09 0.0158 4123.51
4.93E+09 0.0138 4119.05
