0.00E+00 -0.9049 6440.26
1.36E+08 0.3175 6299.37
1.85E+08 0.2976 6240.88
2.22E+08 0.2923 6197.9
2.56E+08 0.2854 6160.73
2.88E+08 0.2657 6125.54
3.11E+08 0.2696 6101.06
3.38E+08 0.2582 6073.46
3.59E+08 0.2525 6051.63
3.82E+08 0.2432 6029.03
4.00E+08 0.2457 6011.43
4.19E+08 0.2362 5993.47
4.38E+08 0.2353 5975.9
4.56E+08 0.2347 5959.75
4.74E+08 0.2278 5943.17
4.90E+08 0.2282 5928.7
5.06E+08 0.2264 5914.65
5.21E+08 0.2242 5901.45
5.37E+08 0.2247 5886.96
5.52E+08 0.2257 5874.02
5.63E+08 0.2341 5863.59
5.68E+08 0.2547 5859.48
5.71E+08 0.2829 5855.68
5.76E+08 0.3088 5850.06
5.82E+08 0.3646 5841.76
6.00E+08 0.3444 5817.14
6.23E+08 0.3469 5785.57
6.48E+08 0.3521 5751.12
6.69E+08 0.3584 5721.59
6.85E+08 0.3697 5697.91
7.16E+08 0.3266 5656.9
7.51E+08 0.3058 5613.01
7.94E+08 0.2807 5563.1
8.45E+08 0.2613 5509.01
8.99E+08 0.2444 5455.34
9.57E+08 0.2308 5401.36
1.01E+09 0.2635 5350.88
1.05E+09 0.2778 5311.25
1.07E+09 0.2672 5284
1.12E+09 0.2945 5230.55
1.17E+09 0.2553 5179.52
1.21E+09 0.2379 5137.84
1.25E+09 0.2489 5103.08
1.28E+09 0.2429 5072.07
1.29E+09 0.2430 5064.19
1.31E+09 0.2160 5048.38
1.32E+09 0.2152 5032.63
1.34E+09 0.2164 5020.69
1.35E+09 0.2154 5006.1
1.37E+09 0.2151 4993.09
1.39E+09 0.2169 4976.5
1.40E+09 0.2067 4963.48
1.42E+09 0.1912 4952.95
1.43E+09 0.2004 4941.05
1.45E+09 0.2042 4926.19
1.47E+09 0.1980 4912.82
1.49E+09 0.1965 4899.76
1.50E+09 0.2028 4888.14
1.52E+09 0.1824 4874.33
1.53E+09 0.1954 4861.98
1.55E+09 0.1895 4851.14
1.57E+09 0.1769 4837.52
1.58E+09 0.1780 4825.82
1.60E+09 0.1693 4812.09
1.62E+09 0.1878 4800.46
1.64E+09 0.1655 4787.15
1.66E+09 0.1734 4772.91
1.68E+09 0.1684 4760.4
1.70E+09 0.1733 4747.42
1.72E+09 0.1549 4734.83
1.74E+09 0.1648 4722.9
1.75E+09 0.1548 4712.97
1.77E+09 0.1544 4701.82
1.79E+09 0.1499 4689.2
1.81E+09 0.1470 4677.7
1.83E+09 0.1498 4664.13
1.86E+09 0.1544 4650.8
1.88E+09 0.1388 4637.87
1.90E+09 0.1352 4625.49
1.92E+09 0.1409 4615.26
1.94E+09 0.1348 4602.87
1.97E+09 0.1331 4590.73
1.99E+09 0.1257 4578.15
2.01E+09 0.1299 4566.44
2.03E+09 0.1275 4557.32
2.05E+09 0.1203 4549.06
2.07E+09 0.1188 4539.07
2.10E+09 0.1223 4526.22
2.12E+09 0.1270 4515.11
2.14E+09 0.1135 4505.02
2.17E+09 0.1137 4493.81
2.19E+09 0.1150 4484.2
2.21E+09 0.1034 4474.24
2.24E+09 0.0962 4464.78
2.26E+09 0.1056 4456.86
2.28E+09 0.0994 4448.73
2.30E+09 0.1073 4437.44
2.33E+09 0.1039 4426.29
2.36E+09 0.0992 4415.65
2.38E+09 0.0940 4404.95
2.41E+09 0.0864 4396.59
2.44E+09 0.0836 4387.58
2.46E+09 0.0965 4378.84
2.49E+09 0.0893 4367.66
2.52E+09 0.0809 4356.96
2.55E+09 0.0725 4349.32
2.58E+09 0.0796 4340.38
2.60E+09 0.0752 4333.48
2.63E+09 0.0694 4324.68
2.66E+09 0.0708 4316.58
2.69E+09 0.0733 4308.24
2.72E+09 0.0763 4299.18
2.74E+09 0.0693 4292.55
2.77E+09 0.0756 4283.1
2.81E+09 0.0691 4274.52
2.83E+09 0.0604 4268.29
2.86E+09 0.0752 4260.04
2.89E+09 0.0677 4250.61
2.92E+09 0.0662 4243.02
2.96E+09 0.0589 4235.22
2.98E+09 0.0637 4229.61
3.02E+09 0.0574 4221.44
3.05E+09 0.0658 4212.33
3.09E+09 0.0627 4203.13
3.13E+09 0.0586 4194.09
3.16E+09 0.0564 4185.43
3.20E+09 0.0529 4177.77
3.23E+09 0.0478 4171.86
3.26E+09 0.0477 4165.26
3.30E+09 0.0413 4158.9
3.34E+09 0.0470 4152.62
3.37E+09 0.0430 4146.18
3.41E+09 0.0456 4139.42
3.45E+09 0.0445 4132.8
3.49E+09 0.0398 4126.39
3.53E+09 0.0393 4120.17
3.57E+09 0.0390 4113.89
3.61E+09 0.0380 4107.98
3.65E+09 0.0368 4102.43
3.69E+09 0.0348 4096.92
3.73E+09 0.0399 4090.64
3.76E+09 0.0394 4086.13
3.80E+09 0.0329 4079.93
3.83E+09 0.0369 4075.1
3.88E+09 0.0296 4069.69
3.92E+09 0.0322 4064.67
3.96E+09 0.0302 4059.68
4.00E+09 0.0315 4054.44
4.05E+09 0.0327 4048.62
4.10E+09 0.0359 4042.22
4.14E+09 0.0312 4036.14
4.18E+09 0.0314 4030.87
4.23E+09 0.0275 4025.83
4.27E+09 0.0268 4020.72
4.33E+09 0.0297 4015.16
4.38E+09 0.0293 4009.25
4.42E+09 0.0250 4004.87
4.47E+09 0.0239 3999.75
4.51E+09 0.0240 3995.97
4.56E+09 0.0212 3991.48
4.60E+09 0.0254 3987.37
4.65E+09 0.0204 3983.26
4.71E+09 0.0197 3978.79
4.75E+09 0.0218 3975.25
4.80E+09 0.0208 3970.99
4.86E+09 0.0188 3966.64
4.91E+09 0.0200 3962.51
4.96E+09 0.0204 3958.55
