0.00E+00 -0.4560 4686.9
3.61E+08 0.0866 4535.31
4.76E+08 0.0788 4488.97
4.86E+08 0.1196 4483.44
5.49E+08 0.1007 4449.36
6.44E+08 0.1310 4393.69
7.45E+08 0.1111 4331.22
8.69E+08 0.0971 4265.21
9.76E+08 0.0873 4215.12
1.06E+09 0.0795 4177.86
1.14E+09 0.0732 4147.71
1.22E+09 0.0695 4120.39
1.28E+09 0.0797 4096
1.34E+09 0.0749 4071.68
1.40E+09 0.0698 4051.8
1.45E+09 0.0654 4034.15
1.50E+09 0.0579 4019.67
1.55E+09 0.0605 4004.23
1.59E+09 0.0564 3991.1
1.63E+09 0.0478 3980.33
1.68E+09 0.0518 3967.63
1.73E+09 0.0435 3956.55
1.78E+09 0.0462 3944.97
1.83E+09 0.0420 3934.01
1.86E+09 0.0377 3927.26
1.89E+09 0.0414 3921.87
1.92E+09 0.0369 3915.37
1.95E+09 0.0398 3909.39
1.99E+09 0.0401 3902.73
2.02E+09 0.0375 3896.13
2.05E+09 0.0325 3890.39
2.09E+09 0.0327 3884.92
2.12E+09 0.0319 3879.64
2.16E+09 0.0362 3872.46
2.19E+09 0.0333 3866.5
2.23E+09 0.0301 3860.64
2.27E+09 0.0276 3854.73
2.31E+09 0.0252 3849.41
2.34E+09 0.0230 3846.01
2.37E+09 0.0288 3841.76
2.40E+09 0.0301 3836.21
2.45E+09 0.0278 3829.75
2.49E+09 0.0233 3824.41
2.53E+09 0.0220 3820.12
2.56E+09 0.0235 3816.23
2.59E+09 0.0247 3812.95
2.63E+09 0.0236 3808.2
2.68E+09 0.0232 3802.3
2.71E+09 0.0224 3798.11
2.76E+09 0.0218 3793.39
2.81E+09 0.0239 3786.75
2.86E+09 0.0206 3780.82
2.91E+09 0.0191 3776.1
2.95E+09 0.0167 3772.12
3.01E+09 0.0188 3767.52
3.06E+09 0.0159 3762.81
3.11E+09 0.0170 3758.64
3.17E+09 0.0150 3754
3.22E+09 0.0182 3749.54
3.27E+09 0.0152 3745.25
3.33E+09 0.0141 3740.9
3.37E+09 0.0159 3737.63
3.44E+09 0.0143 3732.64
3.50E+09 0.0153 3727.76
3.57E+09 0.0137 3723.08
3.63E+09 0.0128 3718.55
3.70E+09 0.0139 3713.65
3.77E+09 0.0127 3709.15
3.84E+09 0.0125 3705.02
3.90E+09 0.0109 3701.02
3.98E+09 0.0114 3696.95
4.05E+09 0.0115 3692.53
4.12E+09 0.0105 3688.46
4.19E+09 0.0104 3684.66
4.27E+09 0.0094 3681.08
4.34E+09 0.0087 3677.45
4.42E+09 0.0084 3674.28
4.48E+09 0.0079 3671.47
4.56E+09 0.0082 3668.41
4.64E+09 0.0102 3664.81
4.72E+09 0.0077 3661.12
4.80E+09 0.0078 3657.88
4.88E+09 0.0078 3654.85
4.96E+09 0.0079 3651.55
