0.00E+00 -0.2040 3444.43
7.13E+07 0.1171 3429.65
1.04E+08 0.1215 3414.51
1.66E+08 0.1029 3388.79
2.29E+08 0.1213 3363.79
3.13E+08 0.1045 3329.51
3.68E+08 0.0913 3309.79
3.92E+08 0.0878 3302
4.14E+08 0.0797 3295.15
4.38E+08 0.0792 3288.1
4.66E+08 0.0731 3280.42
4.93E+08 0.0706 3273.2
5.19E+08 0.0684 3266.62
5.49E+08 0.0638 3259.19
5.77E+08 0.0610 3252.75
6.07E+08 0.0565 3246.35
6.32E+08 0.0534 3241.36
6.60E+08 0.0498 3236.02
6.86E+08 0.0469 3231.42
7.13E+08 0.0439 3226.82
7.42E+08 0.0415 3222.3
7.74E+08 0.0379 3217.6
8.08E+08 0.0350 3213.04
8.42E+08 0.0316 3208.77
8.77E+08 0.0287 3204.91
9.16E+08 0.0254 3200.98
9.50E+08 0.0226 3197.97
9.88E+08 0.0200 3195.01
1.03E+09 0.0168 3191.9
1.08E+09 0.0142 3189.05
1.14E+09 0.0110 3186.34
1.21E+09 0.0083 3184.11
1.28E+09 0.0057 3182.3
1.35E+09 0.0037 3181.11
1.42E+09 0.0024 3180.34
1.49E+09 0.0014 3179.83
1.56E+09 0.0008 3179.55
1.63E+09 0.0003 3179.42
1.69E+09 0.0000 3179.38
1.74E+09 0.0000 3179.37
1.79E+09 0.0000 3179.37
1.83E+09 0.0002 3179.36
1.87E+09 0.0004 3179.32
1.91E+09 0.0005 3179.25
1.96E+09 0.0007 3179.15
2.00E+09 0.0007 3179.04
2.05E+09 0.0008 3178.91
2.10E+09 0.0009 3178.77
2.14E+09 0.0010 3178.6
2.19E+09 0.0010 3178.42
2.24E+09 0.0012 3178.24
2.29E+09 0.0014 3178
2.34E+09 0.0015 3177.73
2.39E+09 0.0016 3177.45
2.44E+09 0.0016 3177.15
2.48E+09 0.0018 3176.85
2.53E+09 0.0019 3176.53
2.58E+09 0.0021 3176.18
2.63E+09 0.0021 3175.79
2.68E+09 0.0023 3175.37
2.73E+09 0.0024 3174.94
2.78E+09 0.0026 3174.47
2.83E+09 0.0029 3173.95
2.88E+09 0.0031 3173.41
2.93E+09 0.0030 3172.85
2.98E+09 0.0033 3172.27
3.03E+09 0.0035 3171.62
3.09E+09 0.0034 3170.94
3.14E+09 0.0037 3170.24
3.19E+09 0.0035 3169.55
3.25E+09 0.0035 3168.88
3.30E+09 0.0037 3168.16
3.35E+09 0.0038 3167.45
3.40E+09 0.0040 3166.74
3.46E+09 0.0040 3165.93
3.51E+09 0.0041 3165.13
3.56E+09 0.0045 3164.35
3.61E+09 0.0044 3163.51
3.66E+09 0.0048 3162.67
3.71E+09 0.0050 3161.75
3.77E+09 0.0052 3160.78
3.82E+09 0.0051 3159.73
3.88E+09 0.0055 3158.65
3.93E+09 0.0057 3157.55
3.98E+09 0.0059 3156.44
4.03E+09 0.0062 3155.27
4.09E+09 0.0061 3154.05
4.14E+09 0.0065 3152.72
4.20E+09 0.0067 3151.44
4.25E+09 0.0072 3150.14
4.30E+09 0.0072 3148.71
4.36E+09 0.0075 3147.25
4.41E+09 0.0074 3145.76
4.46E+09 0.0076 3144.28
4.52E+09 0.0078 3142.66
4.58E+09 0.0082 3141
4.63E+09 0.0086 3139.34
4.68E+09 0.0085 3137.71
4.74E+09 0.0088 3136.01
4.79E+09 0.0090 3134.2
4.85E+09 0.0093 3132.34
4.90E+09 0.0090 3130.47
4.95E+09 0.0093 3128.72
