0.00E+00 -0.8672 6096.17
2.74E+08 0.1842 5727.49
3.74E+08 0.1514 5603
4.55E+08 0.1435 5512.54
5.33E+08 0.1296 5432.79
6.07E+08 0.1234 5362.34
6.87E+08 0.1149 5290.44
7.73E+08 0.1086 5218.79
8.70E+08 0.0990 5143.16
9.81E+08 0.0907 5064.05
1.11E+09 0.0809 4981.86
1.19E+09 0.0815 4936.26
1.20E+09 0.1759 4924.57
1.21E+09 0.1574 4905.25
1.30E+09 0.0801 4841.73
1.53E+09 0.0777 4708.21
1.74E+09 0.0640 4593.1
1.93E+09 0.0482 4521.38
2.08E+09 0.0524 4456.88
2.22E+09 0.0420 4407.42
2.34E+09 0.0343 4372.51
2.45E+09 0.0286 4347.22
2.53E+09 0.0261 4330.93
2.60E+09 0.0300 4318.25
2.64E+09 0.0306 4307.16
2.69E+09 0.0284 4297.21
2.73E+09 0.0278 4287.78
2.78E+09 0.0252 4278.06
2.84E+09 0.0238 4268.49
2.88E+09 0.0214 4261.14
2.92E+09 0.0248 4253.2
2.97E+09 0.0219 4245.18
3.02E+09 0.0178 4237.35
3.08E+09 0.0186 4229.29
3.13E+09 0.0208 4222.86
3.18E+09 0.0194 4215.4
3.23E+09 0.0177 4207.6
3.29E+09 0.0182 4200.23
3.34E+09 0.0159 4192.94
3.40E+09 0.0152 4186.12
3.46E+09 0.0151 4180.05
3.52E+09 0.0149 4173.25
3.57E+09 0.0148 4166.77
3.63E+09 0.0131 4160.53
3.70E+09 0.0122 4154.33
3.76E+09 0.0117 4148.68
3.83E+09 0.0117 4142.94
3.89E+09 0.0108 4137.29
3.96E+09 0.0099 4132.12
4.03E+09 0.0094 4127.09
4.10E+09 0.0099 4122.21
4.16E+09 0.0091 4117.65
4.24E+09 0.0079 4112.99
4.30E+09 0.0082 4108.89
4.37E+09 0.0082 4104.71
4.45E+09 0.0080 4100.19
4.52E+09 0.0074 4096.14
4.59E+09 0.0067 4092.11
4.67E+09 0.0072 4088.02
4.74E+09 0.0064 4084.3
4.82E+09 0.0060 4080.7
4.90E+09 0.0060 4077.15
4.98E+09 0.0057 4073.49
