0.00E+00 -0.6634 5435.92
2.74E+08 0.1333 5215.02
3.68E+08 0.1273 5143.35
4.36E+08 0.1182 5094.73
5.02E+08 0.1137 5050.09
5.69E+08 0.1057 5007.38
6.24E+08 0.1014 4974.64
6.79E+08 0.0958 4942.81
7.35E+08 0.0920 4911.33
7.85E+08 0.0912 4885.05
8.26E+08 0.0953 4863.13
8.39E+08 0.1476 4854.82
8.46E+08 0.1754 4848.57
8.63E+08 0.1547 4832.09
9.33E+08 0.1268 4775.14
1.05E+09 0.1198 4695.45
1.11E+09 0.1075 4646.99
1.24E+09 0.0893 4574.09
1.38E+09 0.0719 4509.9
1.54E+09 0.0842 4438.27
1.68E+09 0.0679 4377.04
1.81E+09 0.0650 4323.89
1.93E+09 0.0568 4277.63
2.02E+09 0.0505 4248.25
2.09E+09 0.0444 4228.97
2.13E+09 0.0464 4219.41
2.16E+09 0.0394 4211.61
2.20E+09 0.0331 4203.15
2.24E+09 0.0381 4195.8
2.27E+09 0.0364 4188.94
2.30E+09 0.0319 4181.96
2.34E+09 0.0391 4174.93
2.37E+09 0.0335 4168.06
2.41E+09 0.0286 4160.55
2.45E+09 0.0368 4153.81
2.48E+09 0.0307 4147.33
2.53E+09 0.0253 4140.24
2.57E+09 0.0320 4133.21
2.60E+09 0.0269 4126.39
2.65E+09 0.0220 4119.91
2.70E+09 0.0264 4114.04
2.73E+09 0.0270 4108.03
2.77E+09 0.0260 4101.46
2.83E+09 0.0204 4094.7
2.88E+09 0.0212 4088.84
2.92E+09 0.0212 4083.19
2.96E+09 0.0186 4078.5
3.01E+09 0.0206 4073.28
3.05E+09 0.0233 4068.01
3.09E+09 0.0172 4062.7
3.14E+09 0.0170 4058.37
3.19E+09 0.0169 4052.84
3.24E+09 0.0192 4047.64
3.29E+09 0.0163 4042.45
3.35E+09 0.0138 4037.64
3.40E+09 0.0129 4033.23
3.46E+09 0.0167 4028.5
3.52E+09 0.0136 4023.37
3.58E+09 0.0129 4018.5
3.64E+09 0.0117 4014.15
3.70E+09 0.0107 4010.25
3.76E+09 0.0106 4006.55
3.81E+09 0.0117 4003.23
3.88E+09 0.0095 3999.12
3.95E+09 0.0115 3995.08
4.01E+09 0.0103 3991
4.07E+09 0.0077 3987.63
4.14E+09 0.0083 3984.57
4.20E+09 0.0095 3981.3
4.27E+09 0.0078 3977.84
4.35E+09 0.0072 3974.32
4.42E+09 0.0072 3971.43
4.49E+09 0.0067 3968.25
4.56E+09 0.0077 3965.58
4.63E+09 0.0067 3962.54
4.70E+09 0.0060 3959.79
4.77E+09 0.0050 3957.47
4.84E+09 0.0053 3955.37
4.91E+09 0.0065 3953.24
4.98E+09 0.0073 3950.04
