0.00E+00 -0.4547 4499.47
1.09E+08 0.1591 4473.87
1.40E+08 0.1903 4460.37
1.88E+08 0.1732 4438.36
2.49E+08 0.1827 4411.58
2.96E+08 0.1799 4390.16
3.56E+08 0.1737 4363.54
3.89E+08 0.1785 4348.8
4.10E+08 0.1742 4339.65
4.27E+08 0.1703 4332.13
4.41E+08 0.1672 4326.13
4.54E+08 0.1647 4320.97
4.65E+08 0.1641 4316.14
4.78E+08 0.1607 4311.08
4.88E+08 0.1575 4306.91
4.97E+08 0.1537 4303.31
5.04E+08 0.1511 4300.96
5.11E+08 0.1470 4298.32
5.19E+08 0.1416 4295.4
5.25E+08 0.1391 4293.3
5.31E+08 0.1379 4290.99
5.39E+08 0.1354 4288.23
5.47E+08 0.1326 4285.54
5.55E+08 0.1326 4283.04
5.62E+08 0.1275 4280.54
5.70E+08 0.1229 4278.27
5.76E+08 0.1192 4276.29
5.84E+08 0.1184 4273.79
5.93E+08 0.1182 4271.34
6.01E+08 0.1175 4268.92
6.09E+08 0.1161 4266.56
6.16E+08 0.1152 4264.37
6.24E+08 0.1175 4262.19
6.32E+08 0.1202 4259.82
6.40E+08 0.1230 4257.3
6.49E+08 0.1270 4254.58
6.58E+08 0.1269 4251.54
6.69E+08 0.1296 4248
6.81E+08 0.1329 4243.89
6.95E+08 0.1344 4239.36
7.05E+08 0.1299 4235.85
7.14E+08 0.1226 4232.97
7.23E+08 0.1167 4230.41
7.32E+08 0.1129 4227.77
7.42E+08 0.1125 4225.03
7.50E+08 0.1067 4222.59
7.58E+08 0.0989 4220.57
7.68E+08 0.0990 4218.09
7.76E+08 0.1099 4216.14
7.84E+08 0.1104 4213.87
7.93E+08 0.1039 4211.51
8.04E+08 0.0974 4208.58
8.13E+08 0.0981 4206.35
8.23E+08 0.0968 4204.03
8.31E+08 0.0983 4201.99
8.41E+08 0.0933 4199.65
8.51E+08 0.0951 4197.13
8.61E+08 0.0945 4194.74
8.72E+08 0.0961 4192.31
8.83E+08 0.0939 4189.58
8.95E+08 0.0897 4186.98
9.06E+08 0.0969 4184.29
9.22E+08 0.0943 4180.52
9.36E+08 0.0922 4177.17
9.50E+08 0.0889 4174.1
9.62E+08 0.0874 4171.48
9.72E+08 0.0868 4169.3
9.82E+08 0.0862 4166.93
9.92E+08 0.0834 4164.95
1.00E+09 0.0812 4162.91
1.01E+09 0.0819 4161.02
1.02E+09 0.0777 4159.17
1.03E+09 0.0772 4157.2
1.04E+09 0.0806 4155.22
1.05E+09 0.0784 4153.36
1.06E+09 0.0795 4151.65
1.07E+09 0.0802 4149.57
1.08E+09 0.0789 4147.79
1.09E+09 0.0786 4145.78
1.10E+09 0.0774 4143.92
1.10E+09 0.0785 4142.45
1.11E+09 0.0762 4140.97
1.12E+09 0.0792 4139.32
1.13E+09 0.0742 4137.57
1.14E+09 0.0785 4136.15
1.14E+09 0.0766 4134.75
1.15E+09 0.0759 4133.32
1.16E+09 0.0767 4131.86
1.17E+09 0.0754 4130.53
1.17E+09 0.0745 4129.48
1.18E+09 0.0755 4128.47
1.18E+09 0.0770 4127.44
1.19E+09 0.0763 4126.3
1.20E+09 0.0767 4124.93
1.20E+09 0.0770 4123.56
1.21E+09 0.0762 4122.15
1.22E+09 0.0761 4120.88
1.22E+09 0.0759 4119.51
1.23E+09 0.0733 4118.23
1.24E+09 0.0760 4116.88
1.24E+09 0.0761 4115.55
1.25E+09 0.0762 4114.44
1.26E+09 0.0759 4113.25
1.26E+09 0.0758 4111.92
1.27E+09 0.0755 4110.64
1.28E+09 0.0761 4109.39
1.28E+09 0.0765 4108.09
1.29E+09 0.0766 4106.61
1.30E+09 0.0731 4105.19
1.31E+09 0.0786 4103.69
1.31E+09 0.0763 4102.15
1.32E+09 0.0764 4100.99
1.33E+09 0.0765 4099.8
1.33E+09 0.0754 4098.52
1.34E+09 0.0772 4097.05
1.35E+09 0.0771 4095.59
1.36E+09 0.0767 4094.08
1.36E+09 0.0781 4092.7
1.37E+09 0.0760 4091.39
1.38E+09 0.0777 4089.8
1.39E+09 0.0783 4088.29
1.39E+09 0.0768 4086.68
1.40E+09 0.0765 4084.98
1.41E+09 0.0743 4083.45
1.42E+09 0.0749 4081.72
1.43E+09 0.0743 4080.16
1.44E+09 0.0768 4078.68
1.45E+09 0.0795 4077.02
1.46E+09 0.0767 4075.05
1.46E+09 0.0772 4073.26
1.47E+09 0.0766 4071.74
1.48E+09 0.0771 4070.07
1.49E+09 0.0766 4068.21
1.50E+09 0.0769 4066.35
1.51E+09 0.0760 4064.51
1.52E+09 0.0753 4062.87
1.53E+09 0.0761 4061.05
1.54E+09 0.0742 4059.26
1.55E+09 0.0731 4057.39
1.56E+09 0.0740 4055.66
1.57E+09 0.0777 4053.85
1.58E+09 0.0761 4051.97
1.59E+09 0.0721 4050.11
1.60E+09 0.0755 4048.33
1.60E+09 0.0754 4046.58
1.62E+09 0.0741 4044.32
1.63E+09 0.0754 4042.37
1.64E+09 0.0743 4040.42
1.65E+09 0.0732 4038.53
1.66E+09 0.0718 4036.59
1.67E+09 0.0709 4034.71
1.68E+09 0.0702 4032.78
1.69E+09 0.0721 4031.29
1.70E+09 0.0685 4029.58
1.71E+09 0.0693 4028.06
1.72E+09 0.0693 4026.42
1.73E+09 0.0707 4024.69
1.74E+09 0.0694 4023.07
1.74E+09 0.0675 4021.56
1.75E+09 0.0671 4020.11
1.76E+09 0.0622 4018.64
1.77E+09 0.0662 4017.17
1.78E+09 0.0676 4015.97
1.78E+09 0.0661 4014.84
1.79E+09 0.0642 4013.67
1.80E+09 0.0638 4012.24
1.81E+09 0.0638 4010.93
1.82E+09 0.0653 4009.3
1.83E+09 0.0690 4008.05
1.84E+09 0.0693 4006.12
1.85E+09 0.0637 4004.36
1.86E+09 0.0629 4002.65
1.87E+09 0.0677 4000.87
1.88E+09 0.0674 3998.94
1.89E+09 0.0660 3997.03
1.90E+09 0.0642 3995.3
1.91E+09 0.0619 3993.54
1.92E+09 0.0607 3992.09
1.93E+09 0.0634 3990.42
1.94E+09 0.0662 3988.72
1.96E+09 0.0610 3986.86
1.97E+09 0.0648 3984.94
1.98E+09 0.0634 3982.9
1.99E+09 0.0679 3981.09
2.00E+09 0.0680 3979.26
2.02E+09 0.0639 3977.16
2.03E+09 0.0632 3975.1
2.04E+09 0.0643 3973
2.06E+09 0.0643 3970.69
2.07E+09 0.0643 3968.28
2.09E+09 0.0630 3965.82
2.10E+09 0.0616 3963.78
2.11E+09 0.0647 3961.3
2.13E+09 0.0607 3959.15
2.14E+09 0.0614 3956.89
2.16E+09 0.0617 3954.49
2.17E+09 0.0623 3952.12
2.19E+09 0.0617 3950.03
2.20E+09 0.0577 3947.87
2.22E+09 0.0607 3945.79
2.23E+09 0.0617 3943.48
2.24E+09 0.0611 3941.79
2.25E+09 0.0575 3939.97
2.27E+09 0.0552 3937.82
2.28E+09 0.0564 3936.24
2.29E+09 0.0547 3934.51
2.30E+09 0.0530 3933.1
2.31E+09 0.0551 3931.55
2.32E+09 0.0564 3930.07
2.34E+09 0.0540 3928.61
2.35E+09 0.0538 3927.06
2.36E+09 0.0549 3925.65
2.37E+09 0.0556 3923.93
2.38E+09 0.0564 3922.31
2.39E+09 0.0533 3920.54
2.41E+09 0.0533 3918.87
2.42E+09 0.0532 3917.05
2.43E+09 0.0574 3914.95
2.45E+09 0.0533 3912.82
2.46E+09 0.0542 3910.94
2.48E+09 0.0553 3908.76
2.50E+09 0.0540 3906.65
2.51E+09 0.0534 3904.49
2.53E+09 0.0507 3902.44
2.54E+09 0.0486 3900.6
2.56E+09 0.0525 3898.74
2.57E+09 0.0557 3896.57
2.59E+09 0.0562 3894.25
2.60E+09 0.0545 3891.95
2.62E+09 0.0512 3889.57
2.64E+09 0.0522 3887.16
2.66E+09 0.0516 3884.62
2.68E+09 0.0536 3882.54
2.69E+09 0.0521 3880.4
2.71E+09 0.0503 3878.09
2.73E+09 0.0510 3875.87
2.75E+09 0.0523 3873.24
2.77E+09 0.0487 3871.01
2.78E+09 0.0475 3869.19
2.80E+09 0.0440 3867.48
2.81E+09 0.0489 3865.65
2.83E+09 0.0457 3863.66
2.85E+09 0.0455 3861.62
2.86E+09 0.0456 3859.96
2.88E+09 0.0455 3858.21
2.89E+09 0.0471 3856.41
2.91E+09 0.0463 3854.21
2.93E+09 0.0455 3852.07
2.94E+09 0.0458 3850.21
2.97E+09 0.0475 3847.84
2.98E+09 0.0452 3845.69
3.00E+09 0.0462 3843.68
3.02E+09 0.0434 3841.63
3.04E+09 0.0427 3839.78
3.05E+09 0.0398 3837.99
3.07E+09 0.0429 3836.24
3.08E+09 0.0430 3834.66
3.10E+09 0.0427 3832.75
3.12E+09 0.0401 3831.27
3.13E+09 0.0418 3829.77
3.14E+09 0.0429 3828.45
3.16E+09 0.0429 3826.91
3.17E+09 0.0412 3825.23
3.18E+09 0.0397 3824.1
3.20E+09 0.0407 3822.6
3.22E+09 0.0405 3820.98
3.23E+09 0.0458 3819.19
3.26E+09 0.0421 3816.62
3.27E+09 0.0401 3814.75
3.29E+09 0.0387 3812.82
3.31E+09 0.0394 3811.26
3.33E+09 0.0388 3809.56
3.35E+09 0.0416 3807.61
3.36E+09 0.0406 3805.7
3.38E+09 0.0409 3803.85
3.40E+09 0.0396 3801.91
3.42E+09 0.0382 3800.28
3.43E+09 0.0384 3798.65
3.45E+09 0.0376 3797.06
3.47E+09 0.0367 3795.54
3.49E+09 0.0356 3793.83
3.50E+09 0.0402 3792.1
3.52E+09 0.0403 3790.08
3.54E+09 0.0363 3788.14
3.56E+09 0.0346 3786.52
3.58E+09 0.0346 3785.08
3.60E+09 0.0357 3783.69
3.61E+09 0.0356 3782.15
3.63E+09 0.0336 3780.63
3.65E+09 0.0326 3779.28
3.66E+09 0.0329 3777.95
3.68E+09 0.0329 3776.52
3.69E+09 0.0353 3775.2
3.71E+09 0.0378 3773.49
3.74E+09 0.0369 3771.24
3.76E+09 0.0354 3768.9
3.78E+09 0.0338 3766.97
3.81E+09 0.0325 3765.21
3.83E+09 0.0347 3763.46
3.85E+09 0.0364 3761.62
3.86E+09 0.0348 3760.09
3.89E+09 0.0337 3757.98
3.91E+09 0.0326 3756.26
3.93E+09 0.0318 3754.39
3.95E+09 0.0331 3752.84
3.97E+09 0.0323 3751
3.99E+09 0.0339 3749.31
4.02E+09 0.0315 3747.54
4.04E+09 0.0311 3746.02
4.06E+09 0.0292 3744.3
4.08E+09 0.0317 3742.89
4.10E+09 0.0305 3741.37
4.12E+09 0.0327 3739.55
4.14E+09 0.0319 3737.84
4.16E+09 0.0310 3736.15
4.18E+09 0.0314 3734.52
4.21E+09 0.0316 3732.6
4.23E+09 0.0304 3731.04
4.24E+09 0.0294 3729.64
4.27E+09 0.0299 3727.8
4.29E+09 0.0305 3725.98
4.32E+09 0.0306 3724.31
4.34E+09 0.0324 3722.48
4.36E+09 0.0315 3720.7
4.38E+09 0.0300 3718.89
4.41E+09 0.0285 3717.04
4.43E+09 0.0280 3715.57
4.45E+09 0.0269 3714.08
4.47E+09 0.0266 3712.65
4.49E+09 0.0277 3711.29
4.51E+09 0.0273 3710
4.53E+09 0.0271 3708.47
4.56E+09 0.0259 3706.89
4.58E+09 0.0265 3705.45
4.60E+09 0.0252 3704.12
4.62E+09 0.0244 3702.88
4.64E+09 0.0246 3701.71
4.65E+09 0.0260 3700.75
4.67E+09 0.0263 3699.95
4.68E+09 0.0252 3699.1
4.70E+09 0.0233 3698.09
4.71E+09 0.0230 3697.22
4.73E+09 0.0251 3696
4.74E+09 0.0259 3695.28
4.76E+09 0.0239 3694.35
4.78E+09 0.0234 3693.24
4.79E+09 0.0246 3692.27
4.80E+09 0.0244 3691.56
4.82E+09 0.0227 3690.33
4.85E+09 0.0243 3688.99
4.86E+09 0.0238 3688.09
4.88E+09 0.0227 3687.12
4.90E+09 0.0236 3686.1
4.91E+09 0.0245 3685.05
4.93E+09 0.0251 3683.78
4.95E+09 0.0256 3683
4.97E+09 0.0251 3681.63
4.99E+09 0.0255 3680.23
