0.00E+00 -0.7316 5810.16
1.62E+08 0.2408 5690.92
2.15E+08 0.2281 5646.32
2.58E+08 0.2081 5611.56
2.91E+08 0.2028 5585.16
3.20E+08 0.2021 5562.51
3.52E+08 0.1901 5539.28
3.75E+08 0.1879 5522.1
3.99E+08 0.1837 5505.52
4.21E+08 0.1809 5490.24
4.42E+08 0.1810 5475.6
4.59E+08 0.1882 5463.58
4.66E+08 0.2174 5458.39
4.71E+08 0.2667 5454.14
4.85E+08 0.3035 5437.46
5.19E+08 0.2667 5401.75
5.66E+08 0.2338 5357.28
6.24E+08 0.2442 5305.6
6.56E+08 0.2727 5274.11
6.77E+08 0.3017 5250.68
7.18E+08 0.2784 5205.45
7.91E+08 0.2472 5132.46
8.56E+08 0.2220 5073.98
9.20E+08 0.1906 5023.72
9.82E+08 0.2325 4978.52
1.03E+09 0.2463 4932.55
1.10E+09 0.2205 4875.77
1.13E+09 0.2136 4851.44
1.14E+09 0.2031 4841.77
1.15E+09 0.2041 4831.85
1.17E+09 0.1836 4821.96
1.18E+09 0.1897 4812.78
1.19E+09 0.1845 4801.92
1.21E+09 0.1802 4793.37
1.22E+09 0.1742 4785.99
1.23E+09 0.1916 4776.69
1.24E+09 0.1686 4767.98
1.26E+09 0.1876 4759.58
1.27E+09 0.1743 4749.4
1.28E+09 0.1853 4740.41
1.30E+09 0.1802 4729
1.32E+09 0.1662 4718.71
1.33E+09 0.1734 4709.18
1.35E+09 0.1757 4698.03
1.36E+09 0.1697 4688.4
1.38E+09 0.1595 4678.79
1.39E+09 0.1560 4672.95
1.40E+09 0.1584 4663.09
1.42E+09 0.1633 4653.57
1.43E+09 0.1523 4644.99
1.45E+09 0.1563 4636.42
1.46E+09 0.1592 4628.26
1.48E+09 0.1550 4618.12
1.50E+09 0.1558 4608.96
1.51E+09 0.1444 4600.24
1.52E+09 0.1413 4592.56
1.54E+09 0.1452 4584.25
1.55E+09 0.1376 4576.82
1.57E+09 0.1364 4569.31
1.58E+09 0.1419 4560.96
1.60E+09 0.1420 4551.15
1.62E+09 0.1329 4543.35
1.64E+09 0.1404 4533.87
1.65E+09 0.1310 4526.39
1.66E+09 0.1220 4520.09
1.68E+09 0.1335 4511.75
1.70E+09 0.1331 4503.03
1.72E+09 0.1249 4494.52
1.73E+09 0.1256 4486.23
1.75E+09 0.1298 4477.41
1.77E+09 0.1154 4468.15
1.79E+09 0.1190 4460.62
1.80E+09 0.1211 4453.4
1.82E+09 0.1158 4445.76
1.84E+09 0.1164 4436.42
1.86E+09 0.1154 4426.35
1.89E+09 0.1167 4416.32
1.91E+09 0.1162 4407.87
1.93E+09 0.1042 4399.45
1.95E+09 0.1021 4391.31
1.97E+09 0.1056 4383.31
1.99E+09 0.1059 4375.96
2.01E+09 0.1076 4368.17
2.03E+09 0.0986 4360.34
2.05E+09 0.1053 4350.45
2.08E+09 0.0963 4340.22
2.10E+09 0.0991 4331.52
2.12E+09 0.0923 4324.9
2.14E+09 0.0945 4316.47
2.16E+09 0.0867 4310.13
2.18E+09 0.0911 4303.29
2.21E+09 0.0867 4294.22
2.23E+09 0.0904 4287.39
2.25E+09 0.0838 4279.38
2.28E+09 0.0811 4271.44
2.30E+09 0.0819 4263.79
2.33E+09 0.0883 4257.18
2.35E+09 0.0788 4248.9
2.38E+09 0.0813 4240.17
2.41E+09 0.0780 4231.57
2.43E+09 0.0681 4224.67
2.46E+09 0.0715 4218.08
2.49E+09 0.0710 4210.1
2.51E+09 0.0691 4203.52
2.54E+09 0.0716 4196.57
2.56E+09 0.0638 4190.96
2.59E+09 0.0652 4184.14
2.62E+09 0.0714 4176.62
2.65E+09 0.0613 4168.01
2.68E+09 0.0612 4162.76
2.71E+09 0.0581 4155.28
2.74E+09 0.0605 4148.36
2.77E+09 0.0625 4140.76
2.81E+09 0.0536 4133.25
2.84E+09 0.0570 4126.12
2.87E+09 0.0568 4118.87
2.91E+09 0.0540 4111.73
2.94E+09 0.0528 4104.76
2.97E+09 0.0528 4099.12
3.00E+09 0.0509 4092.8
3.03E+09 0.0468 4087.96
3.06E+09 0.0468 4082.12
3.10E+09 0.0479 4075.69
3.14E+09 0.0474 4068.76
3.18E+09 0.0452 4062.05
3.21E+09 0.0442 4055.44
3.25E+09 0.0465 4048.69
3.29E+09 0.0415 4042.81
3.33E+09 0.0414 4036.63
3.36E+09 0.0374 4031.36
3.40E+09 0.0393 4026.24
3.44E+09 0.0376 4020.93
3.47E+09 0.0319 4016.14
3.51E+09 0.0327 4011.91
3.55E+09 0.0361 4006.84
3.59E+09 0.0374 4000.7
3.63E+09 0.0352 3994.49
3.68E+09 0.0345 3988.39
3.72E+09 0.0370 3982.44
3.77E+09 0.0311 3977.03
3.81E+09 0.0303 3972.5
3.85E+09 0.0271 3968.18
3.89E+09 0.0272 3963.96
3.93E+09 0.0271 3959.42
3.98E+09 0.0298 3954.54
4.02E+09 0.0281 3949.67
4.06E+09 0.0246 3945.79
4.11E+09 0.0267 3941.27
4.15E+09 0.0270 3936.27
4.20E+09 0.0242 3931.85
4.25E+09 0.0238 3927.93
4.29E+09 0.0242 3923.39
4.34E+09 0.0262 3918.89
4.39E+09 0.0218 3914.62
4.43E+09 0.0213 3911.01
4.47E+09 0.0204 3907.56
4.52E+09 0.0196 3904.08
4.57E+09 0.0192 3900.65
4.61E+09 0.0196 3897.12
4.66E+09 0.0191 3893.51
4.71E+09 0.0196 3889.9
4.77E+09 0.0176 3886.16
4.82E+09 0.0183 3882.87
4.86E+09 0.0182 3879.56
4.91E+09 0.0181 3876.23
4.96E+09 0.0167 3872.91
