0.00E+00 -0.8046 6004.33
1.46E+08 0.2782 5885.89
1.96E+08 0.2593 5839.08
2.35E+08 0.2421 5803.37
2.66E+08 0.2287 5776.12
2.95E+08 0.2304 5752.44
3.23E+08 0.2150 5729.11
3.45E+08 0.2225 5711.06
3.71E+08 0.2084 5690.09
3.91E+08 0.2103 5674.83
4.14E+08 0.2042 5656.91
4.34E+08 0.2019 5642.43
4.52E+08 0.1992 5628.71
4.68E+08 0.1979 5616.74
4.83E+08 0.1979 5605.73
4.95E+08 0.2039 5596.87
4.98E+08 0.2225 5594.95
5.01E+08 0.2421 5591.92
5.06E+08 0.2628 5588.02
5.12E+08 0.2865 5581.32
5.30E+08 0.3086 5561.76
5.53E+08 0.3186 5534.26
5.68E+08 0.3473 5517.08
5.88E+08 0.2924 5492.48
6.25E+08 0.2583 5454.87
6.68E+08 0.2551 5415.12
7.11E+08 0.2608 5374.04
7.38E+08 0.2809 5347.02
7.61E+08 0.2998 5322.15
7.90E+08 0.2950 5288.76
8.42E+08 0.2646 5234.4
8.92E+08 0.2350 5188.21
9.43E+08 0.2201 5146.12
9.90E+08 0.2679 5103.91
1.05E+09 0.2601 5050.46
1.10E+09 0.2421 4999.11
1.12E+09 0.2243 4984.12
1.13E+09 0.2082 4973.23
1.15E+09 0.2203 4962.8
1.16E+09 0.2154 4948.99
1.18E+09 0.2186 4937.56
1.19E+09 0.2149 4926.01
1.21E+09 0.2082 4914.89
1.22E+09 0.2089 4905.52
1.23E+09 0.1997 4895.52
1.25E+09 0.1922 4885.13
1.26E+09 0.1921 4877.47
1.27E+09 0.1929 4866.82
1.29E+09 0.2072 4855.27
1.30E+09 0.1989 4842.59
1.32E+09 0.1886 4832.72
1.33E+09 0.1973 4823.72
1.35E+09 0.1806 4813.3
1.36E+09 0.1840 4804.54
1.37E+09 0.1866 4796.07
1.38E+09 0.1694 4786.64
1.40E+09 0.1825 4779.33
1.41E+09 0.1832 4767.98
1.43E+09 0.1674 4758.76
1.44E+09 0.1674 4748.9
1.46E+09 0.1694 4740.16
1.47E+09 0.1653 4731.78
1.48E+09 0.1663 4724.31
1.50E+09 0.1677 4715.79
1.51E+09 0.1578 4707.12
1.53E+09 0.1673 4698.16
1.54E+09 0.1615 4688.98
1.56E+09 0.1485 4679.68
1.57E+09 0.1583 4671.81
1.59E+09 0.1590 4662.95
1.60E+09 0.1466 4653.14
1.62E+09 0.1473 4644.55
1.64E+09 0.1562 4635.48
1.65E+09 0.1429 4626.83
1.67E+09 0.1550 4617.85
1.68E+09 0.1441 4609.04
1.70E+09 0.1377 4600.87
1.72E+09 0.1455 4592.1
1.73E+09 0.1369 4582.61
1.75E+09 0.1363 4572.83
1.77E+09 0.1351 4564.7
1.79E+09 0.1257 4557.13
1.80E+09 0.1262 4548.66
1.82E+09 0.1324 4541.91
1.84E+09 0.1190 4533.73
1.85E+09 0.1215 4526.24
1.87E+09 0.1248 4519.28
1.89E+09 0.1253 4510.52
1.90E+09 0.1276 4502.36
1.93E+09 0.1193 4492.78
1.94E+09 0.1256 4485.02
1.96E+09 0.1124 4478.35
1.98E+09 0.1188 4469.45
2.00E+09 0.1149 4461.62
2.02E+09 0.1157 4452.18
2.04E+09 0.1093 4444.96
2.06E+09 0.1069 4437.24
2.08E+09 0.1085 4429.43
2.09E+09 0.0985 4422.01
2.12E+09 0.1017 4414.32
2.13E+09 0.1024 4408.43
2.15E+09 0.0986 4401.21
2.17E+09 0.0921 4394.35
2.19E+09 0.0998 4386.98
2.22E+09 0.1019 4378.14
2.24E+09 0.0912 4368.94
2.26E+09 0.0974 4360.9
2.29E+09 0.0879 4353.23
2.31E+09 0.0857 4347.31
2.33E+09 0.0852 4341.01
2.35E+09 0.0868 4333.29
2.37E+09 0.0830 4325.18
2.39E+09 0.0832 4319
2.42E+09 0.0773 4311.98
2.44E+09 0.0805 4304.48
2.47E+09 0.0725 4297.61
2.49E+09 0.0761 4291.28
2.52E+09 0.0782 4284.36
2.54E+09 0.0751 4277.2
2.57E+09 0.0769 4269.41
2.60E+09 0.0673 4261.73
2.62E+09 0.0730 4254.8
2.65E+09 0.0638 4247.47
2.68E+09 0.0689 4240.65
2.71E+09 0.0661 4233.46
2.74E+09 0.0661 4226.07
2.77E+09 0.0645 4218.7
2.79E+09 0.0599 4212.76
2.82E+09 0.0593 4206.38
2.85E+09 0.0556 4200.25
2.88E+09 0.0617 4194.7
2.91E+09 0.0558 4187.46
2.94E+09 0.0596 4181.53
2.97E+09 0.0545 4175.14
3.00E+09 0.0553 4169.69
3.03E+09 0.0520 4164.17
3.06E+09 0.0507 4157.89
3.08E+09 0.0486 4153.76
3.11E+09 0.0477 4148.61
3.14E+09 0.0478 4143.97
3.17E+09 0.0473 4137.98
3.21E+09 0.0475 4131.41
3.25E+09 0.0460 4125.32
3.29E+09 0.0481 4118.29
3.32E+09 0.0414 4112.26
3.36E+09 0.0438 4106.4
3.40E+09 0.0406 4100.55
3.44E+09 0.0410 4094.3
3.48E+09 0.0392 4088.25
3.52E+09 0.0382 4082.21
3.56E+09 0.0383 4076.11
3.61E+09 0.0349 4070.12
3.65E+09 0.0361 4064.44
3.69E+09 0.0377 4058.71
3.74E+09 0.0350 4052.87
3.78E+09 0.0327 4047.04
3.83E+09 0.0332 4041.37
3.87E+09 0.0322 4035.8
3.92E+09 0.0311 4030.54
3.97E+09 0.0292 4024.94
4.02E+09 0.0290 4019.51
4.07E+09 0.0286 4014.29
4.11E+09 0.0277 4009.44
4.16E+09 0.0254 4005.13
4.20E+09 0.0253 4001.53
4.24E+09 0.0219 3998.11
4.28E+09 0.0261 3994.45
4.32E+09 0.0216 3990.72
4.36E+09 0.0243 3987.2
4.41E+09 0.0208 3983.56
4.45E+09 0.0216 3979.99
4.50E+09 0.0218 3976.41
4.54E+09 0.0223 3972.78
4.59E+09 0.0195 3969.26
4.63E+09 0.0199 3965.83
4.68E+09 0.0201 3962.47
4.73E+09 0.0174 3958.75
4.78E+09 0.0190 3955.44
4.83E+09 0.0180 3951.9
4.88E+09 0.0166 3948.52
4.93E+09 0.0167 3945.41
4.99E+09 0.0180 3942.1
