0.00E+00 -0.3245 4083.74
4.34E+07 0.1875 4070.6
5.51E+07 0.2323 4062.44
7.14E+07 0.2252 4049.98
1.07E+08 0.2015 4025.32
1.48E+08 0.2206 3998.91
1.97E+08 0.2000 3964.66
2.41E+08 0.2053 3934.95
2.68E+08 0.1931 3917.08
2.87E+08 0.1853 3905.62
3.03E+08 0.1796 3896.02
3.21E+08 0.1754 3885.18
3.40E+08 0.1731 3874.45
3.58E+08 0.1650 3864.55
3.74E+08 0.1622 3856.31
3.89E+08 0.1580 3848.56
4.02E+08 0.1550 3841.68
4.17E+08 0.1484 3834.52
4.28E+08 0.1461 3829.02
4.40E+08 0.1445 3823.09
4.54E+08 0.1419 3816.68
4.65E+08 0.1387 3811.74
4.76E+08 0.1374 3806.98
4.89E+08 0.1335 3800.83
5.04E+08 0.1300 3794.62
5.16E+08 0.1272 3789.4
5.29E+08 0.1236 3784.07
5.41E+08 0.1219 3779.3
5.55E+08 0.1192 3773.97
5.69E+08 0.1132 3768.38
5.79E+08 0.1135 3764.66
5.90E+08 0.1104 3760.65
6.02E+08 0.1077 3756.48
6.17E+08 0.1055 3751.35
6.29E+08 0.1021 3747.32
6.40E+08 0.1007 3743.6
6.52E+08 0.0992 3739.59
6.67E+08 0.0958 3734.93
6.81E+08 0.0940 3730.64
6.97E+08 0.0898 3725.6
7.12E+08 0.0875 3721.22
7.28E+08 0.0851 3716.85
7.45E+08 0.0825 3712.27
7.64E+08 0.0791 3707.18
7.80E+08 0.0769 3703.05
7.98E+08 0.0741 3698.74
8.15E+08 0.0714 3694.63
8.28E+08 0.0697 3691.68
8.43E+08 0.0677 3688.15
8.58E+08 0.0663 3684.87
8.74E+08 0.0647 3681.46
8.88E+08 0.0635 3678.63
9.01E+08 0.0626 3675.96
9.16E+08 0.0610 3672.83
9.29E+08 0.0602 3670.27
9.39E+08 0.0607 3668.14
9.51E+08 0.0598 3665.9
9.66E+08 0.0608 3662.95
9.79E+08 0.0598 3660.48
9.90E+08 0.0590 3658.23
1.00E+09 0.0596 3656.18
1.01E+09 0.0588 3654.03
1.02E+09 0.0591 3651.58
1.04E+09 0.0586 3648.54
1.05E+09 0.0579 3646.28
1.06E+09 0.0574 3643.98
1.08E+09 0.0571 3641.4
1.09E+09 0.0563 3638.64
1.11E+09 0.0570 3636.33
1.12E+09 0.0555 3633.9
1.13E+09 0.0559 3631.49
1.15E+09 0.0560 3628.64
1.16E+09 0.0550 3625.95
1.18E+09 0.0547 3623.28
1.19E+09 0.0541 3620.66
1.21E+09 0.0534 3617.49
1.23E+09 0.0535 3614.52
1.24E+09 0.0527 3612
1.26E+09 0.0526 3609.57
1.27E+09 0.0528 3606.9
1.29E+09 0.0512 3603.98
1.30E+09 0.0513 3601.35
1.32E+09 0.0516 3598.86
1.33E+09 0.0507 3596.48
1.35E+09 0.0507 3593.93
1.37E+09 0.0501 3591.28
1.38E+09 0.0493 3588.8
1.40E+09 0.0486 3585.98
1.42E+09 0.0490 3582.79
1.43E+09 0.0487 3580.11
1.45E+09 0.0482 3577.27
1.47E+09 0.0474 3574.57
1.49E+09 0.0475 3571.97
1.50E+09 0.0466 3569.29
1.52E+09 0.0468 3566.73
1.54E+09 0.0466 3563.85
1.56E+09 0.0457 3561.2
1.58E+09 0.0450 3558.69
1.59E+09 0.0456 3555.91
1.61E+09 0.0443 3553.54
1.63E+09 0.0437 3551.31
1.64E+09 0.0440 3549.42
1.66E+09 0.0438 3546.98
1.67E+09 0.0432 3544.47
1.69E+09 0.0424 3542.22
1.70E+09 0.0430 3540.11
1.72E+09 0.0429 3537.55
1.74E+09 0.0421 3535.15
1.76E+09 0.0413 3532.82
1.78E+09 0.0412 3530.28
1.80E+09 0.0411 3527.6
1.81E+09 0.0411 3525.27
1.84E+09 0.0402 3522.38
1.86E+09 0.0400 3519.88
1.88E+09 0.0395 3517.23
1.89E+09 0.0396 3514.83
1.92E+09 0.0385 3512.15
1.94E+09 0.0386 3509.49
1.96E+09 0.0380 3506.69
1.98E+09 0.0377 3504.11
2.00E+09 0.0370 3501.43
2.02E+09 0.0371 3498.82
2.05E+09 0.0365 3496.11
2.07E+09 0.0360 3493.58
2.09E+09 0.0358 3490.91
2.11E+09 0.0357 3488.2
2.14E+09 0.0350 3485.41
2.16E+09 0.0342 3482.78
2.18E+09 0.0343 3480.47
2.20E+09 0.0341 3477.86
2.23E+09 0.0338 3475.14
2.25E+09 0.0335 3472.77
2.27E+09 0.0327 3470.16
2.30E+09 0.0327 3467.65
2.32E+09 0.0324 3465.3
2.35E+09 0.0317 3462.47
2.37E+09 0.0313 3459.91
2.40E+09 0.0312 3457.21
2.42E+09 0.0309 3454.57
2.45E+09 0.0311 3451.9
2.47E+09 0.0305 3449.55
2.50E+09 0.0294 3446.95
2.52E+09 0.0295 3444.56
2.55E+09 0.0294 3442.06
2.58E+09 0.0285 3439.61
2.60E+09 0.0288 3437.05
2.63E+09 0.0284 3434.61
2.66E+09 0.0276 3432.06
2.68E+09 0.0274 3429.71
2.71E+09 0.0275 3427.09
2.74E+09 0.0266 3424.74
2.76E+09 0.0263 3422.47
2.79E+09 0.0266 3420.34
2.82E+09 0.0259 3417.85
2.85E+09 0.0262 3415.54
2.87E+09 0.0258 3413.07
2.90E+09 0.0250 3410.65
2.93E+09 0.0251 3408.22
2.96E+09 0.0244 3405.73
2.99E+09 0.0244 3403.35
3.02E+09 0.0239 3400.87
3.05E+09 0.0241 3398.69
3.08E+09 0.0237 3396.38
3.11E+09 0.0233 3394.05
3.14E+09 0.0231 3391.72
3.17E+09 0.0231 3389.86
3.20E+09 0.0227 3387.72
3.23E+09 0.0222 3385.58
3.26E+09 0.0223 3383.33
3.29E+09 0.0219 3380.85
3.32E+09 0.0215 3378.7
3.36E+09 0.0213 3376.1
3.39E+09 0.0211 3373.77
3.42E+09 0.0210 3371.43
3.46E+09 0.0206 3369.18
3.49E+09 0.0206 3366.7
3.53E+09 0.0202 3364.56
3.56E+09 0.0204 3362.21
3.60E+09 0.0199 3359.85
3.64E+09 0.0198 3357.36
3.67E+09 0.0191 3354.98
3.71E+09 0.0194 3352.89
3.75E+09 0.0192 3350.37
3.79E+09 0.0189 3347.97
3.82E+09 0.0182 3346.02
3.85E+09 0.0185 3343.91
3.89E+09 0.0182 3341.61
3.93E+09 0.0183 3339.38
3.97E+09 0.0177 3337.17
4.01E+09 0.0176 3334.92
4.05E+09 0.0175 3332.56
4.09E+09 0.0170 3330.32
4.13E+09 0.0167 3328.06
4.17E+09 0.0167 3325.88
4.21E+09 0.0169 3323.57
4.25E+09 0.0166 3321.36
4.29E+09 0.0163 3319.04
4.33E+09 0.0161 3316.92
4.37E+09 0.0158 3314.79
4.41E+09 0.0162 3312.74
4.46E+09 0.0160 3310.53
4.50E+09 0.0156 3308.23
4.54E+09 0.0157 3306.18
4.58E+09 0.0153 3304.06
4.62E+09 0.0152 3301.9
4.67E+09 0.0154 3299.79
4.71E+09 0.0156 3297.65
4.75E+09 0.0155 3295.62
4.79E+09 0.0147 3293.69
4.83E+09 0.0156 3291.5
4.88E+09 0.0151 3289.31
4.92E+09 0.0149 3287.06
4.97E+09 0.0143 3284.99
