0.00E+00 -0.2404 3688.46
4.22E+07 0.1403 3681.98
5.31E+07 0.1712 3676.92
6.15E+07 0.1689 3672.83
7.57E+07 0.1618 3666.11
1.10E+08 0.1573 3650.51
1.48E+08 0.1588 3633.46
1.90E+08 0.1587 3614.07
2.28E+08 0.1471 3597.5
2.48E+08 0.1421 3589.16
2.65E+08 0.1372 3582.21
2.83E+08 0.1331 3575.09
3.01E+08 0.1270 3568.37
3.16E+08 0.1247 3563.11
3.29E+08 0.1224 3558.37
3.42E+08 0.1184 3553.88
3.55E+08 0.1171 3549.4
3.67E+08 0.1148 3545.35
3.83E+08 0.1122 3540.25
3.96E+08 0.1094 3536
4.08E+08 0.1082 3532.11
4.24E+08 0.1035 3527.39
4.35E+08 0.1020 3524.15
4.47E+08 0.1002 3520.44
4.61E+08 0.0982 3516.66
4.75E+08 0.0958 3512.8
4.88E+08 0.0924 3509.14
5.03E+08 0.0906 3505.29
5.13E+08 0.0885 3502.77
5.25E+08 0.0865 3499.58
5.40E+08 0.0844 3495.89
5.53E+08 0.0820 3492.89
5.67E+08 0.0801 3489.49
5.82E+08 0.0779 3486.13
5.96E+08 0.0761 3483.11
6.10E+08 0.0741 3480.09
6.24E+08 0.0718 3476.99
6.40E+08 0.0698 3473.86
6.54E+08 0.0682 3471.13
6.68E+08 0.0663 3468.41
6.83E+08 0.0644 3465.49
6.96E+08 0.0628 3463.05
7.10E+08 0.0615 3460.56
7.24E+08 0.0597 3458.21
7.37E+08 0.0589 3455.97
7.49E+08 0.0582 3453.98
7.59E+08 0.0574 3452.24
7.69E+08 0.0566 3450.58
7.80E+08 0.0564 3448.89
7.92E+08 0.0560 3446.92
8.05E+08 0.0558 3444.82
8.16E+08 0.0556 3443.01
8.27E+08 0.0549 3441.29
8.38E+08 0.0544 3439.64
8.47E+08 0.0543 3438.13
8.59E+08 0.0539 3436.3
8.71E+08 0.0535 3434.46
8.83E+08 0.0528 3432.63
8.95E+08 0.0523 3430.89
9.08E+08 0.0517 3428.84
9.22E+08 0.0510 3426.79
9.37E+08 0.0511 3424.65
9.51E+08 0.0503 3422.62
9.64E+08 0.0500 3420.72
9.77E+08 0.0498 3418.75
9.89E+08 0.0494 3417.11
1.00E+09 0.0489 3415.39
1.01E+09 0.0488 3413.75
1.02E+09 0.0484 3412.14
1.04E+09 0.0482 3410.57
1.05E+09 0.0472 3409.01
1.06E+09 0.0480 3407.65
1.07E+09 0.0472 3406.19
1.08E+09 0.0462 3404.78
1.09E+09 0.0467 3403.37
1.10E+09 0.0469 3401.99
1.11E+09 0.0466 3400.69
1.12E+09 0.0459 3399.27
1.13E+09 0.0460 3397.83
1.14E+09 0.0457 3396.38
1.15E+09 0.0455 3394.6
1.17E+09 0.0456 3392.94
1.18E+09 0.0453 3391.49
1.19E+09 0.0451 3389.93
1.20E+09 0.0446 3388.37
1.21E+09 0.0452 3386.89
1.22E+09 0.0447 3385.48
1.24E+09 0.0442 3383.65
1.25E+09 0.0442 3381.98
1.27E+09 0.0438 3380.06
1.28E+09 0.0439 3378.21
1.30E+09 0.0440 3376.32
1.31E+09 0.0436 3374.6
1.32E+09 0.0436 3373.06
1.34E+09 0.0434 3371.44
1.35E+09 0.0429 3369.54
1.36E+09 0.0436 3367.98
1.38E+09 0.0432 3366.29
1.39E+09 0.0426 3364.3
1.41E+09 0.0431 3362.4
1.43E+09 0.0427 3360.15
1.44E+09 0.0419 3358.31
1.45E+09 0.0417 3356.73
1.47E+09 0.0415 3355.19
1.48E+09 0.0415 3353.58
1.50E+09 0.0409 3351.73
1.51E+09 0.0408 3349.84
1.53E+09 0.0411 3348.15
1.54E+09 0.0409 3346.44
1.56E+09 0.0405 3344.48
1.57E+09 0.0401 3342.69
1.59E+09 0.0395 3340.99
1.61E+09 0.0397 3339.01
1.62E+09 0.0397 3337.37
1.63E+09 0.0394 3335.73
1.65E+09 0.0389 3333.98
1.66E+09 0.0389 3332.52
1.68E+09 0.0385 3331.04
1.69E+09 0.0385 3329.35
1.71E+09 0.0380 3327.69
1.72E+09 0.0380 3325.82
1.74E+09 0.0375 3324.04
1.76E+09 0.0376 3322.38
1.77E+09 0.0376 3320.79
1.79E+09 0.0374 3319.16
1.80E+09 0.0368 3317.33
1.81E+09 0.0372 3315.97
1.83E+09 0.0370 3314.17
1.85E+09 0.0364 3312.69
1.86E+09 0.0361 3311.14
1.87E+09 0.0359 3309.85
1.88E+09 0.0359 3308.61
1.90E+09 0.0360 3307.4
1.91E+09 0.0358 3305.91
1.93E+09 0.0352 3304.3
1.94E+09 0.0356 3302.7
1.96E+09 0.0355 3301.03
1.98E+09 0.0348 3299.12
2.00E+09 0.0353 3297.36
2.01E+09 0.0350 3295.67
2.03E+09 0.0350 3294.08
2.05E+09 0.0343 3292.37
2.06E+09 0.0345 3290.78
2.08E+09 0.0344 3289.01
2.10E+09 0.0342 3287.25
2.11E+09 0.0337 3285.67
2.13E+09 0.0337 3283.95
2.15E+09 0.0338 3282.18
2.17E+09 0.0333 3280.3
2.19E+09 0.0329 3278.45
2.21E+09 0.0331 3276.56
2.23E+09 0.0326 3274.5
2.25E+09 0.0327 3272.6
2.27E+09 0.0323 3270.57
2.29E+09 0.0321 3268.66
2.31E+09 0.0319 3266.87
2.33E+09 0.0319 3265.17
2.35E+09 0.0319 3263.32
2.37E+09 0.0319 3261.43
2.39E+09 0.0319 3259.53
2.41E+09 0.0312 3257.63
2.43E+09 0.0311 3255.68
2.45E+09 0.0307 3253.93
2.47E+09 0.0306 3252.34
2.49E+09 0.0304 3250.78
2.51E+09 0.0302 3248.88
2.53E+09 0.0297 3246.9
2.56E+09 0.0300 3245.03
2.58E+09 0.0298 3243.32
2.60E+09 0.0291 3241.28
2.62E+09 0.0294 3239.43
2.64E+09 0.0287 3237.51
2.67E+09 0.0282 3235.7
2.69E+09 0.0284 3233.88
2.71E+09 0.0282 3232.2
2.73E+09 0.0280 3230.69
2.75E+09 0.0278 3229.04
2.77E+09 0.0277 3227.53
2.79E+09 0.0277 3226.04
2.81E+09 0.0271 3224.42
2.83E+09 0.0273 3222.77
2.85E+09 0.0266 3220.8
2.88E+09 0.0269 3218.99
2.90E+09 0.0263 3217.22
2.92E+09 0.0264 3215.38
2.95E+09 0.0265 3213.42
2.97E+09 0.0262 3211.51
3.00E+09 0.0256 3209.8
3.02E+09 0.0256 3207.96
3.04E+09 0.0257 3206.18
3.07E+09 0.0254 3204.51
3.09E+09 0.0252 3202.82
3.12E+09 0.0251 3200.93
3.14E+09 0.0254 3198.98
3.17E+09 0.0248 3197.24
3.20E+09 0.0247 3195.27
3.22E+09 0.0246 3193.52
3.25E+09 0.0241 3191.72
3.27E+09 0.0243 3189.95
3.30E+09 0.0244 3188.24
3.32E+09 0.0237 3186.39
3.35E+09 0.0238 3184.69
3.37E+09 0.0237 3183.04
3.40E+09 0.0230 3181.42
3.42E+09 0.0232 3179.73
3.45E+09 0.0232 3178.09
3.47E+09 0.0232 3176.5
3.49E+09 0.0227 3174.78
3.52E+09 0.0224 3173.33
3.54E+09 0.0227 3171.76
3.56E+09 0.0222 3170.23
3.59E+09 0.0222 3168.59
3.61E+09 0.0224 3166.98
3.64E+09 0.0222 3165.48
3.66E+09 0.0219 3163.99
3.69E+09 0.0220 3162.38
3.71E+09 0.0219 3160.77
3.74E+09 0.0217 3158.94
3.77E+09 0.0213 3157.2
3.80E+09 0.0213 3155.62
3.82E+09 0.0212 3154.26
3.84E+09 0.0212 3152.75
3.87E+09 0.0213 3151.28
3.89E+09 0.0211 3149.9
3.92E+09 0.0208 3148.26
3.94E+09 0.0209 3146.6
3.97E+09 0.0205 3144.92
4.00E+09 0.0208 3143.38
4.02E+09 0.0210 3141.88
4.05E+09 0.0204 3140.07
4.08E+09 0.0205 3138.51
4.11E+09 0.0202 3136.79
4.14E+09 0.0202 3135.15
4.16E+09 0.0204 3133.61
4.19E+09 0.0199 3131.94
4.22E+09 0.0200 3130.24
4.25E+09 0.0198 3128.57
4.28E+09 0.0194 3126.81
4.31E+09 0.0199 3125.23
4.34E+09 0.0200 3123.55
4.37E+09 0.0200 3121.95
4.39E+09 0.0200 3120.4
4.42E+09 0.0195 3118.78
4.45E+09 0.0197 3117.16
4.48E+09 0.0198 3115.65
4.50E+09 0.0195 3114.09
4.53E+09 0.0197 3112.67
4.56E+09 0.0197 3111.2
4.58E+09 0.0195 3109.66
4.61E+09 0.0195 3108.11
4.64E+09 0.0192 3106.62
4.67E+09 0.0188 3105.05
4.69E+09 0.0194 3103.67
4.72E+09 0.0195 3102.21
4.75E+09 0.0197 3100.51
4.78E+09 0.0193 3098.88
4.81E+09 0.0194 3097.13
4.84E+09 0.0191 3095.46
4.87E+09 0.0191 3093.84
4.89E+09 0.0194 3092.34
4.92E+09 0.0193 3090.78
4.95E+09 0.0193 3089.16
4.98E+09 0.0194 3087.63
