0.00E+00 -0.3817 4406.75
7.82E+07 0.2059 4358.38
1.28E+08 0.1993 4313.32
2.23E+08 0.1673 4239.53
3.19E+08 0.1588 4170.56
3.89E+08 0.1412 4124.96
4.55E+08 0.1319 4086.81
5.06E+08 0.1256 4058.51
5.45E+08 0.1202 4038.06
5.72E+08 0.1193 4024
5.99E+08 0.1086 4011.1
6.29E+08 0.1049 3997.34
6.57E+08 0.1013 3984.46
6.89E+08 0.0922 3971.13
7.13E+08 0.0999 3960.61
7.36E+08 0.0949 3950.77
7.55E+08 0.0901 3943.02
7.87E+08 0.0875 3930.94
8.16E+08 0.0883 3919.68
8.43E+08 0.0893 3909.46
8.68E+08 0.0785 3900.44
8.93E+08 0.0796 3892.19
9.15E+08 0.0782 3884.5
9.40E+08 0.0745 3876.36
9.58E+08 0.0753 3870.29
9.83E+08 0.0686 3862.79
1.01E+09 0.0698 3855.52
1.03E+09 0.0699 3848.72
1.06E+09 0.0653 3841.48
1.08E+09 0.0614 3833.61
1.12E+09 0.0591 3824.5
1.15E+09 0.0595 3817.71
1.17E+09 0.0584 3812.24
1.19E+09 0.0552 3806.3
1.22E+09 0.0517 3800.34
1.24E+09 0.0511 3795.25
1.27E+09 0.0487 3788.08
1.31E+09 0.0487 3779.91
1.35E+09 0.0444 3771.92
1.39E+09 0.0436 3765.27
1.42E+09 0.0408 3759.41
1.44E+09 0.0427 3755.63
1.47E+09 0.0400 3750.46
1.50E+09 0.0414 3745.73
1.53E+09 0.0406 3741.03
1.55E+09 0.0377 3737.27
1.57E+09 0.0382 3733.65
1.59E+09 0.0366 3729.68
1.62E+09 0.0368 3725.57
1.64E+09 0.0363 3721.8
1.67E+09 0.0359 3717.95
1.69E+09 0.0351 3714.42
1.72E+09 0.0344 3709.92
1.75E+09 0.0342 3705.42
1.79E+09 0.0320 3700.49
1.81E+09 0.0332 3696.86
1.84E+09 0.0310 3693.14
1.88E+09 0.0321 3688.66
1.91E+09 0.0305 3684.26
1.94E+09 0.0293 3679.69
1.97E+09 0.0300 3675.76
2.01E+09 0.0272 3671.74
2.04E+09 0.0275 3667.4
2.08E+09 0.0271 3663.71
2.11E+09 0.0277 3659.79
2.14E+09 0.0281 3655.64
2.18E+09 0.0253 3651.25
2.22E+09 0.0260 3647.21
2.26E+09 0.0251 3642.98
2.30E+09 0.0247 3638.89
2.34E+09 0.0236 3634.85
2.37E+09 0.0229 3630.93
2.41E+09 0.0226 3627.38
2.45E+09 0.0212 3623.7
2.49E+09 0.0223 3619.86
2.54E+09 0.0217 3615.55
2.58E+09 0.0202 3611.69
2.62E+09 0.0208 3608.26
2.66E+09 0.0205 3604.92
2.70E+09 0.0204 3601.29
2.75E+09 0.0187 3597.2
2.79E+09 0.0189 3593.27
2.84E+09 0.0180 3589.21
2.89E+09 0.0181 3585.48
2.94E+09 0.0172 3581.66
2.99E+09 0.0169 3577.9
3.04E+09 0.0169 3574.39
3.09E+09 0.0179 3571.11
3.13E+09 0.0170 3567.8
3.17E+09 0.0157 3564.91
3.21E+09 0.0159 3562.51
3.25E+09 0.0159 3559.58
3.29E+09 0.0154 3556.81
3.34E+09 0.0151 3553.84
3.38E+09 0.0152 3550.67
3.44E+09 0.0147 3547.31
3.48E+09 0.0140 3544.39
3.53E+09 0.0141 3541.78
3.58E+09 0.0139 3538.71
3.63E+09 0.0136 3535.83
3.68E+09 0.0137 3532.62
3.73E+09 0.0134 3529.44
3.79E+09 0.0129 3526.14
3.85E+09 0.0123 3523.21
3.90E+09 0.0118 3520.68
3.94E+09 0.0119 3518.17
3.99E+09 0.0120 3515.7
4.05E+09 0.0117 3513.03
4.11E+09 0.0112 3509.95
4.17E+09 0.0115 3506.93
4.23E+09 0.0111 3504.04
4.28E+09 0.0115 3501.75
4.32E+09 0.0108 3499.48
4.37E+09 0.0105 3497.49
4.41E+09 0.0106 3495.5
4.46E+09 0.0101 3493.13
4.51E+09 0.0104 3490.94
4.57E+09 0.0099 3488.54
4.63E+09 0.0099 3486.12
4.69E+09 0.0101 3483.5
4.75E+09 0.0096 3480.7
4.82E+09 0.0093 3477.89
4.89E+09 0.0098 3475.04
4.96E+09 0.0092 3472.37
