0.00E+00 -0.5763 5227.84
2.19E+08 0.1362 5103.27
2.90E+08 0.1470 5059.05
3.54E+08 0.1388 5020.82
4.02E+08 0.1262 4993.26
4.21E+08 0.1317 4983.11
4.23E+08 0.1451 4981.85
4.29E+08 0.1620 4977.55
4.42E+08 0.1681 4968.4
4.62E+08 0.2077 4953.19
4.90E+08 0.1787 4929.25
5.61E+08 0.2030 4874.13
6.19E+08 0.1969 4820.56
7.41E+08 0.1702 4724.87
8.48E+08 0.1515 4651.22
9.29E+08 0.1356 4600.74
9.94E+08 0.1363 4563.97
1.04E+09 0.1439 4536.34
1.09E+09 0.1411 4508.11
1.13E+09 0.1418 4478.51
1.17E+09 0.1404 4454.48
1.20E+09 0.1351 4435.56
1.23E+09 0.1208 4421.43
1.26E+09 0.1250 4407.5
1.28E+09 0.1239 4394.65
1.31E+09 0.1192 4378.87
1.34E+09 0.1153 4366.59
1.36E+09 0.1182 4353.76
1.38E+09 0.1138 4341.98
1.41E+09 0.1083 4331.75
1.43E+09 0.1071 4322.33
1.44E+09 0.1065 4314.12
1.46E+09 0.1049 4305.06
1.49E+09 0.1110 4295.33
1.50E+09 0.1020 4286.86
1.52E+09 0.0944 4278.91
1.54E+09 0.1040 4270.3
1.56E+09 0.1029 4261.35
1.59E+09 0.0939 4251.13
1.61E+09 0.0891 4244.05
1.62E+09 0.0967 4236.5
1.64E+09 0.0928 4229.19
1.67E+09 0.0924 4219.14
1.69E+09 0.0904 4211.34
1.71E+09 0.0868 4203.82
1.73E+09 0.0884 4195.63
1.76E+09 0.0823 4185.67
1.78E+09 0.0786 4178.81
1.80E+09 0.0819 4171.45
1.82E+09 0.0805 4162.84
1.85E+09 0.0751 4154.58
1.87E+09 0.0729 4148.4
1.89E+09 0.0778 4141.47
1.92E+09 0.0799 4131.89
1.94E+09 0.0756 4122.48
1.97E+09 0.0717 4113.83
2.00E+09 0.0721 4106.47
2.03E+09 0.0684 4097.12
2.05E+09 0.0658 4090.75
2.08E+09 0.0665 4082.52
2.11E+09 0.0673 4074.42
2.14E+09 0.0633 4065.07
2.17E+09 0.0643 4057.04
2.20E+09 0.0595 4048.38
2.23E+09 0.0647 4041.01
2.25E+09 0.0555 4034.84
2.29E+09 0.0588 4026.62
2.32E+09 0.0564 4018.89
2.36E+09 0.0516 4010.58
2.39E+09 0.0572 4001.67
2.42E+09 0.0533 3994.49
2.46E+09 0.0501 3987.41
2.49E+09 0.0475 3980.69
2.53E+09 0.0497 3973.24
2.57E+09 0.0481 3964.4
2.61E+09 0.0411 3956.94
2.64E+09 0.0399 3951.77
2.67E+09 0.0411 3944.77
2.72E+09 0.0389 3937.32
2.76E+09 0.0405 3930.38
2.80E+09 0.0355 3923.41
2.84E+09 0.0420 3917.12
2.87E+09 0.0372 3911.18
2.92E+09 0.0367 3903.83
2.95E+09 0.0346 3898.45
3.00E+09 0.0337 3892
3.04E+09 0.0328 3885.31
3.09E+09 0.0345 3878.57
3.14E+09 0.0294 3871.34
3.18E+09 0.0281 3866.75
3.23E+09 0.0291 3860.75
3.28E+09 0.0270 3854.56
3.32E+09 0.0232 3850.2
3.37E+09 0.0282 3844.76
3.42E+09 0.0290 3838.15
3.47E+09 0.0255 3832.1
3.52E+09 0.0251 3826.2
3.57E+09 0.0246 3821.23
3.63E+09 0.0225 3815.73
3.68E+09 0.0250 3810.22
3.73E+09 0.0207 3804.79
3.78E+09 0.0207 3800.78
3.83E+09 0.0214 3796.45
3.88E+09 0.0198 3791.53
3.93E+09 0.0213 3787.02
3.99E+09 0.0180 3782
4.04E+09 0.0171 3778.24
4.09E+09 0.0202 3774.11
4.14E+09 0.0172 3769.91
4.19E+09 0.0152 3766.27
4.25E+09 0.0147 3762.87
4.30E+09 0.0189 3759.05
4.35E+09 0.0161 3755.06
4.41E+09 0.0135 3751.43
4.46E+09 0.0154 3748.37
4.51E+09 0.0143 3745.23
4.56E+09 0.0141 3742.25
4.62E+09 0.0132 3738.98
4.67E+09 0.0151 3735.81
4.73E+09 0.0120 3732.6
4.78E+09 0.0142 3729.38
4.83E+09 0.0128 3726.26
4.89E+09 0.0141 3723.09
4.95E+09 0.0116 3719.88
