0.00E+00 -0.4767 4651.57
8.60E+07 0.2067 4628.77
1.25E+08 0.2108 4608.04
1.58E+08 0.2058 4591.38
2.08E+08 0.2126 4566.32
2.52E+08 0.2105 4543.88
2.80E+08 0.2074 4529.75
3.01E+08 0.2058 4519.32
3.15E+08 0.2065 4512.49
3.31E+08 0.2016 4504.36
3.43E+08 0.1985 4498.38
3.54E+08 0.1968 4493.29
3.63E+08 0.1950 4489.24
3.74E+08 0.1926 4484.07
3.82E+08 0.1887 4480.24
3.88E+08 0.1870 4477.45
3.96E+08 0.1876 4473.99
4.05E+08 0.1892 4469.77
4.15E+08 0.1924 4465.04
4.22E+08 0.1895 4461.96
4.31E+08 0.1886 4457.92
4.40E+08 0.1852 4453.92
4.46E+08 0.1831 4451.27
4.53E+08 0.1797 4448.14
4.60E+08 0.1737 4445.13
4.65E+08 0.1690 4442.88
4.69E+08 0.1638 4441.16
4.77E+08 0.1616 4438.17
4.84E+08 0.1640 4435.58
4.90E+08 0.1682 4432.83
4.98E+08 0.1731 4429.47
5.07E+08 0.1694 4425.89
5.12E+08 0.1670 4424.03
5.17E+08 0.1635 4421.89
5.28E+08 0.1731 4417.26
5.42E+08 0.1775 4411.29
5.51E+08 0.1736 4407.6
5.56E+08 0.1718 4405.43
5.63E+08 0.1692 4402.61
5.70E+08 0.1645 4399.72
5.76E+08 0.1611 4397.57
5.82E+08 0.1571 4395.12
5.91E+08 0.1524 4391.72
5.99E+08 0.1526 4388.77
6.07E+08 0.1489 4385.97
6.13E+08 0.1464 4383.73
6.20E+08 0.1413 4381.49
6.26E+08 0.1363 4379.4
6.32E+08 0.1338 4377.24
6.38E+08 0.1324 4375.34
6.44E+08 0.1307 4373.49
6.50E+08 0.1304 4371.6
6.57E+08 0.1336 4369.55
6.63E+08 0.1356 4367.31
6.71E+08 0.1384 4364.89
6.77E+08 0.1326 4362.67
6.85E+08 0.1262 4360.23
6.92E+08 0.1260 4358.17
6.98E+08 0.1298 4356.19
7.05E+08 0.1335 4354.03
7.13E+08 0.1256 4351.59
7.20E+08 0.1213 4349.37
7.28E+08 0.1230 4347.04
7.36E+08 0.1309 4344.72
7.43E+08 0.1296 4342.52
7.52E+08 0.1184 4339.71
7.61E+08 0.1241 4337.18
7.69E+08 0.1206 4334.82
7.78E+08 0.1213 4332.09
7.87E+08 0.1220 4329.46
7.96E+08 0.1230 4326.69
8.06E+08 0.1202 4323.87
8.15E+08 0.1192 4321.06
8.25E+08 0.1163 4318.45
8.32E+08 0.1170 4316.26
8.40E+08 0.1158 4314.07
8.48E+08 0.1143 4311.96
8.55E+08 0.1126 4309.99
8.62E+08 0.1101 4308.15
8.68E+08 0.1100 4306.35
8.76E+08 0.1108 4304.41
8.82E+08 0.1070 4302.7
8.89E+08 0.1095 4300.98
8.96E+08 0.1077 4299.16
9.02E+08 0.1084 4297.56
9.08E+08 0.1058 4295.86
9.16E+08 0.1060 4293.79
9.24E+08 0.1060 4291.75
9.34E+08 0.1086 4289.33
9.43E+08 0.1074 4286.78
9.51E+08 0.1073 4284.85
9.58E+08 0.1044 4283.06
9.63E+08 0.1060 4281.64
9.69E+08 0.1052 4280.08
9.75E+08 0.1047 4278.7
9.79E+08 0.1043 4277.62
9.84E+08 0.1042 4276.4
9.89E+08 0.1019 4275.2
9.94E+08 0.1027 4273.97
9.98E+08 0.1051 4272.81
1.00E+09 0.1064 4271.76
1.01E+09 0.1045 4270.65
1.01E+09 0.1049 4269.24
1.02E+09 0.1040 4267.69
1.02E+09 0.1052 4266.17
1.03E+09 0.1055 4264.78
1.04E+09 0.1048 4263.38
1.04E+09 0.1045 4262.04
1.05E+09 0.1047 4260.53
1.05E+09 0.1044 4259.21
1.06E+09 0.1037 4258.07
1.06E+09 0.1035 4256.78
1.07E+09 0.1047 4255.36
1.07E+09 0.1041 4254
1.08E+09 0.1046 4252.57
1.08E+09 0.1049 4251.19
1.09E+09 0.1037 4249.76
1.10E+09 0.1022 4248.22
1.10E+09 0.1052 4246.8
1.11E+09 0.1036 4245.3
1.11E+09 0.1029 4243.84
1.12E+09 0.1072 4242.65
1.12E+09 0.1059 4241.23
1.13E+09 0.1022 4239.59
1.14E+09 0.1051 4237.87
1.14E+09 0.1025 4236.39
1.15E+09 0.1038 4235.03
1.15E+09 0.1020 4233.74
1.16E+09 0.1037 4232.35
1.16E+09 0.1020 4230.82
1.17E+09 0.1048 4229.26
1.18E+09 0.1027 4227.73
1.18E+09 0.1044 4226.07
1.19E+09 0.1040 4224.28
1.20E+09 0.1060 4222.5
1.20E+09 0.1047 4220.72
1.21E+09 0.1045 4218.87
1.22E+09 0.1045 4217.02
1.23E+09 0.1049 4215.43
1.23E+09 0.1039 4213.57
1.24E+09 0.1049 4211.69
1.25E+09 0.1048 4209.72
1.26E+09 0.1057 4207.67
1.26E+09 0.1025 4205.62
1.27E+09 0.1059 4203.71
1.28E+09 0.1066 4201.71
1.29E+09 0.1052 4199.23
1.30E+09 0.1022 4196.94
1.31E+09 0.1017 4194.76
1.32E+09 0.1008 4192.63
1.33E+09 0.1016 4190.49
1.33E+09 0.1033 4188.32
1.34E+09 0.1042 4185.72
1.35E+09 0.1029 4183.16
1.36E+09 0.1011 4180.78
1.37E+09 0.1039 4179.01
1.38E+09 0.1050 4176.39
1.39E+09 0.1016 4173.53
1.40E+09 0.1014 4171.09
1.41E+09 0.1047 4168.36
1.42E+09 0.1039 4165.58
1.44E+09 0.1007 4162.91
1.45E+09 0.1026 4160.09
1.46E+09 0.1028 4157.47
1.47E+09 0.1016 4154.58
1.48E+09 0.1000 4151.89
1.49E+09 0.1011 4149.39
1.50E+09 0.0963 4146.88
1.51E+09 0.0984 4144.15
1.52E+09 0.0957 4141.38
1.54E+09 0.0987 4138.98
1.55E+09 0.0957 4136.45
1.56E+09 0.0905 4133.95
1.57E+09 0.0930 4131.89
1.58E+09 0.0934 4129.74
1.59E+09 0.0985 4127.03
1.60E+09 0.0955 4124.3
1.61E+09 0.0932 4122.13
1.62E+09 0.0914 4119.56
1.63E+09 0.0898 4117.35
1.64E+09 0.0864 4115.38
1.65E+09 0.0948 4112.74
1.66E+09 0.0947 4110.18
1.67E+09 0.0927 4107.53
1.68E+09 0.0898 4105.05
1.70E+09 0.0906 4102.61
1.71E+09 0.0889 4100.14
1.72E+09 0.0911 4097.65
1.73E+09 0.0903 4095.22
1.74E+09 0.0847 4093
1.75E+09 0.0885 4090.97
1.76E+09 0.0886 4088.26
1.77E+09 0.0869 4085.74
1.79E+09 0.0863 4083.22
1.80E+09 0.0882 4080.54
1.81E+09 0.0880 4078.26
1.82E+09 0.0813 4075.77
1.83E+09 0.0832 4073.88
1.84E+09 0.0831 4071.79
1.85E+09 0.0881 4069.58
1.86E+09 0.0848 4067.46
1.87E+09 0.0802 4065.19
1.88E+09 0.0815 4063.2
1.89E+09 0.0787 4061.42
1.90E+09 0.0798 4059.54
1.91E+09 0.0817 4057.74
1.92E+09 0.0807 4055.59
1.93E+09 0.0810 4053.56
1.95E+09 0.0801 4051.38
1.96E+09 0.0775 4049.33
1.97E+09 0.0810 4047.34
1.98E+09 0.0801 4045.31
1.99E+09 0.0760 4043.65
2.00E+09 0.0761 4041.73
2.01E+09 0.0814 4039.83
2.02E+09 0.0787 4037.97
2.03E+09 0.0772 4035.93
2.03E+09 0.0740 4034.38
2.05E+09 0.0792 4032.37
2.06E+09 0.0790 4029.92
2.07E+09 0.0767 4027.87
2.08E+09 0.0749 4026.28
2.09E+09 0.0758 4024.42
2.10E+09 0.0757 4022.64
2.11E+09 0.0727 4020.8
2.12E+09 0.0714 4019.15
2.13E+09 0.0694 4017.66
2.14E+09 0.0696 4016.14
2.14E+09 0.0688 4014.95
2.15E+09 0.0720 4013.44
2.16E+09 0.0744 4011.51
2.17E+09 0.0734 4009.37
2.18E+09 0.0730 4007.54
2.20E+09 0.0726 4005.15
2.21E+09 0.0710 4003.45
2.22E+09 0.0707 4001.54
2.23E+09 0.0716 3999.6
2.24E+09 0.0706 3997.66
2.25E+09 0.0709 3996.16
2.26E+09 0.0711 3994.46
2.27E+09 0.0719 3992.45
2.28E+09 0.0686 3990.75
2.29E+09 0.0688 3989.12
2.30E+09 0.0658 3987.58
2.31E+09 0.0673 3986.01
2.32E+09 0.0691 3984.31
2.33E+09 0.0706 3982.55
2.34E+09 0.0688 3980.99
2.35E+09 0.0640 3979.33
2.36E+09 0.0669 3977.39
2.38E+09 0.0708 3975.29
2.39E+09 0.0680 3972.83
2.40E+09 0.0659 3970.98
2.41E+09 0.0639 3969.15
2.42E+09 0.0638 3967.65
2.44E+09 0.0670 3965.65
2.45E+09 0.0654 3963.88
2.46E+09 0.0655 3961.89
2.47E+09 0.0677 3959.59
2.49E+09 0.0675 3957.39
2.50E+09 0.0662 3954.95
2.52E+09 0.0658 3952.8
2.53E+09 0.0652 3950.53
2.55E+09 0.0659 3948.07
2.56E+09 0.0663 3945.87
2.57E+09 0.0626 3943.82
2.58E+09 0.0604 3942.14
2.60E+09 0.0606 3940.44
2.61E+09 0.0624 3938.85
2.62E+09 0.0616 3937.26
2.63E+09 0.0603 3935.82
2.64E+09 0.0593 3934.41
2.65E+09 0.0593 3932.68
2.66E+09 0.0593 3931.07
2.67E+09 0.0593 3929.38
2.68E+09 0.0592 3927.42
2.70E+09 0.0604 3925.56
2.71E+09 0.0593 3923.65
2.72E+09 0.0591 3921.73
2.73E+09 0.0568 3920.33
2.74E+09 0.0576 3919.14
2.75E+09 0.0604 3917.56
2.77E+09 0.0614 3915.39
2.79E+09 0.0591 3912.93
2.80E+09 0.0566 3910.78
2.81E+09 0.0572 3908.91
2.83E+09 0.0588 3906.84
2.84E+09 0.0577 3904.71
2.86E+09 0.0584 3902.69
2.87E+09 0.0562 3900.67
2.89E+09 0.0573 3898.66
2.90E+09 0.0566 3896.46
2.92E+09 0.0543 3894.47
2.93E+09 0.0558 3892.94
2.94E+09 0.0552 3891.49
2.95E+09 0.0530 3890.17
2.96E+09 0.0511 3888.72
2.97E+09 0.0519 3887.34
2.99E+09 0.0498 3885.64
3.00E+09 0.0510 3884.28
3.01E+09 0.0532 3883.02
3.02E+09 0.0537 3881.82
3.03E+09 0.0543 3880.62
3.04E+09 0.0543 3879.27
3.05E+09 0.0548 3877.7
3.06E+09 0.0517 3876.35
3.07E+09 0.0488 3874.77
3.08E+09 0.0504 3873.62
3.09E+09 0.0491 3872.44
3.10E+09 0.0473 3871.21
3.11E+09 0.0481 3870.2
3.12E+09 0.0468 3869.04
3.13E+09 0.0450 3868.04
3.14E+09 0.0462 3866.96
3.15E+09 0.0453 3866.25
3.16E+09 0.0438 3865.15
3.17E+09 0.0500 3864.02
3.18E+09 0.0517 3862.92
3.18E+09 0.0514 3861.82
3.20E+09 0.0490 3860.49
3.21E+09 0.0481 3859.31
3.22E+09 0.0520 3857.48
3.23E+09 0.0521 3855.94
3.25E+09 0.0484 3854.12
3.26E+09 0.0476 3852.51
3.27E+09 0.0483 3851.08
3.28E+09 0.0474 3849.93
3.30E+09 0.0452 3848.63
3.30E+09 0.0434 3847.74
3.32E+09 0.0444 3846.49
3.33E+09 0.0477 3845.27
3.34E+09 0.0506 3843.25
3.36E+09 0.0502 3840.98
3.38E+09 0.0497 3839.04
3.39E+09 0.0471 3837.11
3.41E+09 0.0466 3835.61
3.42E+09 0.0468 3833.91
3.44E+09 0.0470 3832.33
3.45E+09 0.0459 3831
3.47E+09 0.0474 3829.05
3.48E+09 0.0463 3827.59
3.50E+09 0.0459 3825.72
3.51E+09 0.0437 3823.98
3.53E+09 0.0463 3822.09
3.55E+09 0.0461 3820.1
3.56E+09 0.0454 3818.3
3.58E+09 0.0431 3816.39
3.60E+09 0.0430 3814.75
3.61E+09 0.0448 3812.88
3.63E+09 0.0456 3810.92
3.65E+09 0.0441 3808.94
3.67E+09 0.0439 3807.12
3.68E+09 0.0425 3805.56
3.70E+09 0.0408 3803.85
3.71E+09 0.0433 3802.41
3.73E+09 0.0442 3800.33
3.75E+09 0.0432 3798.44
3.77E+09 0.0436 3796.49
3.79E+09 0.0419 3794.31
3.81E+09 0.0427 3792.27
3.83E+09 0.0432 3790.7
3.84E+09 0.0431 3789.12
3.86E+09 0.0404 3787.24
3.88E+09 0.0385 3785.62
3.89E+09 0.0382 3784.36
3.90E+09 0.0373 3783.06
3.92E+09 0.0371 3781.74
3.93E+09 0.0383 3780.6
3.95E+09 0.0387 3779.09
3.96E+09 0.0388 3777.48
3.98E+09 0.0373 3775.99
4.00E+09 0.0372 3774.47
4.02E+09 0.0387 3772.89
4.03E+09 0.0389 3771.28
4.05E+09 0.0406 3769.67
4.07E+09 0.0388 3767.66
4.09E+09 0.0387 3765.7
4.11E+09 0.0371 3764.04
4.13E+09 0.0380 3762.4
4.15E+09 0.0366 3760.58
4.17E+09 0.0371 3758.85
4.19E+09 0.0362 3757.16
4.20E+09 0.0345 3755.67
4.22E+09 0.0344 3754.45
4.24E+09 0.0332 3753.08
4.25E+09 0.0342 3751.97
4.27E+09 0.0342 3750.3
4.28E+09 0.0342 3749
4.30E+09 0.0341 3747.3
4.32E+09 0.0342 3745.85
4.34E+09 0.0354 3744.22
4.36E+09 0.0328 3742.32
4.38E+09 0.0340 3740.94
4.40E+09 0.0328 3739.43
4.42E+09 0.0340 3738.13
4.43E+09 0.0335 3736.94
4.45E+09 0.0336 3735.61
4.46E+09 0.0336 3734.26
4.48E+09 0.0327 3733.11
4.49E+09 0.0324 3731.94
4.51E+09 0.0313 3730.96
4.52E+09 0.0296 3729.88
4.53E+09 0.0290 3728.89
4.55E+09 0.0286 3728.12
4.56E+09 0.0291 3727.28
4.57E+09 0.0290 3726.61
4.58E+09 0.0288 3725.47
4.60E+09 0.0319 3724.49
4.61E+09 0.0326 3723.58
4.62E+09 0.0308 3722.76
4.64E+09 0.0286 3721.51
4.65E+09 0.0301 3720.58
4.66E+09 0.0293 3719.68
4.68E+09 0.0302 3718.53
4.70E+09 0.0328 3717.15
4.72E+09 0.0348 3715.6
4.73E+09 0.0331 3714.26
4.75E+09 0.0307 3712.78
4.77E+09 0.0308 3711.65
4.79E+09 0.0301 3710.2
4.81E+09 0.0304 3708.76
4.82E+09 0.0320 3707.32
4.84E+09 0.0299 3705.99
4.86E+09 0.0302 3704.56
4.88E+09 0.0287 3703.17
4.90E+09 0.0302 3701.75
4.92E+09 0.0303 3700.37
4.94E+09 0.0297 3699.06
4.95E+09 0.0288 3697.99
4.97E+09 0.0290 3696.85
4.99E+09 0.0283 3695.67
