0.00E+00 -0.8310 6232.17
1.50E+08 0.2814 6090.1
2.02E+08 0.2656 6034.2
2.43E+08 0.2575 5991.8
2.78E+08 0.2477 5957.01
3.09E+08 0.2347 5925.58
3.38E+08 0.2395 5898.83
3.70E+08 0.2271 5868.54
3.95E+08 0.2239 5845.61
4.20E+08 0.2187 5823.76
4.40E+08 0.2182 5805.92
4.64E+08 0.2097 5785.92
4.84E+08 0.2101 5768.29
5.07E+08 0.2044 5749.83
5.26E+08 0.1997 5733.89
5.43E+08 0.2052 5720.23
5.54E+08 0.2117 5710.86
5.57E+08 0.2385 5708.1
5.62E+08 0.2641 5703.08
5.68E+08 0.2898 5696.19
5.78E+08 0.3243 5683.71
5.99E+08 0.2934 5657.41
6.27E+08 0.3021 5624.55
6.56E+08 0.3143 5588.57
6.78E+08 0.3269 5560.27
7.00E+08 0.2871 5531.84
7.44E+08 0.2579 5483.75
7.97E+08 0.2365 5431.06
8.53E+08 0.2232 5379.21
9.11E+08 0.2176 5327.76
9.70E+08 0.2424 5274.16
1.01E+09 0.2638 5237.1
1.04E+09 0.2470 5197.86
1.10E+09 0.2114 5147.37
1.15E+09 0.2433 5099.43
1.21E+09 0.2391 5041.81
1.25E+09 0.2395 4999.57
1.28E+09 0.2194 4971.03
1.29E+09 0.2187 4960.17
1.31E+09 0.2116 4947.08
1.33E+09 0.2126 4934.07
1.34E+09 0.2091 4920.67
1.36E+09 0.1974 4906.47
1.37E+09 0.1943 4894.82
1.39E+09 0.1968 4882.83
1.40E+09 0.1879 4870.51
1.42E+09 0.1890 4858.41
1.44E+09 0.1830 4844.33
1.46E+09 0.1948 4830.85
1.47E+09 0.1901 4818.52
1.49E+09 0.1738 4808.44
1.51E+09 0.1866 4794.51
1.52E+09 0.1794 4781.64
1.54E+09 0.1633 4766.64
1.56E+09 0.1649 4755.77
1.58E+09 0.1677 4742.12
1.60E+09 0.1696 4730.58
1.62E+09 0.1665 4717.55
1.63E+09 0.1602 4707.37
1.65E+09 0.1663 4693.38
1.67E+09 0.1586 4681.43
1.69E+09 0.1517 4669.5
1.71E+09 0.1578 4658.5
1.73E+09 0.1549 4645.48
1.75E+09 0.1472 4634.08
1.77E+09 0.1430 4621.2
1.79E+09 0.1460 4607.14
1.82E+09 0.1370 4593.31
1.84E+09 0.1334 4581
1.87E+09 0.1331 4568.06
1.89E+09 0.1299 4554.73
1.91E+09 0.1358 4542.5
1.93E+09 0.1127 4532.77
1.96E+09 0.1239 4521.59
1.98E+09 0.1219 4511.87
2.00E+09 0.1254 4500.9
2.02E+09 0.1210 4488.6
2.05E+09 0.1157 4477.58
2.07E+09 0.1084 4464.9
2.09E+09 0.1143 4457.32
2.11E+09 0.1156 4446.45
2.14E+09 0.1031 4433.79
2.16E+09 0.1137 4424.64
2.19E+09 0.1064 4412.5
2.22E+09 0.1061 4400.93
2.24E+09 0.0976 4390.19
2.27E+09 0.1014 4379.09
2.29E+09 0.1004 4370.82
2.31E+09 0.0915 4362.22
2.34E+09 0.0981 4351.51
2.37E+09 0.0965 4339.66
2.40E+09 0.0930 4328.74
2.43E+09 0.0939 4317.35
2.46E+09 0.0881 4306.56
2.49E+09 0.0893 4296.51
2.52E+09 0.0867 4284.79
2.56E+09 0.0847 4273.43
2.59E+09 0.0807 4262.47
2.62E+09 0.0755 4252.27
2.66E+09 0.0754 4241.96
2.68E+09 0.0739 4234.27
2.72E+09 0.0698 4223.96
2.74E+09 0.0679 4216.83
2.77E+09 0.0669 4208.11
2.80E+09 0.0640 4201.33
2.84E+09 0.0650 4192.55
2.87E+09 0.0646 4183.83
2.90E+09 0.0599 4175.28
2.93E+09 0.0534 4168.62
2.97E+09 0.0685 4160.32
3.00E+09 0.0624 4150.43
3.04E+09 0.0579 4141.15
3.08E+09 0.0555 4132.28
3.11E+09 0.0545 4124.88
3.15E+09 0.0571 4117.25
3.19E+09 0.0556 4108.86
3.23E+09 0.0537 4099.67
3.27E+09 0.0512 4091.45
3.31E+09 0.0503 4083.2
3.35E+09 0.0455 4075.09
3.38E+09 0.0451 4069.3
3.42E+09 0.0421 4062.97
3.46E+09 0.0473 4055.22
3.51E+09 0.0444 4046.73
3.55E+09 0.0405 4038.88
3.59E+09 0.0394 4033.16
3.63E+09 0.0331 4027.16
3.67E+09 0.0329 4021.65
3.71E+09 0.0330 4015.95
3.76E+09 0.0397 4009.46
3.81E+09 0.0376 4001.71
3.86E+09 0.0365 3994.22
3.91E+09 0.0346 3986.94
3.96E+09 0.0326 3979.73
4.01E+09 0.0313 3973.78
4.05E+09 0.0242 3968.88
4.10E+09 0.0289 3964.04
4.15E+09 0.0258 3958.99
4.19E+09 0.0264 3953.96
4.24E+09 0.0305 3948.13
4.30E+09 0.0285 3941.61
4.36E+09 0.0255 3935.17
4.40E+09 0.0241 3930.51
4.46E+09 0.0222 3925.61
4.50E+09 0.0249 3921.78
4.55E+09 0.0202 3917.16
4.61E+09 0.0263 3911.83
4.67E+09 0.0243 3906.03
4.73E+09 0.0228 3900.01
4.79E+09 0.0228 3894.21
4.86E+09 0.0213 3888.34
4.92E+09 0.0207 3883.01
4.98E+09 0.0198 3877.76
