0.00E+00 -0.2707 3791.48
5.55E+07 0.1631 3776.34
7.32E+07 0.1892 3765.09
1.07E+08 0.1668 3744.16
1.63E+08 0.1564 3713.88
2.15E+08 0.1589 3683.38
2.72E+08 0.1569 3651.26
3.11E+08 0.1436 3630.54
3.32E+08 0.1364 3620.17
3.49E+08 0.1337 3612.21
3.70E+08 0.1287 3602.33
3.93E+08 0.1239 3592.45
4.11E+08 0.1196 3584.39
4.32E+08 0.1165 3575.75
4.50E+08 0.1121 3568.47
4.68E+08 0.1081 3561.37
4.86E+08 0.1067 3554.58
5.06E+08 0.1033 3547.24
5.25E+08 0.0979 3540.57
5.43E+08 0.0945 3534.45
5.59E+08 0.0920 3529.32
5.76E+08 0.0900 3523.81
5.93E+08 0.0850 3518.6
6.11E+08 0.0844 3513.2
6.28E+08 0.0805 3508.07
6.45E+08 0.0777 3503.42
6.64E+08 0.0752 3498.24
6.78E+08 0.0729 3494.63
7.00E+08 0.0687 3489.17
7.18E+08 0.0662 3484.73
7.32E+08 0.0644 3481.51
7.52E+08 0.0618 3477.07
7.71E+08 0.0589 3473.05
7.93E+08 0.0560 3468.67
8.11E+08 0.0542 3465.2
8.35E+08 0.0516 3460.7
8.58E+08 0.0488 3456.58
8.84E+08 0.0459 3452.31
9.10E+08 0.0433 3448.16
9.32E+08 0.0407 3444.93
9.60E+08 0.0380 3441.13
9.86E+08 0.0360 3437.64
1.02E+09 0.0337 3434.06
1.05E+09 0.0310 3430.57
1.08E+09 0.0290 3427.04
1.11E+09 0.0266 3423.9
1.14E+09 0.0259 3421.12
1.17E+09 0.0240 3418.5
1.20E+09 0.0238 3416.15
1.23E+09 0.0236 3413.85
1.25E+09 0.0232 3411.74
1.27E+09 0.0235 3409.85
1.30E+09 0.0235 3407.8
1.33E+09 0.0227 3405.7
1.35E+09 0.0227 3403.54
1.38E+09 0.0229 3401.57
1.40E+09 0.0228 3399.34
1.43E+09 0.0226 3397.24
1.46E+09 0.0225 3395.07
1.49E+09 0.0223 3392.71
1.52E+09 0.0216 3390.32
1.55E+09 0.0215 3388.17
1.58E+09 0.0214 3385.96
1.60E+09 0.0207 3384.08
1.63E+09 0.0211 3381.93
1.66E+09 0.0207 3379.88
1.69E+09 0.0208 3377.83
1.72E+09 0.0206 3375.76
1.74E+09 0.0203 3373.68
1.77E+09 0.0205 3371.59
1.80E+09 0.0202 3369.65
1.83E+09 0.0200 3367.68
1.86E+09 0.0200 3365.61
1.89E+09 0.0198 3363.57
1.92E+09 0.0199 3361.49
1.94E+09 0.0200 3359.47
1.97E+09 0.0198 3357.45
2.00E+09 0.0193 3355.38
2.03E+09 0.0191 3353.32
2.07E+09 0.0190 3351.2
2.10E+09 0.0194 3349.14
2.13E+09 0.0190 3346.96
2.16E+09 0.0187 3344.84
2.19E+09 0.0186 3342.8
2.22E+09 0.0183 3340.7
2.26E+09 0.0184 3338.58
2.29E+09 0.0184 3336.48
2.32E+09 0.0180 3334.3
2.35E+09 0.0181 3332.24
2.39E+09 0.0184 3330.06
2.42E+09 0.0180 3327.97
2.45E+09 0.0177 3325.79
2.49E+09 0.0171 3323.61
2.53E+09 0.0170 3321.4
2.56E+09 0.0172 3319.27
2.60E+09 0.0168 3317.12
2.63E+09 0.0171 3315.03
2.67E+09 0.0166 3312.93
2.71E+09 0.0164 3310.74
2.74E+09 0.0160 3308.49
2.78E+09 0.0165 3306.39
2.82E+09 0.0155 3304.25
2.86E+09 0.0160 3302.13
2.89E+09 0.0155 3300.12
2.93E+09 0.0152 3298.07
2.97E+09 0.0150 3295.91
3.01E+09 0.0149 3293.82
3.05E+09 0.0147 3291.85
3.09E+09 0.0146 3289.75
3.13E+09 0.0145 3287.61
3.17E+09 0.0142 3285.48
3.21E+09 0.0139 3283.4
3.26E+09 0.0139 3281.32
3.30E+09 0.0139 3279.19
3.34E+09 0.0137 3277.11
3.39E+09 0.0133 3274.85
3.44E+09 0.0130 3272.77
3.48E+09 0.0128 3270.76
3.53E+09 0.0126 3268.59
3.57E+09 0.0129 3266.56
3.62E+09 0.0123 3264.48
3.67E+09 0.0122 3262.47
3.71E+09 0.0124 3260.57
3.76E+09 0.0120 3258.51
3.80E+09 0.0124 3256.65
3.85E+09 0.0120 3254.64
3.89E+09 0.0117 3252.72
3.94E+09 0.0124 3250.78
3.99E+09 0.0118 3248.8
4.03E+09 0.0120 3246.88
4.08E+09 0.0118 3244.92
4.13E+09 0.0119 3242.84
4.18E+09 0.0121 3240.96
4.22E+09 0.0117 3239.02
4.27E+09 0.0118 3237.05
4.32E+09 0.0117 3235.02
4.37E+09 0.0117 3233.03
4.42E+09 0.0115 3231.08
4.46E+09 0.0118 3229.14
4.51E+09 0.0114 3227.17
4.56E+09 0.0113 3225.3
4.60E+09 0.0118 3223.5
4.65E+09 0.0120 3221.46
4.70E+09 0.0119 3219.44
4.75E+09 0.0118 3217.38
4.79E+09 0.0122 3215.27
4.84E+09 0.0116 3213.2
4.89E+09 0.0120 3211.08
4.94E+09 0.0123 3209.03
4.99E+09 0.0124 3207.12
