0.00E+00 -1.1184 6901.07
9.02E+07 0.3993 6816.31
1.18E+08 0.4101 6783.6
1.39E+08 0.4227 6760.09
1.61E+08 0.3913 6734.87
1.77E+08 0.4049 6717.92
1.96E+08 0.3809 6696.67
2.09E+08 0.3943 6683.56
2.23E+08 0.3800 6668.35
2.37E+08 0.3757 6653.45
2.48E+08 0.3796 6642.24
2.62E+08 0.3649 6628.05
2.75E+08 0.3606 6614.98
2.86E+08 0.3681 6604.51
2.98E+08 0.3552 6592.67
3.09E+08 0.3464 6581.36
3.20E+08 0.3526 6571.62
3.30E+08 0.3480 6561.73
3.41E+08 0.3414 6551.27
3.50E+08 0.3404 6542.48
3.59E+08 0.3414 6534.09
3.70E+08 0.3379 6524.38
3.80E+08 0.3365 6514.84
3.88E+08 0.3388 6506.94
3.97E+08 0.3317 6498.97
4.05E+08 0.3363 6491.69
4.12E+08 0.3381 6485.33
4.19E+08 0.3392 6478.66
4.24E+08 0.3489 6473.76
4.30E+08 0.3551 6468.59
4.32E+08 0.3683 6466.41
4.33E+08 0.3970 6465
4.35E+08 0.4222 6463.25
4.36E+08 0.4447 6461.55
4.38E+08 0.4562 6459.83
4.39E+08 0.4777 6457.98
4.41E+08 0.5022 6455.35
4.45E+08 0.5082 6449.67
4.51E+08 0.5100 6441.3
4.60E+08 0.5000 6428.55
4.71E+08 0.4950 6413.55
4.83E+08 0.5058 6396.86
4.95E+08 0.5184 6379.97
5.05E+08 0.5285 6365.35
5.14E+08 0.5337 6352.73
5.19E+08 0.5639 6345.81
5.33E+08 0.4817 6325.03
5.50E+08 0.4541 6304.11
5.67E+08 0.4399 6282.83
5.85E+08 0.4274 6261.56
6.04E+08 0.4130 6239.72
6.24E+08 0.4022 6217.41
6.39E+08 0.3935 6200.49
6.51E+08 0.3902 6188.3
6.59E+08 0.3945 6178.52
6.75E+08 0.3639 6162.22
6.90E+08 0.3576 6147.51
7.06E+08 0.3717 6131.96
7.22E+08 0.4275 6114.01
7.36E+08 0.4407 6097.79
7.47E+08 0.4645 6083.08
7.56E+08 0.4827 6071.55
7.72E+08 0.4997 6050.71
7.96E+08 0.5008 6018.24
8.15E+08 0.4934 5992.54
8.27E+08 0.4772 5975.77
8.37E+08 0.4666 5963.77
8.44E+08 0.4505 5953.94
8.52E+08 0.4504 5943.86
8.61E+08 0.4484 5933.19
8.68E+08 0.4482 5924.52
8.75E+08 0.4465 5915.48
8.83E+08 0.4434 5906.59
8.90E+08 0.4394 5897.7
8.98E+08 0.4384 5888.14
9.05E+08 0.4258 5880.01
9.11E+08 0.4372 5872.35
9.19E+08 0.4312 5863.64
9.26E+08 0.4201 5854.88
9.32E+08 0.4299 5848.29
9.38E+08 0.4089 5840.61
9.45E+08 0.4296 5832.66
9.53E+08 0.4284 5824.1
9.58E+08 0.4205 5817.96
9.65E+08 0.4167 5810.02
9.71E+08 0.4231 5802.27
9.79E+08 0.4110 5793.19
9.86E+08 0.4135 5785.82
9.93E+08 0.4093 5778.4
9.99E+08 0.3998 5770.88
1.01E+09 0.4130 5764.4
1.01E+09 0.4052 5756.12
1.02E+09 0.4055 5748.62
1.03E+09 0.3931 5741.04
1.03E+09 0.4015 5731.47
1.04E+09 0.3951 5724.42
1.05E+09 0.3952 5716.62
1.06E+09 0.3903 5707.62
1.06E+09 0.3905 5699.3
1.07E+09 0.3868 5692.79
1.08E+09 0.3817 5685.23
1.08E+09 0.3853 5679.25
1.09E+09 0.3788 5670.37
1.10E+09 0.3802 5663.11
1.11E+09 0.3796 5656.12
1.11E+09 0.3730 5648.9
1.12E+09 0.3789 5642.02
1.13E+09 0.3760 5634.21
1.13E+09 0.3715 5626.25
1.14E+09 0.3728 5617.46
1.15E+09 0.3683 5609.66
1.16E+09 0.3640 5602.32
1.16E+09 0.3686 5596.46
1.17E+09 0.3570 5589.75
1.18E+09 0.3640 5584.36
1.18E+09 0.3607 5576.65
1.19E+09 0.3629 5568.19
1.20E+09 0.3524 5559.66
1.21E+09 0.3486 5551.92
1.22E+09 0.3479 5545.15
1.23E+09 0.3493 5536.43
1.23E+09 0.3478 5528.95
1.24E+09 0.3373 5521.32
1.25E+09 0.3405 5513.9
1.26E+09 0.3387 5506.8
1.26E+09 0.3391 5499.32
1.27E+09 0.3404 5491.96
1.28E+09 0.3342 5484.58
1.29E+09 0.3334 5477.71
1.30E+09 0.3280 5471.12
1.30E+09 0.3276 5463.08
1.31E+09 0.3291 5458.17
1.32E+09 0.3271 5452.05
1.33E+09 0.3255 5443.86
1.33E+09 0.3234 5437.17
1.34E+09 0.3157 5430.8
1.35E+09 0.3235 5424.11
1.36E+09 0.3161 5416.98
1.37E+09 0.3139 5408.66
1.38E+09 0.3098 5400.48
1.38E+09 0.3078 5393.7
1.39E+09 0.3080 5387.25
1.40E+09 0.3115 5379.57
1.41E+09 0.3085 5371.68
1.42E+09 0.3034 5365.18
1.43E+09 0.3011 5357.56
1.44E+09 0.2975 5350.3
1.44E+09 0.3006 5342.55
1.45E+09 0.2947 5334.26
1.46E+09 0.2986 5328.05
1.47E+09 0.2894 5320.78
1.48E+09 0.2921 5314.24
1.49E+09 0.2823 5308.62
1.49E+09 0.2884 5302.9
1.50E+09 0.2827 5296.86
1.51E+09 0.2896 5290.04
1.52E+09 0.2820 5284.11
1.53E+09 0.2795 5276.22
1.54E+09 0.2798 5268.96
1.55E+09 0.2811 5260.27
1.56E+09 0.2701 5253.28
1.57E+09 0.2735 5246.93
1.58E+09 0.2755 5239.24
1.59E+09 0.2668 5231.66
1.60E+09 0.2655 5225.17
1.61E+09 0.2638 5218.23
1.61E+09 0.2676 5211.34
1.62E+09 0.2620 5204.44
1.63E+09 0.2635 5197.42
1.64E+09 0.2620 5190.58
1.65E+09 0.2535 5183.18
1.66E+09 0.2561 5177.36
1.67E+09 0.2567 5169.43
1.68E+09 0.2503 5162.58
1.69E+09 0.2525 5156.15
1.70E+09 0.2504 5148.08
1.71E+09 0.2486 5140.97
1.72E+09 0.2446 5135.47
1.73E+09 0.2440 5130.01
1.74E+09 0.2386 5122.87
1.75E+09 0.2441 5116.4
1.76E+09 0.2356 5110.27
1.77E+09 0.2432 5103.8
1.78E+09 0.2285 5097.88
1.79E+09 0.2341 5089.55
1.80E+09 0.2323 5083.2
1.81E+09 0.2319 5076.12
1.82E+09 0.2293 5069.46
1.84E+09 0.2258 5061.51
1.85E+09 0.2270 5055.08
1.86E+09 0.2238 5048.83
1.87E+09 0.2215 5041.84
1.88E+09 0.2166 5036.97
1.89E+09 0.2197 5031
1.90E+09 0.2191 5024.3
1.91E+09 0.2127 5018.76
1.92E+09 0.2103 5012.12
1.93E+09 0.2148 5006.69
1.94E+09 0.2118 4998.58
1.95E+09 0.2092 4992.22
1.96E+09 0.2115 4985.97
1.97E+09 0.2031 4979.87
1.98E+09 0.2012 4974.32
1.99E+09 0.1995 4968.64
2.01E+09 0.2023 4961.5
2.02E+09 0.2014 4955.86
2.03E+09 0.1994 4950.94
2.04E+09 0.1988 4945.66
2.05E+09 0.1944 4939.95
2.06E+09 0.1950 4934.39
2.07E+09 0.1875 4928.61
2.08E+09 0.1884 4923.56
2.09E+09 0.1866 4918.21
2.10E+09 0.1909 4912.44
2.11E+09 0.1866 4906.99
2.12E+09 0.1892 4901.31
2.13E+09 0.1843 4896.54
2.14E+09 0.1846 4891.2
2.15E+09 0.1839 4884.84
2.16E+09 0.1808 4880.14
2.18E+09 0.1817 4874.15
2.19E+09 0.1773 4868.59
2.20E+09 0.1776 4862.03
2.21E+09 0.1739 4857.37
2.22E+09 0.1700 4851.6
2.23E+09 0.1707 4846.85
2.24E+09 0.1715 4840.83
2.25E+09 0.1730 4836.11
2.27E+09 0.1704 4829.78
2.28E+09 0.1664 4823.75
2.29E+09 0.1692 4817.69
2.31E+09 0.1627 4812.07
2.32E+09 0.1656 4805.88
2.33E+09 0.1626 4800.71
2.35E+09 0.1614 4794.36
2.36E+09 0.1572 4788.44
2.37E+09 0.1601 4782.87
2.38E+09 0.1553 4777.78
2.40E+09 0.1514 4772.23
2.41E+09 0.1527 4766.53
2.42E+09 0.1480 4761.36
2.44E+09 0.1488 4756.24
2.45E+09 0.1524 4750.45
2.46E+09 0.1450 4745.4
2.48E+09 0.1493 4739.97
2.49E+09 0.1409 4735.12
2.50E+09 0.1461 4729.82
2.51E+09 0.1386 4724.74
2.53E+09 0.1347 4719.26
2.54E+09 0.1445 4714.57
2.56E+09 0.1391 4708.91
2.57E+09 0.1401 4703.37
2.58E+09 0.1311 4699.2
2.60E+09 0.1385 4694.01
2.61E+09 0.1294 4689.47
2.62E+09 0.1375 4684.72
2.63E+09 0.1310 4680.45
2.65E+09 0.1272 4675.46
2.66E+09 0.1266 4671.55
2.67E+09 0.1263 4666.62
2.68E+09 0.1246 4661.89
2.70E+09 0.1224 4657.3
2.71E+09 0.1237 4652.84
2.73E+09 0.1284 4647.52
2.74E+09 0.1189 4642.59
2.76E+09 0.1225 4637.87
2.77E+09 0.1200 4633.4
2.78E+09 0.1216 4628.23
2.80E+09 0.1189 4624.01
2.81E+09 0.1174 4619.38
2.83E+09 0.1166 4614.77
2.84E+09 0.1170 4609.79
2.85E+09 0.1117 4605.66
2.87E+09 0.1160 4600.79
2.89E+09 0.1122 4595.98
2.90E+09 0.1123 4591.87
2.92E+09 0.1114 4586.82
2.93E+09 0.1069 4582.17
2.95E+09 0.1082 4578.03
2.96E+09 0.1044 4573.6
2.98E+09 0.1072 4569.23
2.99E+09 0.1022 4564.84
3.01E+09 0.1019 4560.45
3.02E+09 0.1006 4556.3
3.04E+09 0.0996 4552.02
3.05E+09 0.0988 4547.73
3.07E+09 0.1000 4543.21
3.09E+09 0.0953 4538.84
3.10E+09 0.0978 4534.89
3.12E+09 0.0949 4530.51
3.13E+09 0.0956 4526.65
3.15E+09 0.0937 4522.91
3.16E+09 0.0906 4519.18
3.17E+09 0.0939 4515.71
3.19E+09 0.0967 4512.49
3.20E+09 0.0885 4508.99
3.22E+09 0.0863 4505.18
3.23E+09 0.0905 4501.9
3.25E+09 0.0899 4498.02
3.26E+09 0.0879 4494.55
3.27E+09 0.0839 4491.19
3.29E+09 0.0894 4488
3.30E+09 0.0836 4484.98
3.32E+09 0.0859 4481.49
3.33E+09 0.0825 4477.96
3.35E+09 0.0873 4474.2
3.36E+09 0.0826 4470.31
3.38E+09 0.0827 4466.47
3.40E+09 0.0774 4462.41
3.42E+09 0.0860 4458.19
3.43E+09 0.0772 4454.43
3.45E+09 0.0784 4450.47
3.47E+09 0.0789 4446.52
3.49E+09 0.0775 4442.42
3.51E+09 0.0719 4438.69
3.53E+09 0.0748 4434.74
3.55E+09 0.0734 4430.97
3.57E+09 0.0731 4426.94
3.59E+09 0.0746 4422.9
3.60E+09 0.0705 4419.39
3.62E+09 0.0719 4415.52
3.64E+09 0.0684 4411.45
3.67E+09 0.0675 4407.6
3.69E+09 0.0678 4403.72
3.71E+09 0.0672 4399.91
3.73E+09 0.0660 4396.02
3.75E+09 0.0661 4392.08
3.77E+09 0.0642 4388.56
3.79E+09 0.0678 4384.75
3.81E+09 0.0615 4380.8
3.84E+09 0.0625 4376.93
3.86E+09 0.0606 4373.14
3.88E+09 0.0627 4369.18
3.90E+09 0.0612 4365.71
3.92E+09 0.0615 4362.09
3.94E+09 0.0585 4358.6
3.97E+09 0.0598 4355.06
3.99E+09 0.0562 4351.78
4.01E+09 0.0580 4348.05
4.03E+09 0.0561 4344.83
4.06E+09 0.0562 4341.1
4.08E+09 0.0548 4337.8
4.10E+09 0.0536 4334.18
4.13E+09 0.0540 4330.45
4.15E+09 0.0523 4327.04
4.18E+09 0.0534 4323.36
4.20E+09 0.0508 4319.84
4.23E+09 0.0502 4316.19
4.25E+09 0.0509 4312.62
4.28E+09 0.0482 4309.13
4.30E+09 0.0480 4305.85
4.33E+09 0.0462 4302.34
4.36E+09 0.0488 4298.9
4.38E+09 0.0458 4295.62
4.41E+09 0.0486 4292.25
4.43E+09 0.0458 4288.73
4.46E+09 0.0460 4285.5
4.49E+09 0.0439 4282.21
4.51E+09 0.0442 4278.85
4.54E+09 0.0439 4275.46
4.57E+09 0.0429 4272.14
4.60E+09 0.0440 4268.71
4.62E+09 0.0415 4265.57
4.65E+09 0.0411 4262.34
4.68E+09 0.0412 4258.98
4.71E+09 0.0417 4255.78
4.74E+09 0.0406 4252.56
4.77E+09 0.0414 4249.31
4.79E+09 0.0393 4246.35
4.82E+09 0.0383 4243.29
4.85E+09 0.0378 4240.39
4.88E+09 0.0376 4237.4
4.90E+09 0.0376 4234.95
4.93E+09 0.0371 4231.97
4.96E+09 0.0354 4229.22
4.99E+09 0.0341 4226.33
