0.00E+00 -0.3120 3952.25
4.57E+07 0.1607 3942.34
5.47E+07 0.1933 3937.86
6.62E+07 0.2042 3931.35
8.07E+07 0.1932 3923.33
1.04E+08 0.1847 3911.18
1.28E+08 0.1752 3898.77
1.55E+08 0.1673 3886.3
1.78E+08 0.1579 3875.77
1.96E+08 0.1821 3867.34
2.21E+08 0.1913 3854.21
2.52E+08 0.1848 3837.41
2.74E+08 0.1756 3826.34
2.87E+08 0.1701 3820.53
3.00E+08 0.1683 3814.44
3.14E+08 0.1618 3807.73
3.27E+08 0.1579 3801.89
3.40E+08 0.1546 3796.12
3.51E+08 0.1508 3791.72
3.63E+08 0.1476 3786.56
3.78E+08 0.1439 3780.71
3.89E+08 0.1392 3776.09
3.98E+08 0.1369 3772.55
4.09E+08 0.1350 3768.56
4.21E+08 0.1325 3764.14
4.30E+08 0.1288 3760.87
4.40E+08 0.1291 3757.21
4.50E+08 0.1253 3753.55
4.60E+08 0.1233 3749.99
4.70E+08 0.1205 3746.85
4.81E+08 0.1178 3743.2
4.91E+08 0.1153 3739.88
5.02E+08 0.1122 3736.36
5.12E+08 0.1095 3733.35
5.22E+08 0.1080 3730.16
5.35E+08 0.1049 3726.32
5.48E+08 0.1018 3722.59
5.60E+08 0.0995 3719.19
5.75E+08 0.0969 3715.25
5.86E+08 0.0938 3712.18
5.99E+08 0.0920 3708.89
6.11E+08 0.0898 3705.86
6.25E+08 0.0865 3702.44
6.38E+08 0.0844 3699.24
6.52E+08 0.0819 3695.96
6.67E+08 0.0790 3692.57
6.81E+08 0.0765 3689.53
6.97E+08 0.0742 3686.17
7.12E+08 0.0723 3683.14
7.26E+08 0.0697 3680.4
7.39E+08 0.0682 3677.96
7.49E+08 0.0677 3676.03
7.62E+08 0.0662 3673.59
7.75E+08 0.0641 3671.27
7.86E+08 0.0633 3669.19
7.98E+08 0.0618 3667.13
8.08E+08 0.0615 3665.36
8.18E+08 0.0618 3663.63
8.30E+08 0.0611 3661.68
8.40E+08 0.0610 3659.94
8.51E+08 0.0605 3658.11
8.62E+08 0.0602 3656.25
8.73E+08 0.0599 3654.32
8.84E+08 0.0594 3652.47
8.95E+08 0.0580 3650.68
9.04E+08 0.0577 3649.34
9.13E+08 0.0579 3647.82
9.24E+08 0.0572 3646.04
9.35E+08 0.0572 3644.3
9.47E+08 0.0568 3642.49
9.58E+08 0.0557 3640.64
9.71E+08 0.0555 3638.71
9.82E+08 0.0553 3637.03
9.94E+08 0.0544 3635.18
1.01E+09 0.0544 3633.43
1.02E+09 0.0545 3631.61
1.03E+09 0.0537 3629.59
1.04E+09 0.0529 3627.96
1.05E+09 0.0527 3626.01
1.07E+09 0.0526 3624.16
1.08E+09 0.0522 3622.35
1.09E+09 0.0519 3620.47
1.11E+09 0.0516 3618.69
1.12E+09 0.0516 3617.16
1.13E+09 0.0499 3615.26
1.14E+09 0.0504 3613.44
1.16E+09 0.0495 3611.5
1.17E+09 0.0491 3609.74
1.18E+09 0.0503 3607.96
1.19E+09 0.0495 3606.07
1.21E+09 0.0495 3604.42
1.22E+09 0.0485 3602.64
1.23E+09 0.0492 3601.06
1.24E+09 0.0481 3599.27
1.26E+09 0.0482 3597.51
1.27E+09 0.0480 3595.57
1.29E+09 0.0475 3593.7
1.30E+09 0.0474 3591.85
1.31E+09 0.0475 3590.08
1.33E+09 0.0467 3588.03
1.34E+09 0.0470 3586.05
1.36E+09 0.0466 3584.03
1.37E+09 0.0460 3582.08
1.39E+09 0.0459 3580.15
1.41E+09 0.0456 3578.16
1.42E+09 0.0455 3576.29
1.43E+09 0.0450 3574.52
1.45E+09 0.0440 3572.76
1.46E+09 0.0447 3571.08
1.47E+09 0.0441 3569.55
1.49E+09 0.0435 3567.77
1.50E+09 0.0443 3565.91
1.52E+09 0.0435 3563.98
1.54E+09 0.0438 3562.03
1.55E+09 0.0430 3560.04
1.57E+09 0.0423 3558.42
1.58E+09 0.0428 3556.65
1.60E+09 0.0419 3554.78
1.61E+09 0.0422 3553
1.63E+09 0.0415 3551.19
1.64E+09 0.0411 3549.56
1.66E+09 0.0415 3547.58
1.67E+09 0.0417 3545.66
1.69E+09 0.0412 3543.76
1.70E+09 0.0407 3542.17
1.72E+09 0.0407 3540.52
1.74E+09 0.0411 3538.56
1.75E+09 0.0403 3536.6
1.77E+09 0.0404 3534.73
1.79E+09 0.0403 3533.04
1.80E+09 0.0400 3530.97
1.82E+09 0.0395 3528.86
1.84E+09 0.0392 3527.03
1.86E+09 0.0387 3525.02
1.88E+09 0.0386 3523.03
1.89E+09 0.0389 3521.08
1.91E+09 0.0383 3519.15
1.93E+09 0.0382 3517.21
1.95E+09 0.0376 3515.16
1.97E+09 0.0376 3513.12
1.99E+09 0.0376 3511
2.01E+09 0.0370 3508.95
2.03E+09 0.0363 3506.99
2.05E+09 0.0361 3504.97
2.07E+09 0.0359 3502.82
2.09E+09 0.0359 3500.78
2.11E+09 0.0361 3498.81
2.13E+09 0.0356 3496.83
2.15E+09 0.0352 3494.85
2.17E+09 0.0352 3492.93
2.19E+09 0.0347 3491.07
2.21E+09 0.0345 3488.88
2.23E+09 0.0344 3486.73
2.25E+09 0.0343 3484.84
2.27E+09 0.0342 3483.09
2.29E+09 0.0340 3481.09
2.31E+09 0.0334 3479.16
2.33E+09 0.0333 3477.11
2.35E+09 0.0329 3475.29
2.38E+09 0.0327 3473.3
2.40E+09 0.0321 3471.55
2.42E+09 0.0326 3469.78
2.44E+09 0.0318 3467.96
2.46E+09 0.0316 3466.13
2.48E+09 0.0317 3464.22
2.50E+09 0.0314 3462.34
2.52E+09 0.0317 3460.46
2.54E+09 0.0310 3458.48
2.56E+09 0.0309 3456.64
2.58E+09 0.0309 3454.87
2.61E+09 0.0304 3453.01
2.63E+09 0.0297 3451.17
2.65E+09 0.0301 3449.44
2.67E+09 0.0299 3447.57
2.69E+09 0.0295 3445.62
2.72E+09 0.0294 3443.67
2.74E+09 0.0295 3441.95
2.76E+09 0.0290 3440.03
2.78E+09 0.0290 3438.31
2.80E+09 0.0290 3436.91
2.82E+09 0.0287 3435.07
2.85E+09 0.0281 3433.04
2.87E+09 0.0284 3431.12
2.90E+09 0.0280 3429.22
2.92E+09 0.0277 3427.35
2.95E+09 0.0278 3425.46
2.97E+09 0.0274 3423.62
2.99E+09 0.0270 3422.06
3.02E+09 0.0265 3420.27
3.04E+09 0.0269 3418.61
3.06E+09 0.0268 3416.9
3.08E+09 0.0268 3415.06
3.11E+09 0.0259 3413.22
3.13E+09 0.0262 3411.45
3.16E+09 0.0256 3409.84
3.18E+09 0.0260 3408.25
3.20E+09 0.0258 3406.52
3.22E+09 0.0257 3404.91
3.25E+09 0.0256 3403.06
3.28E+09 0.0249 3401.26
3.30E+09 0.0252 3399.52
3.33E+09 0.0251 3397.66
3.35E+09 0.0244 3395.82
3.38E+09 0.0246 3393.94
3.41E+09 0.0245 3392.3
3.43E+09 0.0242 3390.57
3.46E+09 0.0240 3388.84
3.48E+09 0.0240 3387.17
3.51E+09 0.0236 3385.46
3.53E+09 0.0236 3383.8
3.56E+09 0.0228 3382.02
3.59E+09 0.0231 3380.42
3.61E+09 0.0230 3378.86
3.63E+09 0.0232 3377.4
3.65E+09 0.0229 3376.08
3.67E+09 0.0228 3374.72
3.70E+09 0.0224 3373.18
3.72E+09 0.0222 3371.73
3.75E+09 0.0220 3370.26
3.77E+09 0.0219 3368.59
3.80E+09 0.0220 3366.91
3.83E+09 0.0216 3365.2
3.85E+09 0.0219 3363.68
3.88E+09 0.0218 3362.23
3.90E+09 0.0211 3360.89
3.92E+09 0.0216 3359.56
3.95E+09 0.0211 3358.12
3.97E+09 0.0207 3356.61
4.00E+09 0.0207 3355.1
4.03E+09 0.0209 3353.45
4.06E+09 0.0208 3351.76
4.09E+09 0.0206 3350.06
4.11E+09 0.0201 3348.41
4.14E+09 0.0204 3346.84
4.17E+09 0.0206 3345.32
4.19E+09 0.0200 3343.87
4.22E+09 0.0197 3342.5
4.24E+09 0.0197 3341.2
4.27E+09 0.0194 3339.77
4.29E+09 0.0199 3338.37
4.32E+09 0.0196 3337.04
4.34E+09 0.0197 3335.64
4.37E+09 0.0197 3334.24
4.40E+09 0.0197 3332.86
4.42E+09 0.0198 3331.44
4.45E+09 0.0197 3329.94
4.48E+09 0.0189 3328.31
4.51E+09 0.0192 3326.81
4.54E+09 0.0190 3325.27
4.56E+09 0.0193 3323.87
4.59E+09 0.0191 3322.28
4.62E+09 0.0191 3320.69
4.65E+09 0.0187 3319.17
4.68E+09 0.0191 3317.82
4.70E+09 0.0187 3316.28
4.74E+09 0.0190 3314.66
4.77E+09 0.0186 3312.87
4.80E+09 0.0187 3311.17
4.84E+09 0.0183 3309.48
4.87E+09 0.0186 3307.83
4.90E+09 0.0185 3306.15
4.93E+09 0.0184 3304.55
4.96E+09 0.0181 3303.02
4.99E+09 0.0184 3301.59
