0.00E+00 -0.3426 4303.67
3.47E+07 0.2463 4291.14
5.16E+07 0.2574 4275.89
9.03E+07 0.2329 4243.72
1.36E+08 0.2458 4208.21
1.96E+08 0.2260 4159.55
2.56E+08 0.2251 4110.61
2.99E+08 0.2124 4078.67
3.33E+08 0.2034 4054.2
3.56E+08 0.1963 4038.73
3.68E+08 0.1918 4030.18
3.86E+08 0.1881 4018.92
4.00E+08 0.1816 4009.67
4.12E+08 0.1786 4002.49
4.24E+08 0.1777 3994.85
4.34E+08 0.1740 3988.94
4.47E+08 0.1715 3981.1
4.60E+08 0.1677 3973.55
4.74E+08 0.1648 3965.26
4.91E+08 0.1623 3956.02
5.03E+08 0.1581 3949.1
5.15E+08 0.1546 3942.63
5.27E+08 0.1529 3936.34
5.41E+08 0.1497 3929.28
5.55E+08 0.1457 3922.36
5.65E+08 0.1436 3916.98
5.78E+08 0.1410 3910.63
5.91E+08 0.1368 3904.41
6.03E+08 0.1346 3898.92
6.14E+08 0.1347 3893.91
6.27E+08 0.1300 3888.09
6.37E+08 0.1284 3883.73
6.52E+08 0.1256 3876.94
6.64E+08 0.1228 3871.82
6.78E+08 0.1206 3866.03
6.91E+08 0.1185 3860.81
7.06E+08 0.1155 3854.6
7.19E+08 0.1132 3849.54
7.31E+08 0.1102 3844.83
7.45E+08 0.1081 3839.58
7.59E+08 0.1059 3834.56
7.73E+08 0.1033 3829.27
7.86E+08 0.1021 3824.8
8.00E+08 0.1001 3819.99
8.13E+08 0.0969 3815.49
8.24E+08 0.0971 3811.8
8.39E+08 0.0948 3806.98
8.54E+08 0.0927 3802.16
8.68E+08 0.0907 3797.74
8.82E+08 0.0909 3793.47
8.94E+08 0.0888 3789.53
9.06E+08 0.0892 3786.11
9.18E+08 0.0882 3782.39
9.32E+08 0.0872 3778.03
9.42E+08 0.0859 3775.13
9.52E+08 0.0854 3772.17
9.65E+08 0.0870 3768.39
9.77E+08 0.0837 3764.78
9.90E+08 0.0839 3761.15
1.00E+09 0.0824 3757.59
1.01E+09 0.0830 3754.69
1.03E+09 0.0829 3750.51
1.04E+09 0.0830 3746.99
1.05E+09 0.0825 3743.32
1.06E+09 0.0808 3740.12
1.08E+09 0.0809 3736.34
1.09E+09 0.0807 3732.83
1.10E+09 0.0797 3729.12
1.12E+09 0.0792 3725.41
1.13E+09 0.0796 3721.89
1.14E+09 0.0782 3718.25
1.16E+09 0.0780 3714.66
1.17E+09 0.0784 3711.15
1.18E+09 0.0772 3707.4
1.20E+09 0.0782 3704.22
1.21E+09 0.0763 3700.75
1.22E+09 0.0761 3697.4
1.23E+09 0.0755 3694.63
1.24E+09 0.0756 3692.18
1.25E+09 0.0745 3689.17
1.26E+09 0.0747 3686.34
1.28E+09 0.0739 3683.14
1.29E+09 0.0740 3680.45
1.30E+09 0.0747 3677.5
1.31E+09 0.0736 3674.27
1.32E+09 0.0737 3670.91
1.34E+09 0.0731 3667.57
1.35E+09 0.0728 3663.84
1.37E+09 0.0725 3660.73
1.38E+09 0.0718 3657.47
1.39E+09 0.0720 3654.08
1.41E+09 0.0713 3650.8
1.42E+09 0.0706 3647.06
1.44E+09 0.0707 3643.46
1.45E+09 0.0700 3640.51
1.46E+09 0.0689 3637.25
1.47E+09 0.0693 3634.27
1.49E+09 0.0684 3631.1
1.50E+09 0.0678 3628.38
1.51E+09 0.0686 3625.38
1.53E+09 0.0676 3622.23
1.54E+09 0.0661 3619.52
1.55E+09 0.0662 3616.92
1.56E+09 0.0657 3614.2
1.57E+09 0.0658 3611.44
1.59E+09 0.0649 3608.65
1.60E+09 0.0648 3606.34
1.61E+09 0.0643 3604.08
1.62E+09 0.0638 3601.87
1.63E+09 0.0632 3599.47
1.64E+09 0.0641 3596.92
1.65E+09 0.0635 3593.95
1.66E+09 0.0641 3591.46
1.68E+09 0.0636 3588.3
1.69E+09 0.0610 3585.73
1.70E+09 0.0617 3583.12
1.71E+09 0.0617 3580.82
1.73E+09 0.0615 3577.59
1.74E+09 0.0608 3574.84
1.75E+09 0.0600 3572.16
1.77E+09 0.0604 3569.23
1.78E+09 0.0593 3566.58
1.79E+09 0.0596 3564.08
1.81E+09 0.0595 3561.24
1.82E+09 0.0594 3558.54
1.84E+09 0.0590 3555.5
1.85E+09 0.0580 3552.59
1.86E+09 0.0569 3549.65
1.88E+09 0.0571 3546.99
1.89E+09 0.0570 3544.3
1.91E+09 0.0563 3541.68
1.92E+09 0.0561 3538.96
1.94E+09 0.0560 3535.89
1.95E+09 0.0550 3532.75
1.97E+09 0.0554 3529.53
1.99E+09 0.0551 3526.26
2.00E+09 0.0547 3522.91
2.02E+09 0.0544 3519.94
2.04E+09 0.0530 3516.81
2.05E+09 0.0529 3514.22
2.07E+09 0.0532 3511.07
2.09E+09 0.0525 3507.49
2.11E+09 0.0518 3503.88
2.13E+09 0.0515 3500.44
2.15E+09 0.0508 3496.58
2.17E+09 0.0501 3492.98
2.19E+09 0.0495 3489.66
2.21E+09 0.0497 3486.32
2.23E+09 0.0480 3483
2.25E+09 0.0485 3479.7
2.27E+09 0.0486 3476.17
2.29E+09 0.0471 3472.64
2.31E+09 0.0475 3469.54
2.33E+09 0.0471 3466.17
2.35E+09 0.0466 3463.01
2.37E+09 0.0462 3459.71
2.39E+09 0.0457 3456.51
2.41E+09 0.0453 3453.08
2.44E+09 0.0440 3449.66
2.46E+09 0.0442 3446.44
2.48E+09 0.0443 3443.3
2.50E+09 0.0434 3439.97
2.52E+09 0.0432 3436.59
2.54E+09 0.0425 3433.6
2.56E+09 0.0431 3430.91
2.58E+09 0.0424 3427.71
2.61E+09 0.0414 3424.3
2.63E+09 0.0410 3421.02
2.65E+09 0.0403 3417.87
2.67E+09 0.0400 3415.1
2.69E+09 0.0402 3412.19
2.72E+09 0.0394 3409
2.74E+09 0.0386 3405.94
2.76E+09 0.0389 3402.77
2.79E+09 0.0383 3399.6
2.81E+09 0.0381 3396.34
2.84E+09 0.0379 3393.24
2.86E+09 0.0371 3389.94
2.89E+09 0.0366 3386.99
2.91E+09 0.0358 3384.28
2.93E+09 0.0365 3381.72
2.95E+09 0.0353 3378.85
2.97E+09 0.0351 3376.36
2.99E+09 0.0349 3373.93
3.01E+09 0.0343 3371.26
3.04E+09 0.0338 3368.66
3.06E+09 0.0340 3365.87
3.08E+09 0.0340 3363.01
3.11E+09 0.0328 3359.88
3.14E+09 0.0333 3356.68
3.17E+09 0.0324 3353.72
3.19E+09 0.0320 3351.21
3.21E+09 0.0319 3349.09
3.23E+09 0.0316 3346.53
3.26E+09 0.0313 3343.84
3.28E+09 0.0306 3341.19
3.31E+09 0.0310 3338.45
3.33E+09 0.0304 3335.79
3.36E+09 0.0297 3333.12
3.39E+09 0.0298 3330.25
3.41E+09 0.0291 3327.34
3.44E+09 0.0290 3324.68
3.47E+09 0.0286 3321.59
3.50E+09 0.0286 3318.93
3.53E+09 0.0277 3315.88
3.56E+09 0.0285 3313.32
3.59E+09 0.0275 3310.59
3.62E+09 0.0271 3307.58
3.65E+09 0.0273 3304.84
3.68E+09 0.0259 3302.12
3.71E+09 0.0265 3299.5
3.74E+09 0.0260 3296.54
3.77E+09 0.0261 3293.86
3.80E+09 0.0254 3291.06
3.83E+09 0.0252 3288.17
3.86E+09 0.0250 3285.64
3.90E+09 0.0247 3282.84
3.93E+09 0.0244 3280.02
3.96E+09 0.0240 3277.77
3.99E+09 0.0236 3275.2
4.02E+09 0.0234 3272.74
4.05E+09 0.0233 3270.5
4.08E+09 0.0228 3268.04
4.11E+09 0.0229 3265.59
4.14E+09 0.0226 3263.23
4.17E+09 0.0220 3260.61
4.21E+09 0.0219 3258.14
4.24E+09 0.0218 3255.83
4.27E+09 0.0214 3253.52
4.30E+09 0.0210 3251.23
4.33E+09 0.0213 3248.85
4.37E+09 0.0203 3246.35
4.40E+09 0.0201 3243.84
4.44E+09 0.0199 3241.38
4.47E+09 0.0197 3239.05
4.51E+09 0.0195 3236.6
4.54E+09 0.0192 3234.58
4.58E+09 0.0188 3232.43
4.61E+09 0.0183 3230.22
4.64E+09 0.0183 3228.2
4.68E+09 0.0182 3225.9
4.71E+09 0.0181 3223.78
4.75E+09 0.0177 3221.34
4.79E+09 0.0177 3219.09
4.83E+09 0.0178 3216.84
4.86E+09 0.0170 3214.61
4.90E+09 0.0172 3212.47
4.94E+09 0.0166 3210.03
4.98E+09 0.0169 3207.91
