0.00E+00 -0.7511 5834.47
1.99E+08 0.2032 5651.77
2.68E+08 0.1864 5585.21
3.19E+08 0.1794 5537.52
3.57E+08 0.1790 5504.32
3.94E+08 0.1746 5472.66
4.33E+08 0.1650 5440.99
4.67E+08 0.1631 5413.31
5.02E+08 0.1615 5386.54
5.38E+08 0.1540 5358.78
5.76E+08 0.1522 5330.36
6.10E+08 0.1477 5306.08
6.41E+08 0.1421 5284.12
6.65E+08 0.1376 5268.04
6.88E+08 0.1383 5252.38
7.09E+08 0.1441 5238.02
7.26E+08 0.1565 5226.15
7.33E+08 0.2106 5220.36
7.39E+08 0.2466 5213.43
7.56E+08 0.2229 5193.59
7.95E+08 0.2063 5153.63
8.39E+08 0.2106 5109.75
8.70E+08 0.2183 5076.4
9.11E+08 0.2207 5033.33
9.52E+08 0.1962 4991.88
1.05E+09 0.1675 4910.02
1.15E+09 0.1371 4834.09
1.24E+09 0.1641 4767.12
1.31E+09 0.1567 4714.07
1.41E+09 0.1441 4642.44
1.50E+09 0.1352 4579.24
1.54E+09 0.1218 4551.39
1.57E+09 0.1111 4535.97
1.60E+09 0.1076 4520.2
1.62E+09 0.0963 4509.92
1.65E+09 0.1073 4495.53
1.67E+09 0.1058 4484.1
1.70E+09 0.1049 4472.59
1.72E+09 0.0909 4463.47
1.74E+09 0.1003 4452.01
1.77E+09 0.0957 4439.25
1.79E+09 0.0879 4429.88
1.81E+09 0.0943 4418.6
1.84E+09 0.0919 4406.62
1.86E+09 0.0839 4397.05
1.89E+09 0.0758 4386.67
1.91E+09 0.0832 4377.61
1.94E+09 0.0731 4368.06
1.96E+09 0.0828 4358.36
1.99E+09 0.0813 4348.11
2.02E+09 0.0761 4337.65
2.04E+09 0.0704 4327.81
2.07E+09 0.0734 4318.03
2.10E+09 0.0766 4308.95
2.13E+09 0.0613 4298.8
2.16E+09 0.0711 4290.01
2.19E+09 0.0658 4280.35
2.22E+09 0.0664 4269.67
2.25E+09 0.0606 4259.56
2.29E+09 0.0627 4249.79
2.31E+09 0.0588 4241.83
2.34E+09 0.0556 4233.56
2.38E+09 0.0581 4225.08
2.41E+09 0.0581 4215.6
2.44E+09 0.0533 4206
2.48E+09 0.0519 4197.5
2.50E+09 0.0457 4191.18
2.54E+09 0.0524 4182.18
2.58E+09 0.0491 4173.54
2.62E+09 0.0480 4164.76
2.65E+09 0.0458 4156.72
2.69E+09 0.0451 4148.62
2.72E+09 0.0431 4141.73
2.75E+09 0.0376 4134.89
2.79E+09 0.0382 4127.58
2.84E+09 0.0410 4119.92
2.87E+09 0.0432 4111.58
2.92E+09 0.0369 4102.87
2.96E+09 0.0371 4095.97
3.00E+09 0.0315 4089.88
3.04E+09 0.0357 4082.03
3.08E+09 0.0326 4075.47
3.12E+09 0.0285 4069.71
3.17E+09 0.0366 4061.99
3.22E+09 0.0308 4053.87
3.27E+09 0.0300 4046.48
3.31E+09 0.0266 4041.22
3.37E+09 0.0217 4034.8
3.41E+09 0.0314 4028.92
3.46E+09 0.0277 4022.3
3.51E+09 0.0267 4015.87
3.56E+09 0.0242 4009.6
3.60E+09 0.0254 4004.38
3.65E+09 0.0193 3999.04
3.71E+09 0.0223 3993.87
3.75E+09 0.0207 3988.94
3.81E+09 0.0175 3983.96
3.86E+09 0.0238 3978.8
3.91E+09 0.0214 3973.33
3.97E+09 0.0201 3967.36
4.03E+09 0.0190 3962.01
4.07E+09 0.0163 3957.82
4.13E+09 0.0167 3953.4
4.19E+09 0.0185 3948.25
4.25E+09 0.0170 3943.27
4.31E+09 0.0158 3938.48
4.36E+09 0.0144 3934.45
4.43E+09 0.0145 3930.31
4.48E+09 0.0161 3926.54
4.53E+09 0.0120 3922.62
4.61E+09 0.0119 3918.64
4.67E+09 0.0148 3914.86
4.72E+09 0.0155 3910.87
4.78E+09 0.0111 3906.92
4.85E+09 0.0119 3903.47
4.90E+09 0.0123 3900.45
4.97E+09 0.0102 3896.57
