0.00E+00 -0.2312 3654.44
3.63E+07 0.1409 3649.35
4.67E+07 0.1709 3644.53
7.64E+07 0.1594 3630.97
1.16E+08 0.1502 3613.47
1.62E+08 0.1586 3592.28
2.04E+08 0.1468 3574.24
2.27E+08 0.1406 3564.67
2.45E+08 0.1363 3557.7
2.63E+08 0.1323 3550.58
2.81E+08 0.1285 3544.08
2.99E+08 0.1249 3537.53
3.14E+08 0.1223 3532.28
3.29E+08 0.1195 3527.16
3.44E+08 0.1170 3522.08
3.59E+08 0.1136 3517.19
3.72E+08 0.1113 3512.94
3.84E+08 0.1094 3509.07
3.97E+08 0.1059 3505.03
4.10E+08 0.1044 3501.21
4.24E+08 0.1019 3497.14
4.40E+08 0.0994 3492.63
4.51E+08 0.0970 3489.36
4.61E+08 0.0950 3486.62
4.73E+08 0.0928 3483.33
4.86E+08 0.0904 3480.05
4.98E+08 0.0885 3477.06
5.09E+08 0.0870 3474.28
5.21E+08 0.0852 3471.17
5.36E+08 0.0828 3467.78
5.50E+08 0.0800 3464.41
5.64E+08 0.0789 3461.3
5.80E+08 0.0766 3457.77
5.94E+08 0.0746 3454.7
6.09E+08 0.0729 3451.62
6.27E+08 0.0700 3447.87
6.42E+08 0.0688 3444.9
6.56E+08 0.0668 3442.12
6.71E+08 0.0657 3439.36
6.85E+08 0.0638 3436.79
7.00E+08 0.0618 3434.07
7.15E+08 0.0613 3431.46
7.33E+08 0.0594 3428.4
7.46E+08 0.0584 3426.08
7.59E+08 0.0580 3423.92
7.72E+08 0.0574 3421.79
7.83E+08 0.0564 3420.09
7.96E+08 0.0564 3417.94
8.10E+08 0.0563 3415.73
8.24E+08 0.0558 3413.53
8.37E+08 0.0555 3411.35
8.48E+08 0.0552 3409.69
8.61E+08 0.0545 3407.61
8.74E+08 0.0539 3405.6
8.88E+08 0.0537 3403.5
8.99E+08 0.0537 3401.81
9.13E+08 0.0537 3399.64
9.25E+08 0.0532 3397.88
9.38E+08 0.0526 3395.95
9.50E+08 0.0518 3394.13
9.62E+08 0.0516 3392.38
9.76E+08 0.0511 3390.34
9.89E+08 0.0514 3388.37
1.00E+09 0.0510 3386.19
1.02E+09 0.0509 3384.2
1.03E+09 0.0504 3382.07
1.05E+09 0.0499 3380.02
1.06E+09 0.0497 3378.09
1.08E+09 0.0501 3375.93
1.09E+09 0.0494 3374.15
1.10E+09 0.0493 3371.98
1.12E+09 0.0492 3369.98
1.13E+09 0.0481 3367.84
1.15E+09 0.0482 3365.73
1.16E+09 0.0481 3363.98
1.17E+09 0.0484 3362.1
1.19E+09 0.0481 3359.96
1.21E+09 0.0478 3357.78
1.22E+09 0.0471 3355.86
1.23E+09 0.0466 3354
1.25E+09 0.0472 3352.11
1.26E+09 0.0466 3350.06
1.28E+09 0.0472 3347.81
1.30E+09 0.0467 3345.65
1.31E+09 0.0464 3343.48
1.33E+09 0.0461 3341.36
1.34E+09 0.0459 3339.52
1.36E+09 0.0457 3337.45
1.37E+09 0.0455 3335.43
1.39E+09 0.0453 3333.5
1.40E+09 0.0445 3331.53
1.42E+09 0.0447 3329.7
1.43E+09 0.0446 3327.85
1.45E+09 0.0447 3326.24
1.46E+09 0.0444 3324.29
1.48E+09 0.0443 3322.5
1.49E+09 0.0435 3320.54
1.51E+09 0.0439 3318.57
1.52E+09 0.0438 3316.41
1.54E+09 0.0434 3314.42
1.56E+09 0.0434 3312.53
1.57E+09 0.0426 3310.55
1.59E+09 0.0428 3308.7
1.61E+09 0.0423 3306.53
1.62E+09 0.0424 3304.7
1.64E+09 0.0420 3302.72
1.65E+09 0.0415 3300.67
1.67E+09 0.0417 3298.98
1.68E+09 0.0415 3297.04
1.70E+09 0.0413 3295.34
1.72E+09 0.0409 3293.41
1.73E+09 0.0407 3291.45
1.75E+09 0.0409 3289.73
1.76E+09 0.0404 3287.72
1.78E+09 0.0405 3285.79
1.80E+09 0.0403 3283.66
1.82E+09 0.0399 3281.73
1.83E+09 0.0398 3279.77
1.85E+09 0.0395 3277.86
1.87E+09 0.0394 3275.9
1.89E+09 0.0390 3273.98
1.90E+09 0.0388 3272.13
1.92E+09 0.0386 3270.17
1.94E+09 0.0386 3268.13
1.95E+09 0.0386 3266.25
1.97E+09 0.0387 3264.39
1.99E+09 0.0383 3262.48
2.01E+09 0.0380 3260.58
2.02E+09 0.0383 3258.85
2.04E+09 0.0380 3257.02
2.06E+09 0.0376 3255.2
2.07E+09 0.0375 3253.67
2.09E+09 0.0372 3252.01
2.10E+09 0.0373 3250.11
2.12E+09 0.0372 3248.4
2.14E+09 0.0369 3246.35
2.16E+09 0.0365 3244.37
2.18E+09 0.0367 3242.53
2.19E+09 0.0362 3240.72
2.21E+09 0.0363 3238.93
2.23E+09 0.0360 3237.14
2.25E+09 0.0360 3235.11
2.27E+09 0.0358 3233.04
2.29E+09 0.0359 3231.15
2.31E+09 0.0360 3229.16
2.33E+09 0.0353 3227.12
2.34E+09 0.0353 3225.33
2.36E+09 0.0353 3223.3
2.38E+09 0.0348 3221.34
2.40E+09 0.0350 3219.33
2.42E+09 0.0347 3217.39
2.44E+09 0.0344 3215.38
2.46E+09 0.0344 3213.62
2.48E+09 0.0340 3211.91
2.50E+09 0.0339 3210.06
2.52E+09 0.0337 3208.14
2.54E+09 0.0335 3206.33
2.56E+09 0.0334 3204.44
2.58E+09 0.0332 3202.54
2.60E+09 0.0337 3200.76
2.62E+09 0.0333 3198.82
2.64E+09 0.0333 3196.94
2.66E+09 0.0332 3194.98
2.68E+09 0.0327 3192.96
2.70E+09 0.0326 3191.04
2.72E+09 0.0321 3189.11
2.74E+09 0.0320 3187.34
2.76E+09 0.0316 3185.48
2.78E+09 0.0319 3183.63
2.80E+09 0.0315 3181.69
2.82E+09 0.0314 3179.94
2.84E+09 0.0309 3178.06
2.86E+09 0.0307 3176.46
2.88E+09 0.0309 3174.81
2.90E+09 0.0307 3173.12
2.92E+09 0.0305 3171.28
2.94E+09 0.0301 3169.54
2.96E+09 0.0303 3168.09
2.98E+09 0.0300 3166.39
3.00E+09 0.0298 3164.68
3.02E+09 0.0296 3162.86
3.04E+09 0.0292 3161.02
3.06E+09 0.0289 3159.23
3.08E+09 0.0290 3157.56
3.10E+09 0.0288 3155.91
3.12E+09 0.0291 3154.41
3.14E+09 0.0286 3152.84
3.16E+09 0.0283 3151.28
3.18E+09 0.0279 3149.81
3.19E+09 0.0286 3148.56
3.21E+09 0.0281 3147.23
3.23E+09 0.0281 3145.71
3.25E+09 0.0277 3144.05
3.27E+09 0.0277 3142.34
3.29E+09 0.0274 3140.57
3.32E+09 0.0273 3138.77
3.34E+09 0.0273 3137
3.36E+09 0.0271 3135.26
3.38E+09 0.0269 3133.62
3.40E+09 0.0268 3131.96
3.43E+09 0.0265 3130.27
3.45E+09 0.0259 3128.69
3.47E+09 0.0262 3127.23
3.49E+09 0.0260 3125.82
3.51E+09 0.0257 3124.27
3.53E+09 0.0256 3122.64
3.55E+09 0.0257 3121.17
3.57E+09 0.0253 3119.76
3.59E+09 0.0253 3118.17
3.61E+09 0.0253 3116.71
3.63E+09 0.0253 3115.28
3.65E+09 0.0252 3113.76
3.67E+09 0.0248 3112.16
3.69E+09 0.0250 3110.73
3.71E+09 0.0244 3109.31
3.73E+09 0.0243 3107.92
3.76E+09 0.0242 3106.46
3.78E+09 0.0237 3105.06
3.80E+09 0.0240 3103.48
3.82E+09 0.0237 3101.83
3.85E+09 0.0236 3100.3
3.87E+09 0.0234 3098.81
3.89E+09 0.0234 3097.2
3.91E+09 0.0232 3095.69
3.94E+09 0.0234 3094.16
3.96E+09 0.0231 3092.62
3.98E+09 0.0236 3091.37
4.00E+09 0.0232 3089.99
4.02E+09 0.0232 3088.7
4.04E+09 0.0233 3087.12
4.06E+09 0.0232 3085.66
4.09E+09 0.0229 3084.27
4.11E+09 0.0230 3082.91
4.13E+09 0.0225 3081.62
4.15E+09 0.0222 3080.23
4.17E+09 0.0224 3078.57
4.20E+09 0.0223 3077.04
4.22E+09 0.0225 3075.55
4.25E+09 0.0220 3073.83
4.27E+09 0.0217 3072.36
4.30E+09 0.0216 3070.93
4.32E+09 0.0217 3069.53
4.34E+09 0.0219 3068.05
4.37E+09 0.0220 3066.54
4.39E+09 0.0216 3065.04
4.41E+09 0.0216 3063.47
4.44E+09 0.0216 3061.91
4.47E+09 0.0213 3060.36
4.48E+09 0.0215 3059.22
4.50E+09 0.0213 3058.16
4.52E+09 0.0211 3056.91
4.54E+09 0.0212 3055.82
4.56E+09 0.0212 3054.46
4.59E+09 0.0209 3052.9
4.61E+09 0.0208 3051.45
4.64E+09 0.0207 3049.89
4.67E+09 0.0207 3048.29
4.69E+09 0.0205 3046.73
4.72E+09 0.0204 3045.23
4.74E+09 0.0205 3043.7
4.77E+09 0.0203 3042.27
4.79E+09 0.0207 3041.03
4.82E+09 0.0205 3039.5
4.85E+09 0.0206 3037.81
4.87E+09 0.0204 3036.24
4.90E+09 0.0202 3034.61
4.93E+09 0.0204 3033.03
4.96E+09 0.0204 3031.35
4.98E+09 0.0205 3030
