0.00E+00 -0.7796 5802.9
1.66E+08 0.2358 5665.39
2.20E+08 0.2192 5615.98
2.67E+08 0.2108 5575.66
3.07E+08 0.1985 5541.94
3.44E+08 0.1852 5512.17
3.74E+08 0.1873 5489.03
4.05E+08 0.1766 5465.58
4.27E+08 0.1740 5449.26
4.52E+08 0.1661 5431.62
4.74E+08 0.1667 5416.51
4.97E+08 0.1608 5400.88
5.18E+08 0.1579 5386.44
5.38E+08 0.1574 5373.47
5.60E+08 0.1529 5359.24
5.80E+08 0.1514 5346.76
6.00E+08 0.1506 5334.09
6.16E+08 0.1523 5323.89
6.32E+08 0.1584 5314.07
6.43E+08 0.1753 5306.08
6.48E+08 0.2337 5302.51
6.50E+08 0.2756 5300.37
6.54E+08 0.2994 5295.78
6.60E+08 0.2957 5288.06
6.84E+08 0.2423 5261.52
7.25E+08 0.2381 5220.59
7.57E+08 0.2368 5188.62
7.88E+08 0.2518 5158.01
8.18E+08 0.2176 5129.55
8.71E+08 0.1912 5085.5
9.32E+08 0.1742 5038.81
1.00E+09 0.1514 4990.06
1.07E+09 0.1882 4945.91
1.12E+09 0.1805 4905.87
1.20E+09 0.1979 4840.35
1.28E+09 0.1803 4779.52
1.34E+09 0.1653 4730.88
1.40E+09 0.1435 4693.9
1.42E+09 0.1374 4682.93
1.44E+09 0.1172 4673.28
1.46E+09 0.1288 4660.23
1.49E+09 0.1247 4646.14
1.51E+09 0.1224 4633.77
1.53E+09 0.1157 4622.36
1.56E+09 0.1189 4612.5
1.57E+09 0.1172 4603.77
1.59E+09 0.1093 4594.34
1.61E+09 0.1157 4584.51
1.63E+09 0.1067 4577.61
1.65E+09 0.1050 4566.62
1.67E+09 0.1110 4556.77
1.69E+09 0.1083 4548.53
1.72E+09 0.0961 4538.82
1.74E+09 0.0972 4529.88
1.76E+09 0.0937 4521.41
1.78E+09 0.0991 4512.13
1.81E+09 0.0952 4502.86
1.83E+09 0.0874 4494.9
1.85E+09 0.0814 4488.17
1.86E+09 0.0892 4481.85
1.89E+09 0.0896 4473.13
1.91E+09 0.0864 4465.48
1.93E+09 0.0832 4456.18
1.96E+09 0.0829 4447.27
1.99E+09 0.0840 4437.9
2.01E+09 0.0786 4429.38
2.04E+09 0.0789 4421.2
2.06E+09 0.0756 4414.29
2.08E+09 0.0709 4406.28
2.11E+09 0.0782 4398.67
2.13E+09 0.0724 4391.33
2.16E+09 0.0723 4383.66
2.18E+09 0.0682 4375.92
2.21E+09 0.0652 4367.75
2.24E+09 0.0692 4361.17
2.27E+09 0.0571 4353.5
2.29E+09 0.0596 4347.15
2.32E+09 0.0612 4340.71
2.35E+09 0.0631 4333.24
2.37E+09 0.0579 4326.55
2.40E+09 0.0590 4318.75
2.44E+09 0.0531 4311.51
2.47E+09 0.0515 4305.01
2.50E+09 0.0513 4298.11
2.53E+09 0.0555 4290.06
2.57E+09 0.0464 4283.11
2.60E+09 0.0474 4276.42
2.63E+09 0.0451 4269.95
2.67E+09 0.0537 4262.84
2.70E+09 0.0390 4256.82
2.74E+09 0.0475 4250.43
2.77E+09 0.0389 4244.74
2.80E+09 0.0433 4238.96
2.83E+09 0.0375 4233.66
2.87E+09 0.0392 4227.24
2.91E+09 0.0388 4220.79
2.95E+09 0.0352 4214.69
2.99E+09 0.0359 4209.07
3.03E+09 0.0351 4202.68
3.07E+09 0.0317 4197.1
3.11E+09 0.0347 4192.19
3.15E+09 0.0313 4186.34
3.19E+09 0.0318 4181.57
3.23E+09 0.0293 4175.82
3.28E+09 0.0285 4170.6
3.32E+09 0.0277 4165.61
3.37E+09 0.0251 4160.53
3.42E+09 0.0290 4154.97
3.47E+09 0.0251 4149.51
3.51E+09 0.0232 4144.61
3.57E+09 0.0257 4139.32
3.62E+09 0.0215 4134.36
3.66E+09 0.0245 4129.82
3.72E+09 0.0216 4124.85
3.77E+09 0.0203 4120.04
3.82E+09 0.0208 4115.67
3.87E+09 0.0190 4111.61
3.93E+09 0.0188 4107.28
3.99E+09 0.0183 4102.91
4.04E+09 0.0175 4098.64
4.09E+09 0.0175 4095.11
4.15E+09 0.0179 4091.07
4.20E+09 0.0159 4087.58
4.26E+09 0.0156 4083.42
4.32E+09 0.0155 4079.48
4.38E+09 0.0153 4075.65
4.44E+09 0.0127 4072.21
4.50E+09 0.0137 4068.51
4.57E+09 0.0142 4064.99
4.63E+09 0.0136 4061.16
4.70E+09 0.0139 4057.43
4.77E+09 0.0116 4053.66
4.83E+09 0.0122 4050.83
4.88E+09 0.0122 4047.91
4.95E+09 0.0117 4044.33
