0.00E+00 -0.3249 4116.25
4.90E+07 0.2007 4096.91
6.73E+07 0.2283 4081.44
9.31E+07 0.2137 4059.17
1.49E+08 0.1800 4017.31
1.99E+08 0.1995 3977.55
2.54E+08 0.2050 3935.21
2.94E+08 0.1845 3905.39
3.33E+08 0.1756 3878.15
3.59E+08 0.1695 3860.79
3.82E+08 0.1649 3846.01
4.02E+08 0.1593 3833.13
4.18E+08 0.1512 3823.99
4.37E+08 0.1523 3812.53
4.59E+08 0.1468 3800.15
4.79E+08 0.1414 3789.06
4.93E+08 0.1382 3781.44
5.09E+08 0.1337 3773.04
5.23E+08 0.1293 3765.74
5.38E+08 0.1300 3758.31
5.54E+08 0.1271 3750.68
5.72E+08 0.1228 3741.93
5.87E+08 0.1193 3735.01
6.03E+08 0.1148 3727.6
6.17E+08 0.1118 3721.54
6.32E+08 0.1104 3715.01
6.49E+08 0.1073 3708.2
6.64E+08 0.1039 3702.11
6.79E+08 0.1016 3696.19
6.97E+08 0.0990 3689.26
7.15E+08 0.0953 3682.44
7.28E+08 0.0924 3677.83
7.45E+08 0.0896 3671.69
7.61E+08 0.0864 3666.4
7.78E+08 0.0850 3660.87
7.93E+08 0.0816 3655.85
8.10E+08 0.0797 3650.76
8.32E+08 0.0774 3644.11
8.46E+08 0.0734 3640.1
8.60E+08 0.0712 3636.1
8.78E+08 0.0688 3631.23
8.93E+08 0.0676 3627.49
9.15E+08 0.0647 3621.74
9.39E+08 0.0610 3616.05
9.64E+08 0.0586 3610.3
9.90E+08 0.0553 3604.68
1.01E+09 0.0525 3600.03
1.04E+09 0.0497 3594.39
1.07E+09 0.0474 3589.56
1.09E+09 0.0449 3585.04
1.12E+09 0.0441 3580.85
1.14E+09 0.0424 3577.09
1.16E+09 0.0411 3573.26
1.19E+09 0.0398 3569.64
1.21E+09 0.0390 3565.92
1.23E+09 0.0385 3562.93
1.25E+09 0.0377 3559.67
1.28E+09 0.0369 3556.33
1.30E+09 0.0362 3553.19
1.32E+09 0.0360 3550.37
1.34E+09 0.0363 3547.49
1.35E+09 0.0354 3545.21
1.38E+09 0.0356 3542.26
1.40E+09 0.0343 3539.37
1.42E+09 0.0347 3536.71
1.44E+09 0.0348 3533.83
1.46E+09 0.0339 3530.5
1.49E+09 0.0334 3527.55
1.51E+09 0.0336 3524.99
1.52E+09 0.0336 3522.43
1.55E+09 0.0331 3519.46
1.57E+09 0.0326 3516.53
1.59E+09 0.0323 3513.68
1.62E+09 0.0325 3510.62
1.64E+09 0.0321 3507.8
1.67E+09 0.0310 3504.61
1.69E+09 0.0316 3501.83
1.71E+09 0.0319 3499.19
1.74E+09 0.0309 3496.26
1.76E+09 0.0308 3493.52
1.78E+09 0.0305 3490.69
1.81E+09 0.0302 3487.59
1.83E+09 0.0296 3484.78
1.86E+09 0.0296 3481.95
1.89E+09 0.0301 3478.88
1.91E+09 0.0294 3475.72
1.94E+09 0.0286 3472.63
1.97E+09 0.0283 3469.59
2.00E+09 0.0281 3466.83
2.03E+09 0.0278 3463.57
2.05E+09 0.0276 3461.01
2.08E+09 0.0262 3458.18
2.10E+09 0.0270 3455.39
2.14E+09 0.0257 3452.29
2.17E+09 0.0260 3449.23
2.20E+09 0.0258 3446.16
2.23E+09 0.0249 3443.05
2.26E+09 0.0246 3439.99
2.29E+09 0.0244 3436.86
2.33E+09 0.0238 3433.84
2.36E+09 0.0236 3430.88
2.39E+09 0.0228 3427.77
2.43E+09 0.0228 3424.84
2.46E+09 0.0229 3422.03
2.49E+09 0.0225 3419.2
2.53E+09 0.0219 3416.2
2.56E+09 0.0219 3413.22
2.60E+09 0.0211 3410.23
2.63E+09 0.0208 3407.23
2.67E+09 0.0206 3404.32
2.71E+09 0.0201 3401.32
2.74E+09 0.0203 3398.48
2.78E+09 0.0192 3395.56
2.82E+09 0.0194 3392.46
2.86E+09 0.0188 3389.72
2.90E+09 0.0184 3386.92
2.94E+09 0.0184 3384.16
2.98E+09 0.0180 3381.31
3.02E+09 0.0175 3378.6
3.06E+09 0.0174 3375.89
3.10E+09 0.0173 3373.22
3.14E+09 0.0170 3370.39
3.19E+09 0.0164 3367.54
3.23E+09 0.0161 3364.83
3.27E+09 0.0162 3362.11
3.32E+09 0.0157 3359.51
3.36E+09 0.0160 3356.7
3.41E+09 0.0155 3353.9
3.45E+09 0.0153 3351.3
3.50E+09 0.0150 3348.58
3.55E+09 0.0145 3345.89
3.59E+09 0.0145 3343.42
3.64E+09 0.0145 3340.85
3.68E+09 0.0140 3338.6
3.73E+09 0.0137 3336.07
3.78E+09 0.0134 3333.46
3.82E+09 0.0131 3331.14
3.87E+09 0.0134 3328.67
3.92E+09 0.0132 3326.16
3.97E+09 0.0127 3323.51
4.02E+09 0.0128 3321.04
4.08E+09 0.0125 3318.42
4.13E+09 0.0124 3316.05
4.18E+09 0.0116 3313.72
4.23E+09 0.0118 3311.43
4.28E+09 0.0118 3308.99
4.34E+09 0.0120 3306.43
4.39E+09 0.0115 3303.94
4.45E+09 0.0115 3301.54
4.50E+09 0.0112 3299.11
4.56E+09 0.0114 3296.64
4.62E+09 0.0110 3294.11
4.68E+09 0.0108 3291.62
4.74E+09 0.0107 3289.22
4.79E+09 0.0110 3286.87
4.85E+09 0.0110 3284.52
4.91E+09 0.0105 3282.18
4.96E+09 0.0105 3279.83
