0.00E+00 -0.4823 4862.65
2.79E+07 0.2630 4854.2
3.33E+07 0.3070 4850.81
3.77E+07 0.3484 4847.62
4.28E+07 0.3696 4843.51
4.90E+07 0.3809 4838.33
5.57E+07 0.3707 4832.79
6.77E+07 0.3570 4823.13
8.07E+07 0.3456 4812.99
9.55E+07 0.3297 4801.83
1.12E+08 0.3232 4789.84
1.26E+08 0.3292 4779.99
1.40E+08 0.3380 4769.8
1.51E+08 0.3496 4761.2
1.60E+08 0.3505 4753.98
1.70E+08 0.3439 4746.7
1.79E+08 0.3355 4739.7
1.87E+08 0.3323 4733.99
1.93E+08 0.3293 4729.11
2.01E+08 0.3241 4723.82
2.07E+08 0.3226 4719.31
2.14E+08 0.3185 4714.6
2.19E+08 0.3140 4710.54
2.26E+08 0.3120 4706.24
2.32E+08 0.3094 4702.04
2.39E+08 0.3067 4697.04
2.44E+08 0.3037 4693.61
2.50E+08 0.2998 4689.52
2.56E+08 0.2966 4685.42
2.62E+08 0.2940 4681.91
2.69E+08 0.2910 4677.41
2.73E+08 0.2881 4674.57
2.78E+08 0.2864 4671.11
2.84E+08 0.2826 4667.57
2.89E+08 0.2792 4664.55
2.94E+08 0.2779 4661.33
2.99E+08 0.2756 4658.39
3.03E+08 0.2718 4655.77
3.07E+08 0.2713 4653.36
3.12E+08 0.2690 4650.76
3.15E+08 0.2660 4648.45
3.19E+08 0.2644 4646.23
3.23E+08 0.2626 4643.91
3.28E+08 0.2606 4641.02
3.33E+08 0.2579 4638.4
3.37E+08 0.2579 4636.07
3.41E+08 0.2544 4633.65
3.45E+08 0.2539 4631.28
3.50E+08 0.2508 4628.77
3.54E+08 0.2504 4626.67
3.57E+08 0.2488 4624.54
3.62E+08 0.2461 4622.21
3.66E+08 0.2448 4619.89
3.69E+08 0.2422 4617.94
3.73E+08 0.2411 4615.89
3.78E+08 0.2408 4613.59
3.82E+08 0.2386 4611.5
3.86E+08 0.2365 4609.28
3.90E+08 0.2358 4606.9
3.95E+08 0.2329 4604.53
4.00E+08 0.2325 4602.08
4.04E+08 0.2287 4599.59
4.09E+08 0.2285 4597.45
4.13E+08 0.2272 4595.47
4.18E+08 0.2251 4592.61
4.23E+08 0.2230 4590.02
4.28E+08 0.2221 4588.02
4.32E+08 0.2198 4585.73
4.36E+08 0.2186 4583.67
4.40E+08 0.2161 4581.88
4.45E+08 0.2154 4579.61
4.49E+08 0.2148 4577.63
4.53E+08 0.2144 4575.83
4.57E+08 0.2117 4573.78
4.62E+08 0.2099 4571.52
4.66E+08 0.2085 4569.81
4.69E+08 0.2090 4568.14
4.73E+08 0.2067 4566.37
4.77E+08 0.2054 4564.77
4.80E+08 0.2032 4563.13
4.83E+08 0.2055 4561.68
4.87E+08 0.2020 4560.01
4.91E+08 0.2031 4558.33
4.94E+08 0.2013 4556.72
4.98E+08 0.2010 4555.16
5.02E+08 0.2020 4553.57
5.05E+08 0.2003 4551.91
5.09E+08 0.1974 4550.05
5.13E+08 0.1985 4548.43
5.17E+08 0.1977 4546.81
5.21E+08 0.1975 4545.13
5.25E+08 0.1968 4543.46
5.28E+08 0.1961 4541.89
5.32E+08 0.1960 4540.37
5.36E+08 0.1942 4538.65
5.39E+08 0.1949 4537.11
5.43E+08 0.1945 4535.48
5.47E+08 0.1940 4533.89
5.50E+08 0.1934 4532.26
5.54E+08 0.1930 4530.77
5.57E+08 0.1933 4529.3
5.61E+08 0.1917 4527.64
5.65E+08 0.1916 4526.14
5.68E+08 0.1919 4524.89
5.70E+08 0.1906 4523.75
5.74E+08 0.1907 4522.43
5.77E+08 0.1907 4521.13
5.80E+08 0.1891 4519.72
5.83E+08 0.1910 4518.39
5.86E+08 0.1891 4517.06
5.90E+08 0.1891 4515.58
5.93E+08 0.1882 4514.21
5.96E+08 0.1885 4512.92
6.00E+08 0.1868 4511.46
6.03E+08 0.1880 4510.25
6.06E+08 0.1875 4509.03
6.09E+08 0.1877 4507.68
6.12E+08 0.1870 4506.25
6.16E+08 0.1861 4504.78
6.19E+08 0.1856 4503.29
6.22E+08 0.1843 4502.01
6.26E+08 0.1851 4500.75
6.29E+08 0.1844 4499.27
6.32E+08 0.1843 4497.97
6.36E+08 0.1842 4496.55
6.39E+08 0.1835 4495.09
6.43E+08 0.1828 4493.77
6.46E+08 0.1843 4492.41
6.49E+08 0.1837 4491.03
6.53E+08 0.1832 4489.55
6.56E+08 0.1845 4488.16
6.60E+08 0.1829 4486.77
6.63E+08 0.1831 4485.32
6.67E+08 0.1818 4483.98
6.70E+08 0.1819 4482.64
6.74E+08 0.1826 4481.16
6.77E+08 0.1829 4479.88
6.80E+08 0.1823 4478.44
6.84E+08 0.1830 4477.05
6.87E+08 0.1820 4475.69
6.91E+08 0.1820 4474.15
6.95E+08 0.1824 4472.51
6.99E+08 0.1823 4471.03
7.02E+08 0.1809 4469.54
7.06E+08 0.1825 4468.07
7.10E+08 0.1810 4466.51
7.14E+08 0.1823 4465
7.17E+08 0.1813 4463.44
7.21E+08 0.1809 4462.07
7.25E+08 0.1811 4460.62
7.29E+08 0.1816 4458.92
7.33E+08 0.1789 4457.22
7.36E+08 0.1806 4455.91
7.41E+08 0.1803 4454.03
7.45E+08 0.1812 4452.37
7.49E+08 0.1806 4451.01
7.52E+08 0.1805 4449.45
7.57E+08 0.1789 4447.45
7.62E+08 0.1812 4445.77
7.66E+08 0.1799 4443.83
7.71E+08 0.1788 4441.97
7.75E+08 0.1802 4440.5
7.79E+08 0.1787 4438.85
7.84E+08 0.1791 4437
7.88E+08 0.1794 4435.4
7.92E+08 0.1788 4433.79
7.96E+08 0.1792 4432.21
8.00E+08 0.1792 4430.59
8.04E+08 0.1777 4428.86
8.09E+08 0.1775 4427.12
8.12E+08 0.1787 4425.58
8.17E+08 0.1777 4423.69
8.22E+08 0.1779 4421.66
8.28E+08 0.1781 4419.51
8.34E+08 0.1767 4417.24
8.38E+08 0.1767 4415.47
8.42E+08 0.1757 4413.87
8.47E+08 0.1772 4411.97
8.52E+08 0.1767 4409.9
8.57E+08 0.1772 4407.93
8.62E+08 0.1773 4406
8.67E+08 0.1772 4403.98
8.73E+08 0.1768 4401.79
8.78E+08 0.1763 4399.62
8.84E+08 0.1769 4397.32
8.91E+08 0.1755 4394.83
8.96E+08 0.1746 4392.87
9.01E+08 0.1762 4390.81
9.07E+08 0.1754 4388.37
9.13E+08 0.1762 4386.17
9.18E+08 0.1763 4384.29
9.24E+08 0.1751 4381.87
9.30E+08 0.1744 4379.6
9.36E+08 0.1749 4377.31
9.41E+08 0.1749 4375.17
9.47E+08 0.1739 4372.95
9.53E+08 0.1727 4370.6
9.58E+08 0.1738 4368.91
9.63E+08 0.1728 4366.83
9.68E+08 0.1731 4364.79
9.74E+08 0.1727 4362.53
9.80E+08 0.1723 4360.43
9.85E+08 0.1719 4358.19
9.92E+08 0.1710 4355.75
9.97E+08 0.1708 4353.91
1.00E+09 0.1710 4352.18
1.01E+09 0.1712 4350.16
1.01E+09 0.1701 4348.24
1.02E+09 0.1709 4346.21
1.02E+09 0.1696 4343.79
1.03E+09 0.1700 4341.5
1.03E+09 0.1702 4339.71
1.04E+09 0.1692 4337.79
1.04E+09 0.1679 4335.72
1.05E+09 0.1686 4333.23
1.06E+09 0.1675 4330.91
1.06E+09 0.1673 4329.12
1.07E+09 0.1672 4327.17
1.07E+09 0.1674 4325.13
1.08E+09 0.1670 4322.49
1.09E+09 0.1658 4320.25
1.09E+09 0.1649 4317.96
1.10E+09 0.1658 4315.98
1.10E+09 0.1656 4313.97
1.11E+09 0.1648 4311.68
1.12E+09 0.1638 4309.63
1.12E+09 0.1647 4307.41
1.13E+09 0.1639 4305.42
1.13E+09 0.1630 4303.53
1.14E+09 0.1627 4301.63
1.14E+09 0.1618 4299.8
1.15E+09 0.1628 4297.81
1.15E+09 0.1627 4295.51
1.16E+09 0.1625 4293.48
1.17E+09 0.1616 4291.21
1.17E+09 0.1613 4289.12
1.18E+09 0.1597 4287.06
1.18E+09 0.1603 4284.99
1.19E+09 0.1610 4283.13
1.20E+09 0.1594 4280.95
1.20E+09 0.1607 4278.75
1.21E+09 0.1586 4276.65
1.21E+09 0.1588 4274.79
1.22E+09 0.1582 4272.96
1.22E+09 0.1584 4271.07
1.23E+09 0.1576 4268.83
1.24E+09 0.1579 4266.91
1.24E+09 0.1568 4264.87
1.25E+09 0.1568 4263.07
1.25E+09 0.1559 4261.34
1.26E+09 0.1571 4259.52
1.26E+09 0.1557 4257.49
1.27E+09 0.1548 4255.53
1.27E+09 0.1551 4253.48
1.28E+09 0.1551 4251.23
1.29E+09 0.1549 4249.16
1.29E+09 0.1541 4247.24
1.30E+09 0.1538 4245.54
1.30E+09 0.1532 4243.54
1.31E+09 0.1536 4241.61
1.31E+09 0.1538 4239.58
1.32E+09 0.1528 4237.54
1.33E+09 0.1520 4235.34
1.33E+09 0.1515 4233.42
1.34E+09 0.1523 4231.24
1.35E+09 0.1524 4229.24
1.35E+09 0.1511 4227.24
1.36E+09 0.1511 4225.31
1.36E+09 0.1499 4223.58
1.37E+09 0.1498 4221.73
1.37E+09 0.1509 4219.8
1.38E+09 0.1510 4217.45
1.39E+09 0.1496 4215.52
1.39E+09 0.1493 4213.64
1.40E+09 0.1490 4211.78
1.40E+09 0.1491 4209.73
1.41E+09 0.1481 4207.73
1.42E+09 0.1477 4205.63
1.42E+09 0.1480 4203.46
1.43E+09 0.1474 4201.13
1.43E+09 0.1459 4199.63
1.44E+09 0.1463 4197.94
1.44E+09 0.1454 4196.33
1.45E+09 0.1464 4194.54
1.46E+09 0.1458 4192.51
1.46E+09 0.1441 4190.53
1.47E+09 0.1452 4188.65
1.47E+09 0.1443 4186.81
1.48E+09 0.1449 4185.09
1.49E+09 0.1433 4183.29
1.49E+09 0.1432 4181.06
1.50E+09 0.1430 4179.07
1.50E+09 0.1429 4177.12
1.51E+09 0.1426 4175.4
1.52E+09 0.1441 4173.47
1.52E+09 0.1422 4171.27
1.53E+09 0.1429 4169.46
1.54E+09 0.1420 4167.14
1.54E+09 0.1413 4164.83
1.55E+09 0.1413 4162.79
1.56E+09 0.1403 4160.56
1.56E+09 0.1405 4158.7
1.57E+09 0.1401 4156.96
1.57E+09 0.1393 4155.04
1.58E+09 0.1396 4153.36
1.59E+09 0.1386 4151.63
1.59E+09 0.1384 4149.62
1.60E+09 0.1388 4147.59
1.60E+09 0.1374 4145.73
1.61E+09 0.1383 4143.8
1.62E+09 0.1374 4141.65
1.63E+09 0.1377 4139.46
1.63E+09 0.1370 4137.1
1.64E+09 0.1371 4134.82
1.65E+09 0.1366 4133.11
1.65E+09 0.1360 4131.39
1.66E+09 0.1351 4129.4
1.67E+09 0.1350 4127.28
1.67E+09 0.1354 4125.29
1.68E+09 0.1349 4123.37
1.69E+09 0.1347 4121.42
1.69E+09 0.1337 4119.46
1.70E+09 0.1336 4117.31
1.71E+09 0.1334 4115.56
1.71E+09 0.1327 4113.36
1.72E+09 0.1325 4111.25
1.73E+09 0.1327 4109.42
1.73E+09 0.1325 4107.43
1.74E+09 0.1320 4105.16
1.75E+09 0.1320 4103.19
1.75E+09 0.1313 4101.28
1.76E+09 0.1304 4099.32
1.77E+09 0.1301 4097.19
1.78E+09 0.1305 4094.91
1.78E+09 0.1298 4092.81
1.79E+09 0.1296 4090.97
1.80E+09 0.1287 4088.89
1.80E+09 0.1285 4086.94
1.81E+09 0.1280 4085.22
1.82E+09 0.1282 4083.64
1.82E+09 0.1277 4081.58
1.83E+09 0.1270 4079.35
1.84E+09 0.1265 4077.56
1.84E+09 0.1261 4075.51
1.85E+09 0.1264 4073.86
1.86E+09 0.1258 4071.87
1.86E+09 0.1258 4069.78
1.87E+09 0.1251 4067.81
1.88E+09 0.1251 4065.62
1.89E+09 0.1248 4063.46
1.89E+09 0.1234 4061.38
1.90E+09 0.1253 4059.37
1.91E+09 0.1234 4057.42
1.92E+09 0.1242 4055.59
1.92E+09 0.1233 4053.42
1.93E+09 0.1224 4051.42
1.94E+09 0.1228 4049.23
1.95E+09 0.1226 4047.01
1.96E+09 0.1224 4044.82
1.96E+09 0.1227 4042.6
1.97E+09 0.1220 4040.39
1.98E+09 0.1208 4038.32
1.99E+09 0.1217 4036.63
1.99E+09 0.1209 4034.39
2.00E+09 0.1190 4032.1
2.01E+09 0.1197 4029.89
2.02E+09 0.1199 4027.6
2.03E+09 0.1190 4025.6
2.03E+09 0.1177 4023.68
2.04E+09 0.1190 4021.9
2.05E+09 0.1181 4019.74
2.06E+09 0.1172 4017.79
2.06E+09 0.1170 4015.66
2.07E+09 0.1171 4013.74
2.08E+09 0.1161 4011.63
2.09E+09 0.1171 4009.73
2.09E+09 0.1163 4008.07
2.10E+09 0.1159 4006.26
2.11E+09 0.1151 4004.39
2.12E+09 0.1140 4002.6
2.12E+09 0.1144 4000.67
2.13E+09 0.1135 3999
2.14E+09 0.1142 3997.15
2.14E+09 0.1136 3995.12
2.15E+09 0.1130 3993.22
2.16E+09 0.1139 3991.4
2.17E+09 0.1129 3989.33
2.18E+09 0.1125 3987.44
2.18E+09 0.1118 3985.38
2.19E+09 0.1112 3983.36
2.20E+09 0.1119 3981.41
2.21E+09 0.1101 3979.26
2.22E+09 0.1115 3977.3
2.22E+09 0.1103 3975.23
2.23E+09 0.1106 3972.99
2.24E+09 0.1102 3970.85
2.25E+09 0.1086 3968.94
2.26E+09 0.1090 3967.22
2.27E+09 0.1091 3965.34
2.27E+09 0.1086 3963.41
2.28E+09 0.1092 3961.55
2.29E+09 0.1076 3959.54
2.30E+09 0.1077 3957.6
2.31E+09 0.1070 3955.42
2.31E+09 0.1079 3953.62
2.32E+09 0.1069 3951.72
2.33E+09 0.1071 3949.99
2.34E+09 0.1065 3948.18
2.35E+09 0.1047 3946.25
2.35E+09 0.1063 3944.63
2.36E+09 0.1054 3942.75
2.37E+09 0.1046 3940.79
2.38E+09 0.1050 3938.88
2.39E+09 0.1045 3936.93
2.39E+09 0.1042 3935.33
2.40E+09 0.1037 3933.66
2.41E+09 0.1033 3931.89
2.41E+09 0.1037 3930.17
2.42E+09 0.1039 3928.48
2.43E+09 0.1028 3926.45
2.44E+09 0.1028 3924.44
2.45E+09 0.1030 3922.75
2.46E+09 0.1019 3920.57
2.47E+09 0.1012 3918.53
2.47E+09 0.1017 3916.49
2.48E+09 0.1011 3914.73
2.49E+09 0.1015 3912.77
2.50E+09 0.1009 3910.7
2.51E+09 0.0994 3908.62
2.52E+09 0.1003 3907.01
2.53E+09 0.0992 3905.03
2.54E+09 0.0992 3903.09
2.54E+09 0.0989 3901.12
2.55E+09 0.0996 3899.25
2.56E+09 0.0994 3897.09
2.57E+09 0.0976 3894.81
2.58E+09 0.0986 3892.86
2.59E+09 0.0971 3890.75
2.60E+09 0.0976 3889.03
2.61E+09 0.0971 3887.41
2.62E+09 0.0962 3885.51
2.62E+09 0.0964 3883.78
2.63E+09 0.0962 3881.83
2.64E+09 0.0958 3879.73
2.65E+09 0.0954 3877.75
2.66E+09 0.0951 3875.92
2.67E+09 0.0946 3873.7
2.68E+09 0.0949 3871.59
2.69E+09 0.0947 3869.29
2.70E+09 0.0932 3867.64
2.71E+09 0.0938 3865.99
2.72E+09 0.0940 3864.24
2.73E+09 0.0932 3862.13
2.74E+09 0.0925 3859.86
2.75E+09 0.0919 3857.78
2.76E+09 0.0925 3855.97
2.77E+09 0.0917 3854.22
2.77E+09 0.0914 3852.38
2.78E+09 0.0909 3850.6
2.79E+09 0.0908 3848.44
2.80E+09 0.0907 3846.46
2.81E+09 0.0902 3844.38
2.82E+09 0.0906 3842.53
2.83E+09 0.0902 3840.36
2.85E+09 0.0899 3838.18
2.86E+09 0.0888 3836.27
2.86E+09 0.0882 3834.33
2.87E+09 0.0878 3832.53
2.88E+09 0.0879 3831
2.89E+09 0.0890 3829.05
2.90E+09 0.0870 3827.15
2.91E+09 0.0876 3825.33
2.92E+09 0.0873 3823.52
2.93E+09 0.0864 3821.66
2.94E+09 0.0866 3820.02
2.95E+09 0.0862 3818.18
2.96E+09 0.0855 3816.34
2.97E+09 0.0847 3814.39
2.98E+09 0.0856 3812.59
2.99E+09 0.0851 3810.83
3.00E+09 0.0850 3808.93
3.01E+09 0.0843 3807.09
3.02E+09 0.0849 3805.14
3.03E+09 0.0842 3803.17
3.04E+09 0.0839 3801.36
3.05E+09 0.0834 3799.49
3.06E+09 0.0838 3797.61
3.07E+09 0.0839 3795.61
3.08E+09 0.0828 3793.78
3.09E+09 0.0827 3791.79
3.10E+09 0.0829 3789.72
3.11E+09 0.0823 3787.97
3.12E+09 0.0817 3786.05
3.13E+09 0.0819 3784.24
3.14E+09 0.0803 3782.6
3.15E+09 0.0810 3780.95
3.16E+09 0.0810 3779.33
3.17E+09 0.0798 3777.45
3.18E+09 0.0801 3775.64
3.19E+09 0.0805 3773.78
3.20E+09 0.0799 3772.02
3.21E+09 0.0795 3770.29
3.22E+09 0.0791 3768.71
3.23E+09 0.0796 3766.96
3.24E+09 0.0783 3765.14
3.25E+09 0.0787 3763.6
3.26E+09 0.0785 3762.14
3.26E+09 0.0774 3760.78
3.27E+09 0.0777 3759.27
3.28E+09 0.0767 3757.69
3.29E+09 0.0773 3755.92
3.30E+09 0.0765 3754.09
3.31E+09 0.0768 3752.26
3.32E+09 0.0768 3750.32
3.34E+09 0.0760 3748.4
3.35E+09 0.0756 3746.37
3.36E+09 0.0757 3744.39
3.37E+09 0.0750 3742.56
3.38E+09 0.0754 3740.76
3.39E+09 0.0747 3738.89
3.40E+09 0.0748 3736.97
3.42E+09 0.0738 3735.06
3.43E+09 0.0735 3733.16
3.44E+09 0.0734 3731.46
3.45E+09 0.0731 3729.8
3.46E+09 0.0732 3727.87
3.47E+09 0.0731 3725.89
3.48E+09 0.0727 3724.21
3.49E+09 0.0730 3722.48
3.50E+09 0.0723 3720.68
3.52E+09 0.0719 3718.69
3.53E+09 0.0716 3716.8
3.54E+09 0.0718 3715.17
3.55E+09 0.0705 3713.64
3.56E+09 0.0708 3712.1
3.57E+09 0.0707 3710.57
3.58E+09 0.0705 3708.87
3.59E+09 0.0699 3707.39
3.60E+09 0.0703 3706.11
3.61E+09 0.0700 3704.6
3.62E+09 0.0700 3703
3.63E+09 0.0695 3701.04
3.64E+09 0.0693 3699.6
3.65E+09 0.0687 3697.98
3.66E+09 0.0689 3696.17
3.67E+09 0.0683 3694.58
3.68E+09 0.0683 3692.71
3.70E+09 0.0680 3690.92
3.71E+09 0.0676 3689.11
3.72E+09 0.0669 3687.57
3.73E+09 0.0667 3685.75
3.74E+09 0.0666 3684.09
3.75E+09 0.0664 3682.4
3.77E+09 0.0661 3680.59
3.78E+09 0.0659 3678.95
3.79E+09 0.0663 3677.18
3.80E+09 0.0657 3675.48
3.81E+09 0.0655 3673.58
3.83E+09 0.0651 3671.82
3.84E+09 0.0641 3670.18
3.85E+09 0.0648 3668.45
3.86E+09 0.0645 3666.66
3.87E+09 0.0640 3664.88
3.89E+09 0.0643 3662.95
3.90E+09 0.0638 3661.05
3.91E+09 0.0632 3659.45
3.93E+09 0.0634 3657.6
3.94E+09 0.0623 3655.91
3.95E+09 0.0619 3654.12
3.96E+09 0.0628 3652.31
3.98E+09 0.0619 3650.45
3.99E+09 0.0624 3648.77
4.00E+09 0.0618 3647.06
4.02E+09 0.0614 3645.14
4.03E+09 0.0614 3643.23
4.04E+09 0.0612 3641.45
4.06E+09 0.0603 3639.63
4.07E+09 0.0602 3637.86
4.08E+09 0.0605 3636.14
4.09E+09 0.0609 3634.66
4.11E+09 0.0597 3632.86
4.12E+09 0.0599 3631.08
4.13E+09 0.0591 3629.24
4.15E+09 0.0593 3627.45
4.16E+09 0.0586 3625.81
4.17E+09 0.0585 3623.99
4.19E+09 0.0589 3622.36
4.20E+09 0.0579 3620.65
4.21E+09 0.0578 3618.82
4.23E+09 0.0575 3617.12
4.24E+09 0.0578 3615.45
4.25E+09 0.0575 3613.92
4.27E+09 0.0571 3612.15
4.28E+09 0.0565 3610.45
4.29E+09 0.0565 3608.68
4.31E+09 0.0567 3606.75
4.32E+09 0.0562 3604.94
4.34E+09 0.0558 3603.17
4.35E+09 0.0555 3601.51
4.37E+09 0.0550 3599.81
4.38E+09 0.0553 3598.08
4.40E+09 0.0546 3596.19
4.41E+09 0.0543 3594.42
4.42E+09 0.0542 3592.69
4.44E+09 0.0540 3591.11
4.45E+09 0.0534 3589.3
4.47E+09 0.0540 3587.78
4.48E+09 0.0530 3586.01
4.49E+09 0.0530 3584.46
4.51E+09 0.0530 3582.96
4.52E+09 0.0528 3581.25
4.53E+09 0.0525 3579.72
4.55E+09 0.0520 3578.28
4.56E+09 0.0520 3576.76
4.57E+09 0.0521 3575.33
4.58E+09 0.0522 3573.88
4.60E+09 0.0514 3572.66
4.61E+09 0.0514 3571.37
4.62E+09 0.0503 3570.04
4.63E+09 0.0508 3568.64
4.65E+09 0.0507 3566.95
4.66E+09 0.0502 3565.47
4.67E+09 0.0499 3563.97
4.69E+09 0.0504 3562.32
4.70E+09 0.0494 3560.64
4.72E+09 0.0488 3558.95
4.73E+09 0.0492 3557.41
4.75E+09 0.0490 3555.79
4.76E+09 0.0490 3554.09
4.78E+09 0.0486 3552.2
4.80E+09 0.0486 3550.38
4.81E+09 0.0486 3548.76
4.83E+09 0.0482 3547.05
4.84E+09 0.0474 3545.48
4.86E+09 0.0473 3543.98
4.87E+09 0.0479 3542.29
4.89E+09 0.0473 3540.52
4.90E+09 0.0472 3538.97
4.92E+09 0.0468 3537.23
4.94E+09 0.0470 3535.65
4.95E+09 0.0466 3533.95
4.97E+09 0.0465 3532.37
4.98E+09 0.0459 3530.76
