0.00E+00 -0.2003 3449.19
6.04E+07 0.1132 3437.57
9.79E+07 0.1215 3420.63
1.66E+08 0.1094 3390.27
2.33E+08 0.1168 3361.05
3.05E+08 0.1049 3330.08
3.46E+08 0.0962 3314.61
3.75E+08 0.0906 3304.24
4.10E+08 0.0872 3292.56
4.37E+08 0.0828 3283.9
4.64E+08 0.0756 3275.73
4.86E+08 0.0753 3269.36
5.15E+08 0.0714 3261.33
5.38E+08 0.0674 3255.24
5.62E+08 0.0645 3249.09
5.88E+08 0.0636 3242.96
6.11E+08 0.0589 3237.71
6.37E+08 0.0566 3231.98
6.63E+08 0.0534 3226.55
6.86E+08 0.0514 3221.86
7.13E+08 0.0482 3216.72
7.36E+08 0.0453 3212.65
7.60E+08 0.0432 3208.66
7.84E+08 0.0414 3204.79
8.06E+08 0.0387 3201.4
8.36E+08 0.0361 3197.21
8.62E+08 0.0337 3193.72
8.85E+08 0.0322 3190.78
9.16E+08 0.0298 3187.2
9.37E+08 0.0278 3184.9
9.73E+08 0.0253 3181.24
1.01E+09 0.0232 3177.63
1.05E+09 0.0202 3174.21
1.10E+09 0.0176 3171.15
1.14E+09 0.0158 3168.3
1.20E+09 0.0130 3165.38
1.25E+09 0.0110 3162.79
1.31E+09 0.0090 3160.59
1.37E+09 0.0076 3158.87
1.42E+09 0.0066 3157.39
1.47E+09 0.0058 3156.23
1.52E+09 0.0059 3155.3
1.56E+09 0.0058 3154.39
1.59E+09 0.0063 3153.52
1.63E+09 0.0062 3152.61
1.67E+09 0.0066 3151.66
1.71E+09 0.0065 3150.65
1.75E+09 0.0064 3149.62
1.79E+09 0.0066 3148.6
1.84E+09 0.0066 3147.53
1.88E+09 0.0068 3146.46
1.92E+09 0.0067 3145.41
1.96E+09 0.0069 3144.33
2.00E+09 0.0070 3143.27
2.05E+09 0.0069 3142.16
2.09E+09 0.0073 3141.02
2.13E+09 0.0072 3139.8
2.18E+09 0.0072 3138.62
2.22E+09 0.0073 3137.4
2.26E+09 0.0074 3136.15
2.31E+09 0.0075 3134.9
2.35E+09 0.0076 3133.62
2.40E+09 0.0076 3132.42
2.44E+09 0.0078 3131.12
2.49E+09 0.0076 3129.76
2.53E+09 0.0074 3128.41
2.58E+09 0.0076 3127.09
2.62E+09 0.0073 3125.84
2.67E+09 0.0079 3124.5
2.72E+09 0.0077 3123.19
2.76E+09 0.0078 3121.86
2.81E+09 0.0079 3120.39
2.86E+09 0.0077 3118.95
2.91E+09 0.0077 3117.51
2.96E+09 0.0077 3116.06
3.01E+09 0.0077 3114.65
3.06E+09 0.0076 3113.18
3.11E+09 0.0075 3111.69
3.16E+09 0.0076 3110.24
3.21E+09 0.0079 3108.85
3.26E+09 0.0077 3107.49
3.31E+09 0.0079 3106.04
3.36E+09 0.0077 3104.5
3.41E+09 0.0075 3102.99
3.46E+09 0.0077 3101.51
3.51E+09 0.0078 3100.02
3.56E+09 0.0080 3098.55
3.61E+09 0.0081 3097.17
3.65E+09 0.0083 3095.71
3.70E+09 0.0084 3094.12
3.75E+09 0.0085 3092.63
3.80E+09 0.0086 3091.07
3.85E+09 0.0086 3089.38
3.90E+09 0.0086 3087.72
3.95E+09 0.0086 3086.13
4.00E+09 0.0087 3084.42
4.05E+09 0.0089 3082.7
4.10E+09 0.0090 3081.02
4.15E+09 0.0092 3079.35
4.20E+09 0.0093 3077.64
4.25E+09 0.0094 3075.88
4.30E+09 0.0095 3074.05
4.35E+09 0.0098 3072.22
4.40E+09 0.0096 3070.32
4.45E+09 0.0100 3068.53
4.50E+09 0.0100 3066.67
4.55E+09 0.0101 3064.71
4.59E+09 0.0103 3062.82
4.64E+09 0.0102 3060.89
4.69E+09 0.0105 3058.97
4.74E+09 0.0109 3057.08
4.79E+09 0.0111 3055.12
4.83E+09 0.0112 3053.12
4.88E+09 0.0111 3051.11
4.93E+09 0.0111 3049.12
4.98E+09 0.0113 3047.19
