0.00E+00 -0.6725 5569.16
9.96E+07 0.2262 5532.97
1.04E+08 0.2542 5530.37
1.09E+08 0.3080 5527.46
1.14E+08 0.3461 5522.77
1.24E+08 0.3322 5515.29
1.39E+08 0.3147 5503.35
1.51E+08 0.3350 5494.64
1.61E+08 0.3566 5485.74
1.79E+08 0.3538 5470.76
1.99E+08 0.3662 5453
2.47E+08 0.3497 5412.21
2.84E+08 0.3560 5381.53
3.21E+08 0.3446 5350.5
3.48E+08 0.3332 5328.42
3.70E+08 0.3270 5310.83
3.90E+08 0.3216 5295.53
4.04E+08 0.3523 5284.51
4.20E+08 0.3537 5270.66
4.39E+08 0.3474 5254.88
4.58E+08 0.3405 5239.55
4.70E+08 0.3301 5229.37
4.80E+08 0.3274 5222.13
4.90E+08 0.3211 5213.92
5.00E+08 0.3213 5206.11
5.12E+08 0.3146 5197.31
5.22E+08 0.3163 5189.82
5.32E+08 0.3027 5182.13
5.41E+08 0.3049 5175.98
5.51E+08 0.3058 5168.75
5.59E+08 0.2978 5162.66
5.66E+08 0.2923 5157.59
5.73E+08 0.3000 5152.87
5.81E+08 0.2923 5146.86
5.89E+08 0.2918 5141.75
5.97E+08 0.2938 5136.15
6.06E+08 0.2913 5130.04
6.13E+08 0.2836 5125
6.19E+08 0.2876 5121.03
6.24E+08 0.2814 5117.4
6.30E+08 0.2743 5113.79
6.35E+08 0.2749 5110.09
6.41E+08 0.2839 5105.95
6.47E+08 0.2751 5102.28
6.52E+08 0.2735 5098.84
6.58E+08 0.2752 5094.99
6.65E+08 0.2711 5090.73
6.73E+08 0.2726 5085.48
6.80E+08 0.2743 5080.56
6.87E+08 0.2699 5075.94
6.93E+08 0.2730 5072.51
6.98E+08 0.2676 5069.14
7.04E+08 0.2662 5065.27
7.11E+08 0.2713 5060.76
7.19E+08 0.2725 5055.75
7.26E+08 0.2723 5050.77
7.33E+08 0.2664 5046.15
7.40E+08 0.2644 5041.65
7.47E+08 0.2613 5037.6
7.54E+08 0.2618 5033.27
7.60E+08 0.2587 5029.28
7.67E+08 0.2617 5025.39
7.73E+08 0.2580 5021.46
7.80E+08 0.2659 5017.06
7.87E+08 0.2607 5012.59
7.95E+08 0.2583 5007.64
8.01E+08 0.2593 5003.75
8.09E+08 0.2609 4998.83
8.17E+08 0.2554 4993.94
8.23E+08 0.2562 4990.19
8.29E+08 0.2518 4986.72
8.34E+08 0.2536 4983.54
8.40E+08 0.2538 4980.24
8.45E+08 0.2472 4976.94
8.50E+08 0.2406 4974.38
8.54E+08 0.2447 4972.03
8.58E+08 0.2399 4969.78
8.62E+08 0.2329 4967.57
8.66E+08 0.2448 4965.18
8.70E+08 0.2487 4962.59
8.74E+08 0.2375 4960.05
8.78E+08 0.2349 4958
8.84E+08 0.2490 4954.73
8.89E+08 0.2474 4951.45
8.93E+08 0.2472 4948.93
8.98E+08 0.2408 4946.46
9.02E+08 0.2361 4943.93
9.06E+08 0.2397 4941.69
9.10E+08 0.2324 4939.29
9.14E+08 0.2440 4937.02
9.18E+08 0.2365 4934.81
9.23E+08 0.2367 4932.15
9.28E+08 0.2416 4929.48
9.33E+08 0.2418 4926.6
9.37E+08 0.2366 4924.01
9.43E+08 0.2391 4920.9
9.48E+08 0.2370 4917.89
9.52E+08 0.2410 4915.44
9.57E+08 0.2365 4912.71
9.62E+08 0.2339 4910.06
9.66E+08 0.2391 4907.63
9.72E+08 0.2360 4904.52
9.76E+08 0.2363 4901.72
9.81E+08 0.2293 4899.1
9.86E+08 0.2328 4896.3
9.90E+08 0.2271 4894.11
9.95E+08 0.2383 4891.42
1.00E+09 0.2328 4888.84
1.00E+09 0.2304 4886.07
1.01E+09 0.2291 4883.25
1.01E+09 0.2288 4880.65
1.02E+09 0.2254 4877.94
1.02E+09 0.2325 4875.07
1.03E+09 0.2291 4872.15
1.04E+09 0.2321 4869.47
1.04E+09 0.2337 4866.7
1.05E+09 0.2258 4863.86
1.05E+09 0.2312 4861.05
1.06E+09 0.2297 4858.01
1.06E+09 0.2250 4854.8
1.07E+09 0.2293 4852
1.07E+09 0.2266 4849.16
1.08E+09 0.2252 4846.01
1.08E+09 0.2236 4843.43
1.09E+09 0.2231 4840.82
1.09E+09 0.2203 4838.24
1.10E+09 0.2141 4835.62
1.10E+09 0.2210 4833.16
1.11E+09 0.2201 4830.38
1.11E+09 0.2178 4828.04
1.12E+09 0.2175 4825.55
1.12E+09 0.2197 4822.79
1.13E+09 0.2177 4820.32
1.13E+09 0.2141 4817.87
1.14E+09 0.2131 4815.82
1.14E+09 0.2218 4813.05
1.15E+09 0.2128 4810.23
1.15E+09 0.2102 4807.6
1.16E+09 0.2116 4805.17
1.16E+09 0.2100 4802.94
1.17E+09 0.2118 4800.73
1.17E+09 0.2125 4798.06
1.18E+09 0.2097 4795.47
1.18E+09 0.2152 4792.92
1.19E+09 0.2134 4790.31
1.19E+09 0.2145 4787.72
1.20E+09 0.2087 4785.44
1.20E+09 0.2036 4782.97
1.21E+09 0.2110 4780.34
1.21E+09 0.2113 4777.95
1.22E+09 0.2092 4775.36
1.22E+09 0.2068 4772.87
1.23E+09 0.2047 4770.3
1.23E+09 0.2043 4768.12
1.24E+09 0.2028 4765.55
1.24E+09 0.2098 4762.95
1.25E+09 0.2041 4760.33
1.25E+09 0.1986 4757.84
1.26E+09 0.1998 4755.47
1.26E+09 0.2016 4753.07
1.27E+09 0.1969 4750.59
1.27E+09 0.1939 4748.69
1.28E+09 0.2003 4746.34
1.28E+09 0.2046 4744.03
1.29E+09 0.2021 4741.64
1.29E+09 0.1924 4739.07
1.30E+09 0.1962 4736.71
1.30E+09 0.1970 4734.65
1.31E+09 0.1913 4732.3
1.31E+09 0.2002 4729.83
1.32E+09 0.2018 4727.24
1.32E+09 0.1977 4724.82
1.33E+09 0.1982 4722.34
1.33E+09 0.1994 4719.72
1.34E+09 0.1954 4717.22
1.34E+09 0.1886 4714.68
1.35E+09 0.1958 4712.3
1.35E+09 0.1902 4710.18
1.36E+09 0.1927 4708.09
1.36E+09 0.1924 4705.53
1.37E+09 0.1914 4703.37
1.37E+09 0.1890 4700.8
1.38E+09 0.1907 4698.53
1.38E+09 0.1960 4696.18
1.39E+09 0.1927 4693.52
1.39E+09 0.1914 4690.84
1.40E+09 0.1915 4688.3
1.41E+09 0.1949 4685.72
1.41E+09 0.1897 4683.08
1.42E+09 0.1876 4680.57
1.42E+09 0.1936 4678.29
1.43E+09 0.1856 4676.13
1.43E+09 0.1866 4673.87
1.44E+09 0.1854 4671.66
1.44E+09 0.1845 4669.52
1.45E+09 0.1829 4667.32
1.45E+09 0.1845 4665.29
1.46E+09 0.1846 4663.12
1.46E+09 0.1831 4660.77
1.47E+09 0.1849 4658.51
1.47E+09 0.1789 4656.59
1.48E+09 0.1773 4654.15
1.48E+09 0.1830 4651.97
1.49E+09 0.1753 4649.75
1.49E+09 0.1806 4647.65
1.50E+09 0.1772 4645.5
1.50E+09 0.1777 4643.28
1.51E+09 0.1777 4640.95
1.51E+09 0.1775 4638.59
1.52E+09 0.1778 4636.48
1.52E+09 0.1770 4634.3
1.53E+09 0.1768 4631.97
1.53E+09 0.1739 4629.66
1.54E+09 0.1722 4627.51
1.55E+09 0.1759 4625.38
1.55E+09 0.1694 4622.93
1.56E+09 0.1740 4620.71
1.56E+09 0.1723 4618.55
1.57E+09 0.1724 4616.42
1.57E+09 0.1711 4614.27
1.58E+09 0.1694 4612.06
1.58E+09 0.1758 4609.93
1.59E+09 0.1720 4607.79
1.59E+09 0.1698 4605.34
1.60E+09 0.1698 4603.12
1.60E+09 0.1689 4601.06
1.61E+09 0.1709 4598.77
1.62E+09 0.1680 4596.51
1.62E+09 0.1670 4594.3
1.63E+09 0.1715 4592.2
1.63E+09 0.1666 4590.03
1.64E+09 0.1658 4588.03
1.64E+09 0.1637 4585.79
1.65E+09 0.1677 4583.78
1.65E+09 0.1678 4581.62
1.66E+09 0.1679 4579.31
1.67E+09 0.1659 4576.81
1.67E+09 0.1708 4574.58
1.68E+09 0.1672 4572.02
1.68E+09 0.1701 4569.82
1.69E+09 0.1621 4567.42
1.69E+09 0.1729 4565.21
1.70E+09 0.1637 4562.97
1.71E+09 0.1615 4560.48
1.71E+09 0.1593 4558.24
1.72E+09 0.1613 4555.97
1.72E+09 0.1665 4553.57
1.73E+09 0.1649 4551.1
1.74E+09 0.1639 4548.68
1.74E+09 0.1581 4546.34
1.75E+09 0.1584 4544.09
1.75E+09 0.1592 4542.17
1.76E+09 0.1612 4540.23
1.76E+09 0.1609 4538.29
1.77E+09 0.1569 4536.06
1.78E+09 0.1517 4533.75
1.78E+09 0.1569 4531.29
1.79E+09 0.1618 4529.36
1.79E+09 0.1570 4527.19
1.80E+09 0.1524 4524.79
1.81E+09 0.1552 4522.7
1.81E+09 0.1514 4520.65
1.82E+09 0.1568 4518.56
1.82E+09 0.1528 4516.61
1.83E+09 0.1533 4514.35
1.83E+09 0.1480 4512.26
1.84E+09 0.1575 4510.2
1.84E+09 0.1534 4508.2
1.85E+09 0.1518 4505.72
1.86E+09 0.1532 4503.69
1.86E+09 0.1516 4501.53
1.87E+09 0.1529 4499.34
1.88E+09 0.1531 4497.19
1.88E+09 0.1526 4495.25
1.89E+09 0.1481 4492.86
1.89E+09 0.1519 4490.76
1.90E+09 0.1448 4488.75
1.90E+09 0.1516 4486.6
1.91E+09 0.1485 4484.57
1.92E+09 0.1479 4482.62
1.92E+09 0.1497 4480.46
1.93E+09 0.1467 4478.29
1.93E+09 0.1442 4476.24
1.94E+09 0.1454 4474.18
1.95E+09 0.1478 4471.99
1.95E+09 0.1479 4470.25
1.96E+09 0.1490 4468.02
1.96E+09 0.1456 4465.98
1.97E+09 0.1476 4463.75
1.98E+09 0.1431 4461.76
1.98E+09 0.1395 4459.69
1.99E+09 0.1472 4457.58
1.99E+09 0.1429 4455.75
2.00E+09 0.1452 4453.45
2.01E+09 0.1466 4451.5
2.01E+09 0.1432 4449.15
2.02E+09 0.1407 4446.95
2.03E+09 0.1389 4444.69
2.03E+09 0.1445 4442.67
2.04E+09 0.1417 4440.69
2.04E+09 0.1400 4438.48
2.05E+09 0.1370 4436.67
2.05E+09 0.1380 4434.73
2.06E+09 0.1387 4432.69
2.07E+09 0.1356 4430.45
2.07E+09 0.1393 4428.46
2.08E+09 0.1441 4426.34
2.09E+09 0.1399 4424.14
2.09E+09 0.1338 4421.92
2.10E+09 0.1371 4419.78
2.11E+09 0.1344 4417.81
2.11E+09 0.1355 4415.55
2.12E+09 0.1315 4413.71
2.13E+09 0.1337 4411.75
2.13E+09 0.1318 4409.72
2.14E+09 0.1323 4407.43
2.14E+09 0.1321 4405.6
2.15E+09 0.1332 4403.46
2.16E+09 0.1303 4401.57
2.16E+09 0.1288 4399.44
2.17E+09 0.1346 4397.36
2.18E+09 0.1295 4395.27
2.18E+09 0.1325 4393.31
2.19E+09 0.1331 4391.15
2.20E+09 0.1290 4389.24
2.20E+09 0.1284 4387.07
2.21E+09 0.1309 4385.2
2.22E+09 0.1297 4383.1
2.22E+09 0.1296 4381.18
2.23E+09 0.1272 4379.22
2.24E+09 0.1289 4377.23
2.24E+09 0.1255 4375.19
2.25E+09 0.1245 4373.13
2.26E+09 0.1304 4371.15
2.26E+09 0.1271 4369.28
2.27E+09 0.1261 4367.18
2.28E+09 0.1248 4365.13
2.28E+09 0.1260 4362.96
2.29E+09 0.1257 4361.13
2.30E+09 0.1240 4359.07
2.30E+09 0.1254 4357.28
2.31E+09 0.1259 4355.26
2.31E+09 0.1232 4353.65
2.32E+09 0.1208 4351.6
2.33E+09 0.1208 4349.54
2.33E+09 0.1202 4347.78
2.34E+09 0.1232 4345.7
2.35E+09 0.1200 4343.77
2.36E+09 0.1249 4341.73
2.36E+09 0.1218 4339.59
2.37E+09 0.1202 4337.51
2.38E+09 0.1181 4335.57
2.38E+09 0.1255 4333.51
2.39E+09 0.1202 4331.57
2.40E+09 0.1179 4329.42
2.40E+09 0.1201 4327.53
2.41E+09 0.1218 4325.7
2.42E+09 0.1189 4323.8
2.42E+09 0.1187 4321.87
2.43E+09 0.1203 4319.87
2.44E+09 0.1159 4317.92
2.45E+09 0.1149 4315.83
2.45E+09 0.1169 4313.93
2.46E+09 0.1139 4311.96
2.47E+09 0.1169 4309.85
2.47E+09 0.1146 4308
2.48E+09 0.1138 4306.07
2.49E+09 0.1143 4304.08
2.50E+09 0.1117 4302.08
2.50E+09 0.1125 4300.2
2.51E+09 0.1118 4298.28
2.52E+09 0.1165 4296.33
2.52E+09 0.1126 4294.54
2.53E+09 0.1180 4292.66
2.54E+09 0.1114 4290.65
2.55E+09 0.1118 4288.6
2.55E+09 0.1086 4286.55
2.56E+09 0.1116 4284.44
2.57E+09 0.1109 4282.63
2.58E+09 0.1100 4280.56
2.58E+09 0.1104 4278.66
2.59E+09 0.1114 4276.7
2.60E+09 0.1087 4274.79
2.61E+09 0.1097 4272.81
2.61E+09 0.1094 4270.62
2.62E+09 0.1065 4268.71
2.63E+09 0.1113 4266.87
2.64E+09 0.1061 4264.82
2.64E+09 0.1053 4262.82
2.65E+09 0.1116 4260.94
2.66E+09 0.1058 4259.12
2.67E+09 0.1040 4256.92
2.67E+09 0.1060 4255.31
2.68E+09 0.1035 4253.31
2.69E+09 0.1073 4251.46
2.70E+09 0.1047 4249.69
2.70E+09 0.1028 4247.72
2.71E+09 0.1046 4245.72
2.72E+09 0.1091 4243.98
2.73E+09 0.1043 4242.17
2.74E+09 0.1030 4239.99
2.74E+09 0.1069 4238.18
2.75E+09 0.1020 4236.16
2.76E+09 0.1005 4234.3
2.77E+09 0.1027 4232.43
2.77E+09 0.1049 4230.53
2.78E+09 0.1010 4228.82
2.79E+09 0.1005 4226.97
2.80E+09 0.0995 4224.91
2.80E+09 0.0987 4223.09
2.81E+09 0.0994 4221.29
2.82E+09 0.1004 4219.48
2.83E+09 0.0990 4217.57
2.84E+09 0.0976 4215.8
2.84E+09 0.0958 4213.88
2.85E+09 0.1004 4212.02
2.86E+09 0.0980 4210.33
2.87E+09 0.0942 4208.28
2.88E+09 0.0993 4206.38
2.88E+09 0.0957 4204.72
2.89E+09 0.0974 4202.89
2.90E+09 0.0959 4200.94
2.91E+09 0.0961 4199.06
2.92E+09 0.0969 4197.25
2.92E+09 0.0948 4195.5
2.93E+09 0.0948 4193.53
2.94E+09 0.0958 4191.63
2.95E+09 0.0956 4189.84
2.96E+09 0.0967 4187.94
2.96E+09 0.0948 4186.34
2.97E+09 0.0974 4184.39
2.98E+09 0.0924 4182.64
2.99E+09 0.0909 4180.82
3.00E+09 0.0946 4178.85
3.00E+09 0.0932 4177.31
3.01E+09 0.0910 4175.41
3.02E+09 0.0921 4173.55
3.03E+09 0.0894 4171.86
3.04E+09 0.0935 4170.14
3.05E+09 0.0888 4168.1
3.06E+09 0.0918 4166.17
3.06E+09 0.0913 4164.44
3.07E+09 0.0875 4162.66
3.08E+09 0.0876 4160.69
3.09E+09 0.0884 4158.98
3.10E+09 0.0878 4157.23
3.11E+09 0.0895 4155.32
3.11E+09 0.0872 4153.63
3.12E+09 0.0890 4151.73
3.13E+09 0.0898 4149.99
3.14E+09 0.0869 4148.13
3.15E+09 0.0870 4146.4
3.16E+09 0.0880 4144.6
3.17E+09 0.0869 4142.84
3.17E+09 0.0870 4141.18
3.18E+09 0.0868 4139.44
3.19E+09 0.0836 4137.41
3.20E+09 0.0862 4135.81
3.21E+09 0.0845 4133.99
3.22E+09 0.0839 4132.16
3.23E+09 0.0856 4130.49
3.24E+09 0.0838 4128.63
3.24E+09 0.0840 4126.76
3.25E+09 0.0854 4125.1
3.26E+09 0.0830 4123.35
3.27E+09 0.0845 4121.57
3.28E+09 0.0819 4119.61
3.29E+09 0.0797 4117.87
3.30E+09 0.0824 4116.09
3.31E+09 0.0817 4114.43
3.32E+09 0.0796 4112.93
3.32E+09 0.0805 4111.33
3.33E+09 0.0799 4109.44
3.34E+09 0.0790 4107.88
3.35E+09 0.0821 4106.11
3.36E+09 0.0790 4104.45
3.37E+09 0.0778 4102.62
3.38E+09 0.0788 4100.76
3.39E+09 0.0809 4099.16
3.40E+09 0.0760 4097.29
3.41E+09 0.0786 4095.47
3.42E+09 0.0795 4093.95
3.43E+09 0.0801 4092.04
3.44E+09 0.0768 4090.25
3.44E+09 0.0779 4088.43
3.45E+09 0.0788 4086.79
3.46E+09 0.0763 4085.15
3.47E+09 0.0761 4083.43
3.48E+09 0.0771 4081.59
3.49E+09 0.0734 4079.92
3.50E+09 0.0765 4078.08
3.51E+09 0.0752 4076.44
3.52E+09 0.0733 4074.97
3.53E+09 0.0773 4073.23
3.54E+09 0.0742 4071.46
3.55E+09 0.0744 4069.92
3.56E+09 0.0738 4068
3.57E+09 0.0754 4066.35
3.58E+09 0.0728 4064.48
3.59E+09 0.0707 4062.76
3.60E+09 0.0731 4061.08
3.61E+09 0.0748 4059.53
3.62E+09 0.0706 4057.92
3.62E+09 0.0729 4056.36
3.63E+09 0.0738 4054.63
3.64E+09 0.0702 4052.95
3.65E+09 0.0723 4051.16
3.66E+09 0.0709 4049.6
3.67E+09 0.0702 4047.8
3.68E+09 0.0681 4046.19
3.70E+09 0.0694 4044.41
3.71E+09 0.0672 4042.78
3.72E+09 0.0672 4041.09
3.73E+09 0.0690 4039.33
3.74E+09 0.0690 4037.79
3.75E+09 0.0662 4035.98
3.76E+09 0.0687 4034.28
3.77E+09 0.0665 4032.76
3.78E+09 0.0674 4031.02
3.79E+09 0.0698 4029.33
3.80E+09 0.0665 4027.66
3.81E+09 0.0658 4026.05
3.82E+09 0.0665 4024.27
3.83E+09 0.0660 4022.49
3.84E+09 0.0655 4021.01
3.85E+09 0.0664 4019.4
3.86E+09 0.0666 4017.86
3.87E+09 0.0669 4016.2
3.88E+09 0.0644 4014.94
3.89E+09 0.0641 4013.15
3.90E+09 0.0655 4011.58
3.91E+09 0.0641 4009.96
3.92E+09 0.0654 4008.26
3.93E+09 0.0644 4006.61
3.94E+09 0.0660 4005.01
3.95E+09 0.0668 4003.43
3.96E+09 0.0634 4002.01
3.97E+09 0.0651 4000.3
3.98E+09 0.0618 3998.71
4.00E+09 0.0643 3996.9
4.01E+09 0.0639 3995.11
4.02E+09 0.0636 3994
4.03E+09 0.0612 3992.18
4.04E+09 0.0605 3990.45
4.05E+09 0.0625 3989.05
4.06E+09 0.0647 3987.42
4.07E+09 0.0610 3985.82
4.08E+09 0.0604 3984
4.09E+09 0.0586 3982.52
4.11E+09 0.0630 3980.74
4.12E+09 0.0586 3979.15
4.13E+09 0.0587 3977.46
4.14E+09 0.0597 3976.01
4.15E+09 0.0588 3974.36
4.16E+09 0.0611 3972.82
4.17E+09 0.0591 3971.44
4.18E+09 0.0570 3969.63
4.20E+09 0.0587 3967.97
4.21E+09 0.0573 3966.61
4.22E+09 0.0578 3965.03
4.23E+09 0.0575 3963.35
4.24E+09 0.0558 3961.99
4.25E+09 0.0559 3960.37
4.26E+09 0.0574 3958.94
4.28E+09 0.0556 3957.25
4.29E+09 0.0559 3955.66
4.30E+09 0.0538 3954.04
4.31E+09 0.0549 3952.47
4.32E+09 0.0540 3951
4.33E+09 0.0538 3949.48
4.35E+09 0.0563 3947.9
4.36E+09 0.0539 3946.36
4.37E+09 0.0535 3944.76
4.38E+09 0.0519 3943.18
4.39E+09 0.0575 3941.75
4.41E+09 0.0531 3940.11
4.42E+09 0.0554 3938.48
4.43E+09 0.0541 3936.86
4.44E+09 0.0542 3935.29
4.46E+09 0.0523 3933.78
4.47E+09 0.0539 3932.08
4.48E+09 0.0528 3930.63
4.49E+09 0.0516 3929.03
4.50E+09 0.0511 3927.63
4.52E+09 0.0501 3926.07
4.53E+09 0.0487 3924.54
4.54E+09 0.0544 3922.91
4.56E+09 0.0524 3921.3
4.57E+09 0.0500 3919.58
4.58E+09 0.0502 3918.28
4.60E+09 0.0494 3916.54
4.61E+09 0.0492 3915.23
4.62E+09 0.0519 3913.66
4.63E+09 0.0529 3912.12
4.65E+09 0.0510 3910.51
4.66E+09 0.0495 3909.04
4.67E+09 0.0477 3907.63
4.68E+09 0.0487 3905.95
4.70E+09 0.0480 3904.62
4.71E+09 0.0515 3902.98
4.72E+09 0.0477 3901.42
4.74E+09 0.0484 3899.92
4.75E+09 0.0479 3898.38
4.76E+09 0.0463 3896.75
4.78E+09 0.0481 3895.35
4.79E+09 0.0479 3893.79
4.80E+09 0.0463 3892.33
4.82E+09 0.0449 3890.89
4.83E+09 0.0449 3889.52
4.84E+09 0.0464 3888.14
4.85E+09 0.0490 3886.73
4.87E+09 0.0473 3885.29
4.88E+09 0.0466 3883.47
4.90E+09 0.0477 3882.14
4.91E+09 0.0468 3880.83
4.92E+09 0.0449 3879.26
4.94E+09 0.0466 3877.63
4.95E+09 0.0490 3876.27
4.96E+09 0.0442 3874.57
4.98E+09 0.0423 3872.87
4.99E+09 0.0442 3871.44
