0.00E+00 -0.8643 6235.69
7.43E+07 0.2686 6171.79
1.37E+08 0.2760 6098.53
1.91E+08 0.2755 6033.9
2.41E+08 0.2592 5977.33
2.80E+08 0.2483 5935.51
3.15E+08 0.2390 5899.25
3.44E+08 0.2294 5870.12
3.72E+08 0.2254 5842.62
3.99E+08 0.2165 5816.54
4.24E+08 0.2161 5794.04
4.51E+08 0.2062 5769.62
4.74E+08 0.2059 5748.97
4.95E+08 0.1985 5730.2
5.17E+08 0.1929 5711.95
5.36E+08 0.1933 5695.85
5.57E+08 0.1871 5678.98
5.74E+08 0.1850 5664.75
5.91E+08 0.1837 5651.76
6.08E+08 0.1813 5637.9
6.23E+08 0.1884 5626.14
6.37E+08 0.1976 5614.15
6.41E+08 0.2230 5610.89
6.45E+08 0.2444 5606.91
6.50E+08 0.3030 5601.18
6.66E+08 0.3019 5579.79
6.97E+08 0.2994 5539.49
7.29E+08 0.2987 5497.62
7.56E+08 0.2989 5463.5
7.79E+08 0.3150 5433.75
8.21E+08 0.2636 5382.82
8.80E+08 0.2351 5319.53
9.42E+08 0.2179 5259.09
1.00E+09 0.1966 5203.14
1.07E+09 0.1805 5153.31
1.12E+09 0.2173 5104.87
1.17E+09 0.2352 5058.07
1.23E+09 0.2240 5009.77
1.29E+09 0.2111 4949.89
1.34E+09 0.1846 4901.83
1.39E+09 0.2009 4862.08
1.44E+09 0.1907 4821.12
1.46E+09 0.1771 4804.23
1.47E+09 0.1783 4797.89
1.49E+09 0.1481 4786.8
1.51E+09 0.1524 4773.42
1.52E+09 0.1558 4765.66
1.53E+09 0.1534 4755.8
1.55E+09 0.1591 4744.92
1.57E+09 0.1578 4731.49
1.59E+09 0.1524 4718.28
1.61E+09 0.1476 4706.14
1.63E+09 0.1521 4695.08
1.65E+09 0.1324 4683.24
1.66E+09 0.1279 4673.57
1.68E+09 0.1360 4662.12
1.70E+09 0.1283 4654.07
1.72E+09 0.1341 4641.91
1.73E+09 0.1319 4633.72
1.75E+09 0.1377 4622.3
1.77E+09 0.1259 4609.4
1.79E+09 0.1189 4599.97
1.81E+09 0.1275 4589.43
1.83E+09 0.1258 4577.93
1.86E+09 0.1179 4566.28
1.88E+09 0.1201 4555.2
1.90E+09 0.1073 4546.21
1.92E+09 0.1091 4536.24
1.93E+09 0.1170 4528.51
1.95E+09 0.1140 4520.7
1.96E+09 0.1072 4513.31
1.98E+09 0.1068 4506.06
2.00E+09 0.1045 4499.01
2.01E+09 0.1102 4492.39
2.02E+09 0.1026 4485.38
2.04E+09 0.0921 4479.43
2.05E+09 0.0993 4473.12
2.07E+09 0.1002 4466.47
2.09E+09 0.1025 4459.55
2.10E+09 0.0983 4452.89
2.12E+09 0.0936 4446.35
2.13E+09 0.0945 4440.24
2.15E+09 0.1043 4433.5
2.16E+09 0.0920 4426.9
2.18E+09 0.0877 4420.94
2.19E+09 0.0865 4415.23
2.21E+09 0.0792 4409.78
2.22E+09 0.0872 4404.17
2.24E+09 0.0888 4398.16
2.26E+09 0.0881 4392.21
2.27E+09 0.0848 4386.37
2.29E+09 0.0841 4380.69
2.30E+09 0.0829 4375.05
2.32E+09 0.0817 4369.52
2.33E+09 0.0790 4364.21
2.35E+09 0.0796 4358.87
2.37E+09 0.0836 4353.35
2.38E+09 0.0806 4347.79
2.40E+09 0.0795 4342.39
2.41E+09 0.0762 4337.21
2.43E+09 0.0739 4332.13
2.44E+09 0.0735 4327.17
2.46E+09 0.0702 4322.33
2.47E+09 0.0678 4317.69
2.49E+09 0.0618 4313.35
2.51E+09 0.0602 4309.29
2.52E+09 0.0673 4305
2.54E+09 0.0706 4300.31
2.55E+09 0.0730 4296
2.57E+09 0.0740 4291.1
2.58E+09 0.0701 4286.23
2.60E+09 0.0654 4281.68
2.61E+09 0.0634 4277.33
2.63E+09 0.0603 4273.17
2.64E+09 0.0615 4269.04
2.66E+09 0.0606 4264.99
2.67E+09 0.0641 4260.8
2.69E+09 0.0647 4256.43
2.71E+09 0.0640 4252.1
2.72E+09 0.0632 4247.8
2.74E+09 0.0602 4243.63
2.75E+09 0.0596 4239.61
2.77E+09 0.0574 4235.66
2.78E+09 0.0542 4231.91
2.80E+09 0.0552 4228.27
2.82E+09 0.0590 4224.41
2.83E+09 0.0580 4220.46
2.85E+09 0.0568 4216.55
2.86E+09 0.0498 4213
2.88E+09 0.0490 4209.7
2.89E+09 0.0551 4206.2
2.91E+09 0.0583 4202.33
2.92E+09 0.0559 4198.47
2.94E+09 0.0540 4194.78
2.96E+09 0.0536 4191.16
2.97E+09 0.0525 4187.58
2.99E+09 0.0505 4184.11
3.00E+09 0.0487 4180.77
3.02E+09 0.0489 4177.49
3.03E+09 0.0494 4174.16
3.05E+09 0.0487 4170.85
3.07E+09 0.0470 4167.62
3.08E+09 0.0472 4164.46
3.10E+09 0.0441 4161.35
3.11E+09 0.0404 4158.51
3.13E+09 0.0381 4155.88
3.14E+09 0.0385 4153.31
3.16E+09 0.0394 4150.68
3.17E+09 0.0395 4148.02
3.19E+09 0.0387 4145.39
3.21E+09 0.0393 4142.76
3.22E+09 0.0400 4140.09
3.24E+09 0.0427 4137.52
3.24E+09 0.0451 4136.04
3.25E+09 0.0459 4134.5
3.26E+09 0.0461 4132.95
3.27E+09 0.0458 4131.4
3.28E+09 0.0449 4129.87
3.28E+09 0.0438 4128.37
3.29E+09 0.0428 4126.91
3.30E+09 0.0419 4125.48
3.31E+09 0.0412 4124.08
3.31E+09 0.0410 4122.7
3.32E+09 0.0410 4121.32
3.33E+09 0.0409 4119.94
3.34E+09 0.0408 4118.56
3.35E+09 0.0406 4117.19
3.35E+09 0.0400 4115.83
3.36E+09 0.0398 4114.48
3.37E+09 0.0393 4113.15
3.38E+09 0.0387 4111.83
3.38E+09 0.0381 4110.54
3.39E+09 0.0374 4109.26
3.40E+09 0.0370 4108.01
3.41E+09 0.0365 4106.77
3.42E+09 0.0359 4105.55
3.42E+09 0.0356 4104.34
3.43E+09 0.0357 4103.14
3.44E+09 0.0362 4101.93
3.45E+09 0.0363 4100.7
3.45E+09 0.0353 4099.49
3.46E+09 0.0335 4098.33
3.47E+09 0.0324 4097.22
3.48E+09 0.0317 4096.14
3.49E+09 0.0312 4095.08
3.49E+09 0.0314 4094.03
3.50E+09 0.0318 4092.96
3.51E+09 0.0315 4091.89
3.52E+09 0.0308 4090.84
3.53E+09 0.0300 4089.81
3.53E+09 0.0294 4088.81
3.54E+09 0.0292 4087.83
3.55E+09 0.0296 4086.83
3.56E+09 0.0307 4085.82
3.56E+09 0.0319 4084.76
3.57E+09 0.0332 4083.67
3.58E+09 0.0349 4082.52
3.59E+09 0.0355 4081.33
3.60E+09 0.0350 4080.14
3.60E+09 0.0343 4078.97
3.61E+09 0.0339 4077.82
3.62E+09 0.0342 4076.67
3.63E+09 0.0352 4075.5
3.63E+09 0.0347 4074.32
3.64E+09 0.0322 4073.19
3.65E+09 0.0299 4072.15
3.66E+09 0.0280 4071.17
3.67E+09 0.0267 4070.25
3.67E+09 0.0257 4069.37
3.68E+09 0.0249 4068.52
3.69E+09 0.0246 4067.69
3.70E+09 0.0250 4066.85
3.70E+09 0.0267 4065.98
3.71E+09 0.0298 4065.03
3.72E+09 0.0318 4063.99
3.73E+09 0.0307 4062.93
3.74E+09 0.0294 4061.92
3.74E+09 0.0288 4060.94
3.75E+09 0.0288 4059.97
3.76E+09 0.0300 4058.98
3.77E+09 0.0316 4057.94
3.78E+09 0.0311 4056.88
3.78E+09 0.0298 4055.85
3.79E+09 0.0287 4054.87
3.80E+09 0.0279 4053.92
3.81E+09 0.0275 4052.98
3.81E+09 0.0273 4052.06
3.82E+09 0.0270 4051.14
3.83E+09 0.0264 4050.24
3.84E+09 0.0257 4049.36
3.85E+09 0.0254 4048.5
3.85E+09 0.0255 4047.65
3.86E+09 0.0260 4046.78
3.87E+09 0.0266 4045.89
3.88E+09 0.0268 4044.99
3.88E+09 0.0265 4044.09
3.89E+09 0.0257 4043.21
3.90E+09 0.0246 4042.36
3.91E+09 0.0238 4041.54
3.92E+09 0.0231 4040.76
3.92E+09 0.0227 4039.99
3.93E+09 0.0224 4039.22
3.94E+09 0.0223 4038.47
3.95E+09 0.0224 4037.72
3.95E+09 0.0227 4036.96
3.96E+09 0.0231 4036.19
3.97E+09 0.0238 4035.4
3.98E+09 0.0251 4034.57
3.99E+09 0.0270 4033.7
3.99E+09 0.0286 4032.75
4.00E+09 0.0286 4031.79
4.01E+09 0.0277 4030.83
4.02E+09 0.0265 4029.92
4.03E+09 0.0254 4029.05
4.03E+09 0.0244 4028.21
4.04E+09 0.0235 4027.4
4.05E+09 0.0227 4026.62
4.06E+09 0.0221 4025.87
4.06E+09 0.0216 4025.13
4.07E+09 0.0214 4024.41
4.08E+09 0.0213 4023.69
4.09E+09 0.0212 4022.97
4.10E+09 0.0215 4022.25
4.10E+09 0.0219 4021.52
4.11E+09 0.0223 4020.78
4.12E+09 0.0228 4020.02
4.13E+09 0.0232 4019.24
4.13E+09 0.0236 4018.45
4.14E+09 0.0239 4017.65
4.15E+09 0.0237 4016.85
4.16E+09 0.0235 4016.05
4.17E+09 0.0231 4015.26
4.17E+09 0.0228 4014.49
4.18E+09 0.0227 4013.72
4.19E+09 0.0225 4012.96
4.20E+09 0.0224 4012.2
4.20E+09 0.0225 4011.45
4.21E+09 0.0227 4010.69
4.22E+09 0.0228 4009.92
4.23E+09 0.0230 4009.15
4.24E+09 0.0230 4008.37
4.24E+09 0.0227 4007.6
4.25E+09 0.0222 4006.84
4.26E+09 0.0217 4006.1
4.27E+09 0.0212 4005.37
4.28E+09 0.0206 4004.67
4.28E+09 0.0201 4003.98
4.29E+09 0.0197 4003.31
4.30E+09 0.0195 4002.65
4.31E+09 0.0194 4002
4.31E+09 0.0196 4001.34
4.32E+09 0.0199 4000.67
4.33E+09 0.0203 4000
4.34E+09 0.0208 3999.3
4.35E+09 0.0213 3998.59
4.35E+09 0.0219 3997.87
4.36E+09 0.0223 3997.12
4.37E+09 0.0227 3996.36
4.38E+09 0.0233 3995.59
4.38E+09 0.0238 3994.79
4.39E+09 0.0242 3993.98
4.40E+09 0.0241 3993.16
4.41E+09 0.0238 3992.36
4.42E+09 0.0234 3991.56
4.42E+09 0.0230 3990.78
4.43E+09 0.0227 3990.01
4.44E+09 0.0224 3989.25
4.45E+09 0.0222 3988.5
4.45E+09 0.0219 3987.75
4.46E+09 0.0217 3987.02
4.47E+09 0.0216 3986.29
4.48E+09 0.0214 3985.57
4.49E+09 0.0213 3984.85
4.49E+09 0.0212 3984.13
4.50E+09 0.0212 3983.41
4.51E+09 0.0211 3982.7
4.52E+09 0.0210 3981.99
4.53E+09 0.0210 3981.28
4.53E+09 0.0211 3980.57
4.54E+09 0.0211 3979.86
4.55E+09 0.0211 3979.15
4.56E+09 0.0210 3978.44
4.56E+09 0.0209 3977.73
4.57E+09 0.0208 3977.03
4.58E+09 0.0207 3976.33
4.59E+09 0.0207 3975.63
4.60E+09 0.0207 3974.94
4.60E+09 0.0207 3974.24
4.61E+09 0.0206 3973.54
4.62E+09 0.0206 3972.85
4.63E+09 0.0206 3972.15
4.63E+09 0.0205 3971.46
4.64E+09 0.0205 3970.77
4.65E+09 0.0205 3970.08
4.66E+09 0.0203 3969.39
4.67E+09 0.0203 3968.7
4.67E+09 0.0202 3968.02
4.68E+09 0.0201 3967.34
4.69E+09 0.0200 3966.67
4.70E+09 0.0199 3965.99
4.70E+09 0.0197 3965.32
4.71E+09 0.0195 3964.66
4.72E+09 0.0193 3964.01
4.73E+09 0.0192 3963.36
4.74E+09 0.0190 3962.72
4.74E+09 0.0188 3962.08
4.75E+09 0.0186 3961.45
4.76E+09 0.0185 3960.83
4.77E+09 0.0184 3960.2
4.78E+09 0.0184 3959.59
4.78E+09 0.0185 3958.96
4.79E+09 0.0185 3958.34
4.80E+09 0.0184 3957.72
4.81E+09 0.0184 3957.1
4.81E+09 0.0184 3956.48
4.82E+09 0.0184 3955.86
4.83E+09 0.0184 3955.24
4.84E+09 0.0183 3954.62
4.85E+09 0.0183 3954
4.85E+09 0.0182 3953.39
4.86E+09 0.0180 3952.78
4.87E+09 0.0179 3952.17
4.88E+09 0.0176 3951.57
4.88E+09 0.0173 3950.98
4.89E+09 0.0169 3950.4
4.90E+09 0.0164 3949.84
4.91E+09 0.0160 3949.3
4.92E+09 0.0157 3948.76
4.92E+09 0.0154 3948.24
4.93E+09 0.0152 3947.72
4.94E+09 0.0152 3947.21
4.95E+09 0.0153 3946.69
4.95E+09 0.0156 3946.17
4.96E+09 0.0159 3945.64
4.97E+09 0.0161 3945.1
4.98E+09 0.0162 3944.56
4.99E+09 0.0161 3944.01
4.99E+09 0.0159 3943.47
