0.00E+00 -0.3808 4379.8
3.64E+07 0.2226 4367.37
4.64E+07 0.2691 4359.94
5.80E+07 0.2874 4349.99
7.23E+07 0.2706 4337.89
1.05E+08 0.2395 4312.58
1.35E+08 0.2732 4289.88
1.76E+08 0.2574 4257.51
2.10E+08 0.2556 4230.51
2.33E+08 0.2445 4213.51
2.48E+08 0.2383 4202.09
2.65E+08 0.2330 4189.93
2.81E+08 0.2238 4178.98
2.94E+08 0.2183 4170.5
3.05E+08 0.2196 4162.9
3.16E+08 0.2130 4156
3.27E+08 0.2085 4148.58
3.40E+08 0.2084 4140.72
3.51E+08 0.2039 4133.5
3.61E+08 0.2018 4127.67
3.70E+08 0.1976 4122.17
3.78E+08 0.1951 4116.95
3.88E+08 0.1926 4111.3
3.98E+08 0.1872 4105.4
4.07E+08 0.1862 4100.53
4.18E+08 0.1835 4094.09
4.27E+08 0.1812 4089.43
4.36E+08 0.1787 4084.16
4.47E+08 0.1755 4078.68
4.56E+08 0.1718 4073.64
4.66E+08 0.1688 4068.61
4.75E+08 0.1667 4063.76
4.86E+08 0.1628 4058.56
4.97E+08 0.1610 4052.83
5.09E+08 0.1575 4047.3
5.19E+08 0.1547 4042.7
5.29E+08 0.1516 4037.78
5.42E+08 0.1492 4032.06
5.53E+08 0.1458 4027.18
5.64E+08 0.1429 4022.26
5.76E+08 0.1405 4017.22
5.88E+08 0.1374 4011.85
5.99E+08 0.1336 4007.64
6.11E+08 0.1313 4002.67
6.22E+08 0.1300 3998.44
6.32E+08 0.1251 3994.23
6.47E+08 0.1246 3988.87
6.57E+08 0.1206 3985.13
6.66E+08 0.1189 3981.72
6.76E+08 0.1158 3977.99
6.88E+08 0.1151 3973.96
7.00E+08 0.1138 3969.85
7.10E+08 0.1108 3966.17
7.20E+08 0.1103 3962.8
7.30E+08 0.1092 3959.65
7.41E+08 0.1071 3956.09
7.50E+08 0.1067 3953.04
7.61E+08 0.1058 3949.74
7.70E+08 0.1049 3946.6
7.80E+08 0.1038 3943.5
7.90E+08 0.1023 3940.27
8.00E+08 0.1035 3937.22
8.09E+08 0.1022 3934.44
8.17E+08 0.1022 3932.05
8.27E+08 0.1010 3928.87
8.36E+08 0.0998 3926.15
8.45E+08 0.0999 3923.34
8.54E+08 0.0998 3920.82
8.64E+08 0.0981 3917.69
8.73E+08 0.0985 3915.03
8.82E+08 0.0986 3912.38
8.91E+08 0.0966 3909.66
9.00E+08 0.0978 3907.03
9.08E+08 0.0974 3904.53
9.17E+08 0.0972 3901.97
9.28E+08 0.0974 3898.89
9.38E+08 0.0966 3895.83
9.48E+08 0.0958 3892.89
9.57E+08 0.0957 3890.35
9.68E+08 0.0949 3887.07
9.80E+08 0.0942 3883.69
9.89E+08 0.0942 3881
1.00E+09 0.0936 3877.69
1.01E+09 0.0929 3874.68
1.02E+09 0.0920 3871.81
1.03E+09 0.0914 3868.79
1.04E+09 0.0913 3866.38
1.05E+09 0.0909 3863.44
1.06E+09 0.0899 3860.97
1.07E+09 0.0897 3858.94
1.08E+09 0.0902 3856.42
1.09E+09 0.0893 3853.66
1.10E+09 0.0890 3851.21
1.11E+09 0.0882 3848.99
1.11E+09 0.0875 3846.69
1.12E+09 0.0870 3843.84
1.14E+09 0.0867 3840.98
1.14E+09 0.0861 3838.63
1.15E+09 0.0854 3836.53
1.16E+09 0.0850 3834.44
1.17E+09 0.0860 3831.58
1.18E+09 0.0853 3828.57
1.19E+09 0.0841 3826.37
1.20E+09 0.0838 3824.07
1.21E+09 0.0828 3821.24
1.22E+09 0.0827 3818.26
1.24E+09 0.0820 3815.51
1.24E+09 0.0829 3813.25
1.25E+09 0.0819 3810.78
1.26E+09 0.0809 3808.15
1.27E+09 0.0808 3806.02
1.28E+09 0.0795 3803.69
1.29E+09 0.0795 3801.48
1.30E+09 0.0800 3798.67
1.32E+09 0.0802 3795.92
1.33E+09 0.0784 3793.3
1.34E+09 0.0779 3790.7
1.35E+09 0.0772 3788.53
1.36E+09 0.0773 3785.79
1.37E+09 0.0779 3783.04
1.38E+09 0.0765 3780.25
1.39E+09 0.0766 3777.46
1.41E+09 0.0760 3774.6
1.42E+09 0.0753 3771.93
1.43E+09 0.0753 3768.78
1.44E+09 0.0748 3765.89
1.46E+09 0.0745 3763.01
1.47E+09 0.0743 3760
1.48E+09 0.0723 3756.87
1.50E+09 0.0721 3753.62
1.51E+09 0.0724 3750.22
1.53E+09 0.0718 3746.75
1.54E+09 0.0708 3744.31
1.56E+09 0.0700 3741.27
1.57E+09 0.0698 3738.24
1.58E+09 0.0698 3735.28
1.60E+09 0.0696 3732.36
1.61E+09 0.0686 3729.34
1.63E+09 0.0676 3726.32
1.64E+09 0.0672 3723.59
1.65E+09 0.0676 3720.74
1.67E+09 0.0667 3717.73
1.68E+09 0.0660 3714.99
1.70E+09 0.0663 3712.07
1.71E+09 0.0649 3708.99
1.72E+09 0.0644 3706.56
1.74E+09 0.0642 3703.82
1.75E+09 0.0644 3700.95
1.77E+09 0.0631 3697.94
1.78E+09 0.0631 3695.24
1.80E+09 0.0623 3692.17
1.81E+09 0.0615 3689.6
1.83E+09 0.0614 3686.61
1.84E+09 0.0612 3683.63
1.86E+09 0.0609 3681.04
1.87E+09 0.0600 3678.5
1.89E+09 0.0601 3675.52
1.90E+09 0.0596 3672.6
1.92E+09 0.0597 3669.49
1.94E+09 0.0588 3666.57
1.96E+09 0.0582 3663.48
1.97E+09 0.0579 3660.71
1.99E+09 0.0571 3657.76
2.01E+09 0.0566 3654.69
2.02E+09 0.0567 3651.65
2.04E+09 0.0563 3648.62
2.06E+09 0.0560 3645.74
2.08E+09 0.0555 3642.84
2.09E+09 0.0547 3639.86
2.11E+09 0.0546 3636.93
2.13E+09 0.0534 3633.71
2.15E+09 0.0533 3630.95
2.16E+09 0.0535 3628.27
2.18E+09 0.0524 3625.25
2.20E+09 0.0519 3622.44
2.22E+09 0.0512 3619.65
2.24E+09 0.0510 3616.97
2.25E+09 0.0511 3614.28
2.27E+09 0.0499 3611.68
2.29E+09 0.0501 3608.89
2.31E+09 0.0499 3605.89
2.33E+09 0.0490 3602.85
2.35E+09 0.0488 3600.43
2.36E+09 0.0480 3597.71
2.38E+09 0.0479 3595
2.40E+09 0.0478 3592.22
2.42E+09 0.0476 3589.41
2.44E+09 0.0466 3586.4
2.46E+09 0.0463 3583.79
2.48E+09 0.0459 3581.11
2.50E+09 0.0452 3578.82
2.52E+09 0.0450 3576.1
2.53E+09 0.0450 3573.72
2.56E+09 0.0446 3570.91
2.57E+09 0.0447 3568.36
2.59E+09 0.0444 3565.68
2.61E+09 0.0433 3563.22
2.63E+09 0.0435 3560.55
2.66E+09 0.0429 3557.44
2.68E+09 0.0425 3554.8
2.70E+09 0.0421 3552.45
2.72E+09 0.0421 3549.95
2.74E+09 0.0410 3547.27
2.76E+09 0.0412 3544.6
2.78E+09 0.0411 3541.9
2.80E+09 0.0408 3539.36
2.82E+09 0.0404 3536.88
2.84E+09 0.0394 3534.33
2.86E+09 0.0399 3531.78
2.88E+09 0.0388 3529.22
2.91E+09 0.0388 3526.68
2.93E+09 0.0388 3524.05
2.95E+09 0.0381 3521.27
2.97E+09 0.0380 3518.74
3.00E+09 0.0379 3515.95
3.02E+09 0.0368 3513.3
3.04E+09 0.0366 3510.82
3.07E+09 0.0368 3508.18
3.09E+09 0.0363 3505.5
3.12E+09 0.0358 3502.63
3.14E+09 0.0354 3500.32
3.16E+09 0.0355 3497.94
3.18E+09 0.0352 3495.33
3.21E+09 0.0348 3492.63
3.24E+09 0.0339 3489.98
3.26E+09 0.0340 3487.82
3.28E+09 0.0333 3485.24
3.31E+09 0.0331 3482.62
3.33E+09 0.0330 3480.27
3.36E+09 0.0330 3477.58
3.38E+09 0.0331 3475.2
3.41E+09 0.0323 3472.49
3.44E+09 0.0326 3469.88
3.46E+09 0.0313 3467.37
3.49E+09 0.0314 3464.59
3.52E+09 0.0313 3462.02
3.54E+09 0.0311 3459.74
3.57E+09 0.0312 3457.24
3.59E+09 0.0300 3454.84
3.62E+09 0.0300 3452.47
3.65E+09 0.0295 3449.85
3.68E+09 0.0290 3447.35
3.71E+09 0.0284 3444.8
3.74E+09 0.0287 3442.12
3.77E+09 0.0282 3439.59
3.79E+09 0.0274 3437.16
3.82E+09 0.0276 3434.75
3.85E+09 0.0275 3432.29
3.88E+09 0.0271 3430.16
3.91E+09 0.0273 3427.87
3.94E+09 0.0264 3425.43
3.97E+09 0.0264 3423.05
4.00E+09 0.0261 3420.8
4.02E+09 0.0260 3418.51
4.06E+09 0.0253 3416.06
4.09E+09 0.0252 3413.64
4.12E+09 0.0246 3411.13
4.15E+09 0.0248 3408.81
4.18E+09 0.0246 3406.57
4.21E+09 0.0246 3404.41
4.24E+09 0.0238 3402.09
4.27E+09 0.0237 3399.81
4.31E+09 0.0236 3397.61
4.34E+09 0.0234 3395.35
4.37E+09 0.0229 3393.23
4.39E+09 0.0230 3391.33
4.43E+09 0.0225 3388.97
4.47E+09 0.0220 3386.51
4.50E+09 0.0226 3384.19
4.54E+09 0.0217 3381.74
4.57E+09 0.0222 3379.21
4.61E+09 0.0219 3376.81
4.65E+09 0.0213 3374.39
4.68E+09 0.0214 3372.12
4.72E+09 0.0205 3369.61
4.76E+09 0.0206 3367.57
4.79E+09 0.0200 3365.25
4.83E+09 0.0202 3363.04
4.87E+09 0.0202 3360.75
4.90E+09 0.0192 3358.75
4.94E+09 0.0195 3356.64
4.97E+09 0.0193 3354.77
