0.00E+00 -0.3866 4519.37
3.38E+07 0.2509 4505.82
4.77E+07 0.3019 4492.73
6.73E+07 0.2817 4473.95
9.93E+07 0.2620 4445.31
1.36E+08 0.2760 4413.07
1.84E+08 0.2678 4370.36
2.29E+08 0.2647 4330.48
2.54E+08 0.2529 4309.13
2.67E+08 0.2485 4298.17
2.78E+08 0.2445 4288.9
2.89E+08 0.2389 4280.69
3.01E+08 0.2349 4271.13
3.13E+08 0.2333 4261.44
3.29E+08 0.2294 4249.26
3.43E+08 0.2247 4239.2
3.55E+08 0.2202 4230.06
3.66E+08 0.2195 4222.54
3.78E+08 0.2151 4213.58
3.89E+08 0.2114 4205.76
4.01E+08 0.2067 4198.01
4.11E+08 0.2060 4191.22
4.20E+08 0.2040 4185.16
4.28E+08 0.1995 4179.55
4.39E+08 0.1971 4171.98
4.51E+08 0.1948 4164.77
4.61E+08 0.1904 4158.35
4.71E+08 0.1902 4151.88
4.82E+08 0.1854 4145.39
4.92E+08 0.1828 4138.94
5.03E+08 0.1800 4132.54
5.14E+08 0.1772 4126.1
5.25E+08 0.1726 4119.62
5.35E+08 0.1722 4113.95
5.46E+08 0.1680 4108.07
5.57E+08 0.1671 4101.94
5.68E+08 0.1628 4095.67
5.79E+08 0.1604 4089.97
5.91E+08 0.1583 4083.63
6.01E+08 0.1544 4078.66
6.12E+08 0.1518 4072.9
6.25E+08 0.1498 4066.65
6.35E+08 0.1461 4061.74
6.46E+08 0.1441 4056.38
6.60E+08 0.1415 4049.67
6.73E+08 0.1389 4043.76
6.86E+08 0.1375 4037.84
7.00E+08 0.1325 4031.44
7.14E+08 0.1300 4025.51
7.25E+08 0.1285 4020.73
7.39E+08 0.1248 4015.17
7.50E+08 0.1235 4010.67
7.62E+08 0.1223 4005.55
7.77E+08 0.1191 3999.87
7.89E+08 0.1168 3995.08
7.99E+08 0.1166 3991.21
8.07E+08 0.1147 3988.18
8.18E+08 0.1156 3983.99
8.29E+08 0.1140 3979.86
8.39E+08 0.1126 3976.16
8.48E+08 0.1119 3972.64
8.58E+08 0.1114 3969.08
8.69E+08 0.1100 3965.26
8.79E+08 0.1095 3961.31
8.89E+08 0.1088 3957.96
8.99E+08 0.1085 3954.31
9.10E+08 0.1088 3950.15
9.21E+08 0.1070 3946.28
9.29E+08 0.1081 3943.38
9.38E+08 0.1080 3940.2
9.49E+08 0.1066 3936.34
9.60E+08 0.1049 3932.69
9.70E+08 0.1048 3929.24
9.79E+08 0.1034 3925.89
9.89E+08 0.1047 3922.68
9.98E+08 0.1045 3919.61
1.01E+09 0.1035 3915.71
1.02E+09 0.1051 3912.52
1.03E+09 0.1031 3908.7
1.04E+09 0.1039 3905.42
1.05E+09 0.1020 3901.84
1.06E+09 0.1020 3897.87
1.07E+09 0.1023 3894.28
1.08E+09 0.1020 3890.75
1.09E+09 0.1005 3887.66
1.10E+09 0.1009 3884.02
1.11E+09 0.1000 3880.04
1.13E+09 0.0983 3876.68
1.14E+09 0.0989 3873.34
1.15E+09 0.0983 3870.13
1.15E+09 0.0988 3866.97
1.16E+09 0.0981 3864.08
1.17E+09 0.0972 3860.68
1.19E+09 0.0973 3857.1
1.20E+09 0.0970 3852.83
1.21E+09 0.0963 3849.31
1.22E+09 0.0960 3845.87
1.23E+09 0.0944 3841.8
1.25E+09 0.0946 3837.47
1.26E+09 0.0942 3833.62
1.27E+09 0.0925 3829.63
1.29E+09 0.0932 3825.5
1.30E+09 0.0924 3821.83
1.31E+09 0.0909 3817.95
1.32E+09 0.0906 3814.44
1.34E+09 0.0910 3810.65
1.35E+09 0.0900 3806.75
1.36E+09 0.0890 3802.31
1.38E+09 0.0884 3798.87
1.39E+09 0.0888 3795.89
1.40E+09 0.0875 3792.68
1.41E+09 0.0882 3788.93
1.42E+09 0.0861 3785.24
1.43E+09 0.0860 3782.1
1.45E+09 0.0852 3778.91
1.46E+09 0.0847 3775.7
1.47E+09 0.0846 3772.1
1.48E+09 0.0845 3768.12
1.50E+09 0.0841 3764.57
1.51E+09 0.0835 3760.8
1.52E+09 0.0826 3756.7
1.54E+09 0.0833 3752.7
1.55E+09 0.0812 3748.69
1.57E+09 0.0811 3744.74
1.58E+09 0.0803 3741.08
1.60E+09 0.0792 3736.97
1.61E+09 0.0796 3733.06
1.63E+09 0.0787 3729.19
1.64E+09 0.0785 3725.54
1.66E+09 0.0775 3721.74
1.67E+09 0.0764 3717.97
1.69E+09 0.0768 3714.16
1.70E+09 0.0751 3710.19
1.72E+09 0.0764 3706.25
1.73E+09 0.0751 3702.58
1.75E+09 0.0738 3698.83
1.76E+09 0.0733 3695.11
1.78E+09 0.0735 3691.28
1.80E+09 0.0723 3687.4
1.81E+09 0.0723 3683.58
1.83E+09 0.0704 3679.45
1.85E+09 0.0701 3675.89
1.86E+09 0.0712 3672.35
1.88E+09 0.0692 3668.77
1.89E+09 0.0682 3665.25
1.91E+09 0.0680 3661.89
1.92E+09 0.0674 3658.43
1.94E+09 0.0669 3654.39
1.96E+09 0.0663 3651.03
1.97E+09 0.0671 3647.35
1.99E+09 0.0658 3643.99
2.00E+09 0.0646 3640.35
2.02E+09 0.0640 3636.99
2.03E+09 0.0637 3633.86
2.05E+09 0.0634 3630.23
2.07E+09 0.0629 3627.28
2.08E+09 0.0625 3623.85
2.10E+09 0.0621 3620.18
2.12E+09 0.0612 3617.2
2.13E+09 0.0609 3613.96
2.15E+09 0.0606 3610.55
2.17E+09 0.0604 3606.89
2.18E+09 0.0595 3603.82
2.20E+09 0.0594 3600.95
2.21E+09 0.0584 3598.12
2.22E+09 0.0586 3595.87
2.24E+09 0.0582 3593.5
2.25E+09 0.0573 3591.06
2.26E+09 0.0569 3588.69
2.27E+09 0.0572 3586.64
2.28E+09 0.0574 3584.21
2.30E+09 0.0569 3581.61
2.31E+09 0.0569 3579.06
2.33E+09 0.0554 3576.37
2.34E+09 0.0553 3573.73
2.36E+09 0.0553 3570.53
2.38E+09 0.0548 3567.46
2.39E+09 0.0539 3564.08
2.41E+09 0.0543 3560.66
2.43E+09 0.0535 3557.35
2.45E+09 0.0527 3554.31
2.47E+09 0.0526 3551.4
2.48E+09 0.0518 3548.33
2.50E+09 0.0522 3545.12
2.52E+09 0.0515 3542.36
2.53E+09 0.0509 3540.09
2.55E+09 0.0507 3537.8
2.56E+09 0.0503 3535.07
2.58E+09 0.0506 3532.46
2.60E+09 0.0497 3529.55
2.61E+09 0.0498 3526.89
2.63E+09 0.0493 3524.1
2.64E+09 0.0483 3521.5
2.66E+09 0.0486 3518.79
2.68E+09 0.0476 3516.09
2.69E+09 0.0476 3513.59
2.71E+09 0.0468 3511.01
2.73E+09 0.0470 3508.32
2.75E+09 0.0465 3505.66
2.76E+09 0.0464 3503.03
2.78E+09 0.0459 3500.46
2.80E+09 0.0456 3497.75
2.82E+09 0.0460 3495.1
2.83E+09 0.0454 3492.55
2.85E+09 0.0447 3489.96
2.87E+09 0.0439 3487.51
2.88E+09 0.0444 3485.05
2.91E+09 0.0437 3482.03
2.92E+09 0.0435 3479.23
2.94E+09 0.0432 3476.35
2.97E+09 0.0428 3473.25
2.99E+09 0.0423 3470.4
3.01E+09 0.0414 3467.53
3.02E+09 0.0414 3465.13
3.04E+09 0.0418 3462.52
3.06E+09 0.0405 3460.01
3.08E+09 0.0406 3457.63
3.10E+09 0.0397 3455.32
3.12E+09 0.0387 3452.79
3.13E+09 0.0390 3450.48
3.15E+09 0.0384 3448.22
3.17E+09 0.0388 3445.92
3.19E+09 0.0382 3443.85
3.20E+09 0.0382 3441.99
3.22E+09 0.0382 3439.99
3.24E+09 0.0374 3437.77
3.25E+09 0.0375 3435.62
3.27E+09 0.0370 3433.5
3.29E+09 0.0371 3431.41
3.30E+09 0.0370 3429.34
3.32E+09 0.0362 3427.21
3.34E+09 0.0363 3424.85
3.36E+09 0.0355 3422.59
3.38E+09 0.0351 3420.55
3.39E+09 0.0355 3418.49
3.41E+09 0.0352 3416.27
3.43E+09 0.0352 3414.1
3.46E+09 0.0347 3411.47
3.48E+09 0.0346 3409.02
3.50E+09 0.0341 3406.69
3.52E+09 0.0344 3404.07
3.54E+09 0.0338 3401.52
3.56E+09 0.0333 3399.37
3.58E+09 0.0326 3397.12
3.61E+09 0.0323 3394.79
3.63E+09 0.0323 3392.62
3.65E+09 0.0318 3390.28
3.67E+09 0.0318 3388.03
3.69E+09 0.0318 3385.56
3.72E+09 0.0319 3383.05
3.74E+09 0.0315 3380.7
3.76E+09 0.0305 3378.28
3.79E+09 0.0300 3376
3.81E+09 0.0297 3373.44
3.84E+09 0.0295 3371.07
3.86E+09 0.0296 3368.72
3.89E+09 0.0291 3366.16
3.91E+09 0.0293 3363.82
3.93E+09 0.0285 3361.74
3.96E+09 0.0284 3359.56
3.98E+09 0.0285 3357.3
4.01E+09 0.0281 3354.87
4.04E+09 0.0282 3352.18
4.06E+09 0.0279 3349.52
4.09E+09 0.0279 3346.79
4.12E+09 0.0271 3344.31
4.15E+09 0.0267 3342.14
4.18E+09 0.0266 3339.6
4.20E+09 0.0260 3337.06
4.23E+09 0.0261 3334.75
4.26E+09 0.0257 3332.35
4.29E+09 0.0259 3329.59
4.32E+09 0.0249 3326.92
4.35E+09 0.0251 3324.36
4.39E+09 0.0243 3321.56
4.42E+09 0.0237 3318.74
4.46E+09 0.0240 3316.14
4.49E+09 0.0234 3313.94
4.51E+09 0.0233 3311.73
4.55E+09 0.0228 3309.08
4.58E+09 0.0225 3306.9
4.60E+09 0.0225 3304.91
4.64E+09 0.0220 3302.66
4.67E+09 0.0219 3300.47
4.70E+09 0.0217 3298.34
4.72E+09 0.0217 3296.32
4.76E+09 0.0212 3294.07
4.79E+09 0.0212 3291.99
4.82E+09 0.0210 3289.91
4.85E+09 0.0208 3287.54
4.88E+09 0.0209 3285.24
4.91E+09 0.0209 3283.15
4.95E+09 0.0206 3280.94
4.98E+09 0.0204 3278.55
