0.00E+00 -0.2722 3918.65
3.43E+07 0.1714 3911.72
4.90E+07 0.2028 3902.6
8.05E+07 0.1886 3883.01
1.27E+08 0.1787 3856.81
1.73E+08 0.1889 3829.28
2.18E+08 0.1813 3802.53
2.45E+08 0.1729 3787.15
2.61E+08 0.1665 3778.71
2.79E+08 0.1622 3769.35
2.93E+08 0.1632 3761.82
3.11E+08 0.1560 3753.14
3.26E+08 0.1541 3745.81
3.43E+08 0.1512 3737.34
3.59E+08 0.1471 3729.96
3.72E+08 0.1436 3723.7
3.85E+08 0.1429 3717.66
4.01E+08 0.1389 3710.53
4.16E+08 0.1362 3704.31
4.29E+08 0.1335 3698.47
4.42E+08 0.1306 3693.19
4.58E+08 0.1273 3686.66
4.70E+08 0.1245 3681.68
4.80E+08 0.1219 3677.97
4.90E+08 0.1200 3673.89
5.03E+08 0.1181 3669.08
5.16E+08 0.1166 3664.44
5.30E+08 0.1128 3659.39
5.40E+08 0.1110 3655.52
5.52E+08 0.1088 3651.41
5.64E+08 0.1058 3647.42
5.78E+08 0.1041 3642.75
5.91E+08 0.1018 3638.56
6.05E+08 0.0990 3634.12
6.17E+08 0.0968 3630.19
6.32E+08 0.0958 3625.73
6.44E+08 0.0937 3622.09
6.56E+08 0.0913 3618.58
6.71E+08 0.0891 3614.16
6.86E+08 0.0876 3610.06
7.00E+08 0.0848 3605.99
7.16E+08 0.0834 3601.8
7.32E+08 0.0808 3597.76
7.47E+08 0.0787 3593.74
7.64E+08 0.0771 3589.57
7.81E+08 0.0754 3585.58
7.97E+08 0.0737 3581.75
8.15E+08 0.0711 3577.64
8.31E+08 0.0699 3573.96
8.47E+08 0.0686 3570.52
8.60E+08 0.0683 3567.49
8.74E+08 0.0670 3564.54
8.89E+08 0.0663 3561.41
9.04E+08 0.0661 3558.22
9.20E+08 0.0653 3554.89
9.34E+08 0.0651 3551.97
9.49E+08 0.0642 3548.92
9.63E+08 0.0640 3545.96
9.77E+08 0.0638 3543.17
9.92E+08 0.0635 3540.16
1.00E+09 0.0630 3537.77
1.02E+09 0.0620 3534.83
1.03E+09 0.0621 3532.43
1.04E+09 0.0621 3530.09
1.06E+09 0.0626 3527.43
1.07E+09 0.0620 3524.93
1.08E+09 0.0614 3522.21
1.10E+09 0.0613 3519.68
1.11E+09 0.0614 3517.03
1.12E+09 0.0617 3514.23
1.14E+09 0.0612 3511.25
1.15E+09 0.0612 3508.54
1.17E+09 0.0609 3505.93
1.18E+09 0.0607 3503.19
1.19E+09 0.0606 3500.7
1.21E+09 0.0603 3498.38
1.22E+09 0.0604 3496.27
1.23E+09 0.0596 3493.65
1.24E+09 0.0598 3491.18
1.25E+09 0.0596 3489.03
1.27E+09 0.0594 3486.91
1.28E+09 0.0603 3484.38
1.29E+09 0.0589 3482.12
1.30E+09 0.0595 3480.03
1.31E+09 0.0591 3477.97
1.32E+09 0.0590 3475.95
1.34E+09 0.0587 3473.84
1.35E+09 0.0583 3471.44
1.36E+09 0.0594 3468.94
1.38E+09 0.0586 3466.24
1.39E+09 0.0579 3463.15
1.41E+09 0.0583 3460.42
1.42E+09 0.0581 3457.85
1.43E+09 0.0575 3455.63
1.45E+09 0.0570 3453.45
1.46E+09 0.0575 3451.21
1.47E+09 0.0570 3449.24
1.48E+09 0.0565 3447.15
1.49E+09 0.0563 3445.03
1.50E+09 0.0563 3443.01
1.51E+09 0.0559 3441.04
1.53E+09 0.0556 3438.84
1.54E+09 0.0560 3436.41
1.55E+09 0.0553 3434.06
1.57E+09 0.0552 3431.97
1.58E+09 0.0547 3429.52
1.59E+09 0.0548 3427.72
1.60E+09 0.0552 3425.6
1.62E+09 0.0539 3422.96
1.63E+09 0.0536 3420.37
1.65E+09 0.0541 3417.75
1.66E+09 0.0536 3415.14
1.68E+09 0.0539 3412.4
1.69E+09 0.0526 3409.88
1.71E+09 0.0521 3407.79
1.72E+09 0.0519 3405.61
1.73E+09 0.0522 3403.24
1.75E+09 0.0523 3400.62
1.76E+09 0.0524 3398.15
1.78E+09 0.0520 3395.87
1.79E+09 0.0517 3393.67
1.81E+09 0.0507 3391.28
1.82E+09 0.0511 3389.21
1.83E+09 0.0508 3386.88
1.85E+09 0.0501 3384.82
1.86E+09 0.0502 3382.68
1.87E+09 0.0496 3380.46
1.89E+09 0.0496 3378.35
1.90E+09 0.0488 3375.98
1.92E+09 0.0492 3373.92
1.93E+09 0.0490 3371.32
1.95E+09 0.0488 3368.53
1.97E+09 0.0486 3366.11
1.98E+09 0.0473 3363.51
1.99E+09 0.0473 3361.64
2.01E+09 0.0478 3359.5
2.02E+09 0.0474 3357.48
2.04E+09 0.0470 3355.46
2.05E+09 0.0466 3353.47
2.06E+09 0.0466 3351.37
2.08E+09 0.0463 3349.01
2.10E+09 0.0462 3346.61
2.11E+09 0.0456 3343.93
2.13E+09 0.0458 3341.46
2.15E+09 0.0457 3339.39
2.16E+09 0.0454 3337.26
2.18E+09 0.0445 3334.76
2.19E+09 0.0440 3332.44
2.21E+09 0.0441 3330.42
2.22E+09 0.0436 3328.39
2.24E+09 0.0439 3326.2
2.25E+09 0.0431 3323.93
2.27E+09 0.0432 3321.79
2.29E+09 0.0431 3319.45
2.31E+09 0.0427 3316.8
2.33E+09 0.0427 3314.2
2.35E+09 0.0419 3311.57
2.36E+09 0.0421 3309.16
2.38E+09 0.0417 3306.89
2.40E+09 0.0411 3304.7
2.41E+09 0.0412 3302.69
2.43E+09 0.0412 3300.71
2.44E+09 0.0406 3298.89
2.46E+09 0.0404 3296.93
2.47E+09 0.0407 3295.01
2.49E+09 0.0404 3292.71
2.51E+09 0.0402 3290.29
2.53E+09 0.0398 3287.81
2.55E+09 0.0396 3285.49
2.57E+09 0.0392 3283.08
2.59E+09 0.0391 3280.52
2.61E+09 0.0391 3278.08
2.63E+09 0.0385 3275.6
2.65E+09 0.0380 3272.96
2.67E+09 0.0375 3270.53
2.69E+09 0.0376 3268.24
2.71E+09 0.0372 3266.08
2.72E+09 0.0373 3263.84
2.75E+09 0.0370 3261.23
2.77E+09 0.0368 3258.86
2.79E+09 0.0362 3256.31
2.81E+09 0.0355 3254.02
2.83E+09 0.0352 3251.48
2.85E+09 0.0350 3249.14
2.87E+09 0.0352 3246.63
2.90E+09 0.0347 3243.89
2.92E+09 0.0344 3241.51
2.94E+09 0.0341 3239.01
2.97E+09 0.0349 3236.61
2.99E+09 0.0335 3234.07
3.01E+09 0.0328 3231.51
3.04E+09 0.0328 3229.16
3.06E+09 0.0327 3226.76
3.08E+09 0.0325 3224.74
3.10E+09 0.0321 3222.54
3.12E+09 0.0318 3220.11
3.15E+09 0.0316 3217.66
3.17E+09 0.0319 3215.47
3.19E+09 0.0315 3213.15
3.21E+09 0.0312 3211.03
3.24E+09 0.0308 3208.64
3.26E+09 0.0305 3206.36
3.28E+09 0.0305 3204.25
3.31E+09 0.0302 3201.8
3.33E+09 0.0300 3199.45
3.36E+09 0.0300 3197.28
3.38E+09 0.0292 3195.05
3.40E+09 0.0297 3192.9
3.43E+09 0.0291 3190.3
3.46E+09 0.0283 3187.89
3.48E+09 0.0285 3185.59
3.51E+09 0.0287 3183.13
3.54E+09 0.0282 3180.59
3.56E+09 0.0279 3178.26
3.59E+09 0.0282 3175.99
3.62E+09 0.0278 3173.5
3.64E+09 0.0279 3171.17
3.67E+09 0.0270 3169.08
3.69E+09 0.0271 3166.81
3.72E+09 0.0265 3164.71
3.75E+09 0.0268 3162.53
3.77E+09 0.0264 3160.37
3.79E+09 0.0263 3158.45
3.82E+09 0.0256 3156.41
3.84E+09 0.0259 3154.38
3.87E+09 0.0255 3152.4
3.90E+09 0.0251 3150.11
3.93E+09 0.0252 3147.72
3.95E+09 0.0246 3145.44
3.98E+09 0.0250 3143.39
4.01E+09 0.0247 3141.01
4.04E+09 0.0247 3138.73
4.07E+09 0.0242 3136.41
4.10E+09 0.0240 3134.13
4.13E+09 0.0242 3131.86
4.16E+09 0.0237 3129.82
4.19E+09 0.0234 3127.61
4.22E+09 0.0230 3125.4
4.24E+09 0.0229 3123.27
4.27E+09 0.0228 3121.22
4.30E+09 0.0227 3119.33
4.32E+09 0.0221 3117.66
4.35E+09 0.0221 3115.52
4.38E+09 0.0224 3113.47
4.41E+09 0.0220 3111.31
4.44E+09 0.0215 3109.21
4.47E+09 0.0214 3107.07
4.51E+09 0.0210 3104.66
4.54E+09 0.0212 3102.67
4.57E+09 0.0212 3100.48
4.60E+09 0.0209 3098.25
4.64E+09 0.0206 3096.15
4.67E+09 0.0205 3094.09
4.70E+09 0.0200 3092.18
4.73E+09 0.0205 3089.95
4.76E+09 0.0202 3087.81
4.80E+09 0.0202 3085.88
4.83E+09 0.0204 3083.75
4.86E+09 0.0205 3081.67
4.89E+09 0.0202 3079.71
4.92E+09 0.0202 3077.87
4.95E+09 0.0203 3075.79
4.99E+09 0.0197 3073.62
