0.00E+00 -1.1205 6619.1
1.12E+08 0.3872 6482.76
1.53E+08 0.3639 6426.79
1.85E+08 0.3528 6383.14
2.14E+08 0.3428 6346.13
2.41E+08 0.3166 6312.44
2.61E+08 0.3239 6287.98
2.85E+08 0.3144 6259.7
3.04E+08 0.3050 6236.84
3.23E+08 0.2935 6215.32
3.38E+08 0.2944 6198.31
3.55E+08 0.2811 6180.13
3.69E+08 0.2791 6164.96
3.84E+08 0.2773 6149.68
3.99E+08 0.2670 6133.95
4.13E+08 0.2669 6120.18
4.26E+08 0.2654 6106.36
4.43E+08 0.2592 6089.89
4.57E+08 0.2562 6076.44
4.70E+08 0.2583 6063.63
4.84E+08 0.2464 6049.74
4.99E+08 0.2481 6036.43
5.13E+08 0.2484 6022.6
5.28E+08 0.2417 6009.24
5.40E+08 0.2380 5997.59
5.53E+08 0.2384 5986.09
5.66E+08 0.2362 5974.76
5.78E+08 0.2341 5963.25
5.91E+08 0.2317 5952.47
6.01E+08 0.2325 5943.5
6.11E+08 0.2311 5934.39
6.21E+08 0.2336 5925.62
6.31E+08 0.2386 5917.18
6.40E+08 0.2430 5908.57
6.48E+08 0.2517 5900.88
6.55E+08 0.2696 5894.42
6.57E+08 0.3054 5892.37
6.59E+08 0.4061 5889.18
6.63E+08 0.4491 5882.58
6.70E+08 0.4153 5871.48
6.89E+08 0.3704 5843.42
7.17E+08 0.3591 5804.81
7.41E+08 0.3536 5772.51
7.61E+08 0.3452 5746.21
7.83E+08 0.3404 5716.73
8.02E+08 0.3697 5691.59
8.26E+08 0.3102 5663.1
8.58E+08 0.2709 5627.26
8.92E+08 0.2550 5592.76
9.29E+08 0.2960 5554.65
9.67E+08 0.3077 5510.25
1.01E+09 0.2819 5462.36
1.07E+09 0.3185 5387.71
1.14E+09 0.2879 5308.12
1.20E+09 0.2683 5243.16
1.25E+09 0.2357 5198.13
1.28E+09 0.2148 5168.73
1.31E+09 0.2119 5146.99
1.33E+09 0.1988 5131.56
1.35E+09 0.1940 5114.7
1.37E+09 0.1824 5099.14
1.40E+09 0.1804 5083.17
1.42E+09 0.1848 5070.04
1.44E+09 0.1746 5056.7
1.45E+09 0.1716 5046.46
1.47E+09 0.1691 5033.29
1.49E+09 0.1610 5022.12
1.51E+09 0.1618 5011
1.53E+09 0.1593 5000.43
1.55E+09 0.1483 4987.15
1.57E+09 0.1552 4976.43
1.58E+09 0.1544 4966.12
1.60E+09 0.1444 4956.6
1.62E+09 0.1440 4947.91
1.63E+09 0.1388 4938.38
1.65E+09 0.1390 4930.52
1.67E+09 0.1339 4920.81
1.69E+09 0.1356 4911.15
1.70E+09 0.1332 4903.01
1.73E+09 0.1289 4891.41
1.74E+09 0.1276 4882.23
1.76E+09 0.1256 4875.14
1.78E+09 0.1299 4865.14
1.80E+09 0.1246 4855.29
1.82E+09 0.1262 4846.3
1.84E+09 0.1193 4838.6
1.85E+09 0.1119 4830.84
1.88E+09 0.1059 4821.88
1.90E+09 0.1122 4811.95
1.92E+09 0.1046 4804.86
1.94E+09 0.1033 4795.44
1.96E+09 0.1024 4787.49
1.98E+09 0.1050 4778.51
2.00E+09 0.1028 4771.13
2.03E+09 0.0923 4761.47
2.05E+09 0.0963 4754.08
2.07E+09 0.0913 4745.77
2.10E+09 0.0926 4736.75
2.12E+09 0.0880 4728.25
2.15E+09 0.0865 4720.57
2.17E+09 0.0819 4712.45
2.20E+09 0.0844 4704.94
2.21E+09 0.0824 4699.25
2.24E+09 0.0806 4690.87
2.26E+09 0.0780 4684.48
2.29E+09 0.0754 4676.59
2.32E+09 0.0752 4669.03
2.34E+09 0.0685 4661.56
2.37E+09 0.0686 4654.84
2.40E+09 0.0668 4647.51
2.42E+09 0.0668 4641.39
2.46E+09 0.0652 4632.33
2.49E+09 0.0619 4624.94
2.52E+09 0.0577 4617.16
2.55E+09 0.0585 4609.65
2.59E+09 0.0576 4602.46
2.62E+09 0.0528 4596.46
2.65E+09 0.0539 4589.74
2.68E+09 0.0512 4583.43
2.71E+09 0.0484 4578.42
2.74E+09 0.0495 4571.41
2.78E+09 0.0487 4565.5
2.81E+09 0.0475 4558.81
2.85E+09 0.0464 4552.81
2.88E+09 0.0445 4547.55
2.91E+09 0.0420 4542.86
2.95E+09 0.0426 4536.54
2.98E+09 0.0380 4531.28
3.02E+09 0.0380 4525.62
3.06E+09 0.0370 4520.38
3.10E+09 0.0354 4514.77
3.14E+09 0.0319 4509.08
3.18E+09 0.0326 4504.88
3.21E+09 0.0332 4500.77
3.25E+09 0.0301 4496.18
3.29E+09 0.0325 4491.53
3.33E+09 0.0281 4486.41
3.37E+09 0.0299 4482.52
3.41E+09 0.0271 4478.27
3.45E+09 0.0258 4473.61
3.49E+09 0.0254 4470.33
3.53E+09 0.0255 4466.14
3.58E+09 0.0231 4461.88
3.62E+09 0.0230 4458.26
3.67E+09 0.0221 4453.8
3.70E+09 0.0233 4451.4
3.74E+09 0.0199 4447.73
3.79E+09 0.0217 4444.15
3.83E+09 0.0191 4440.88
3.88E+09 0.0212 4437.02
3.92E+09 0.0187 4433.69
3.96E+09 0.0201 4430.84
4.02E+09 0.0187 4426.83
4.08E+09 0.0173 4422.85
4.12E+09 0.0149 4420.65
4.17E+09 0.0165 4417.09
4.22E+09 0.0154 4414.24
4.28E+09 0.0167 4410.68
4.33E+09 0.0137 4407.65
4.38E+09 0.0159 4404.81
4.43E+09 0.0129 4401.99
4.48E+09 0.0142 4399.52
4.54E+09 0.0147 4396.37
4.60E+09 0.0134 4393.18
4.66E+09 0.0124 4390.5
4.71E+09 0.0122 4388.08
4.78E+09 0.0114 4385.03
4.84E+09 0.0133 4381.99
4.91E+09 0.0111 4378.81
4.96E+09 0.0123 4376.53
