0.00E+00 0.0001 2263.17
6.48E+08 -0.0084 2275.17
8.85E+08 -0.0092 2281.95
1.04E+09 -0.0096 2286.59
1.16E+09 -0.0098 2290.28
1.23E+09 -0.0098 2292.63
1.32E+09 -0.0099 2295.53
1.41E+09 -0.0100 2298.45
1.50E+09 -0.0100 2301.12
1.59E+09 -0.0100 2304.06
1.67E+09 -0.0099 2306.85
1.77E+09 -0.0099 2310.01
1.87E+09 -0.0098 2313.1
1.96E+09 -0.0098 2316
2.05E+09 -0.0097 2318.78
2.14E+09 -0.0096 2321.51
2.23E+09 -0.0096 2324.33
2.32E+09 -0.0095 2327.14
2.41E+09 -0.0094 2329.94
2.50E+09 -0.0093 2332.67
2.59E+09 -0.0092 2335.37
2.68E+09 -0.0091 2338.08
2.78E+09 -0.0090 2340.74
2.86E+09 -0.0089 2343.19
2.94E+09 -0.0088 2345.51
3.03E+09 -0.0087 2347.97
3.12E+09 -0.0086 2350.45
3.21E+09 -0.0085 2352.91
3.29E+09 -0.0084 2355.12
3.38E+09 -0.0083 2357.42
3.46E+09 -0.0082 2359.59
3.54E+09 -0.0081 2361.88
3.64E+09 -0.0079 2364.22
3.72E+09 -0.0078 2366.33
3.80E+09 -0.0077 2368.35
3.88E+09 -0.0076 2370.44
3.97E+09 -0.0075 2372.63
4.06E+09 -0.0074 2374.78
4.15E+09 -0.0073 2376.89
4.24E+09 -0.0072 2378.95
4.33E+09 -0.0071 2381.1
4.42E+09 -0.0070 2383.09
4.50E+09 -0.0069 2384.96
4.60E+09 -0.0067 2387.04
4.69E+09 -0.0066 2389.04
4.79E+09 -0.0065 2391.09
4.89E+09 -0.0064 2393.12
4.98E+09 -0.0062 2395.11
