0.00E+00 -0.9219 6093.4
1.48E+08 0.2784 5944.33
1.96E+08 0.2587 5891.55
2.36E+08 0.2516 5850.23
2.72E+08 0.2437 5813.45
3.06E+08 0.2212 5780.08
3.35E+08 0.2225 5752.63
3.63E+08 0.2143 5726.94
3.92E+08 0.2066 5701.41
4.18E+08 0.2062 5678.54
4.44E+08 0.1965 5656.19
4.64E+08 0.1942 5639.59
4.86E+08 0.1875 5622.48
5.05E+08 0.1823 5607.37
5.21E+08 0.1812 5595
5.39E+08 0.1749 5581.72
5.56E+08 0.1707 5569.08
5.73E+08 0.1729 5557.14
5.89E+08 0.1723 5545.1
6.05E+08 0.1693 5533.88
6.23E+08 0.1640 5521.56
6.38E+08 0.1663 5510.66
6.52E+08 0.1647 5501.47
6.65E+08 0.1650 5491.81
6.79E+08 0.1774 5481.93
6.89E+08 0.1948 5474.21
6.91E+08 0.2520 5472.24
6.94E+08 0.3295 5468.53
6.99E+08 0.3279 5462.14
7.14E+08 0.2779 5443.07
7.52E+08 0.2627 5400.26
7.88E+08 0.2486 5361.04
8.18E+08 0.2479 5329.93
8.51E+08 0.2665 5295.37
8.81E+08 0.2152 5265.42
9.28E+08 0.2028 5224.5
9.80E+08 0.1790 5182.69
1.04E+09 0.1959 5138.74
1.10E+09 0.2031 5082.16
1.17E+09 0.2006 5023.95
1.26E+09 0.1946 4951.04
1.34E+09 0.1739 4889.95
1.41E+09 0.1549 4841.36
1.47E+09 0.1339 4806.44
1.53E+09 0.1255 4770.95
1.57E+09 0.1200 4750.37
1.60E+09 0.1070 4735.82
1.63E+09 0.0953 4724.84
1.66E+09 0.0957 4714.33
1.68E+09 0.0944 4705.3
1.70E+09 0.0945 4696.78
1.73E+09 0.0916 4687.08
1.75E+09 0.0876 4677.91
1.77E+09 0.0837 4669.52
1.80E+09 0.0852 4661.93
1.82E+09 0.0822 4653.45
1.84E+09 0.0810 4645.93
1.87E+09 0.0867 4637.47
1.89E+09 0.0769 4629.23
1.91E+09 0.0734 4621.7
1.94E+09 0.0749 4613.98
1.96E+09 0.0688 4606.64
1.98E+09 0.0766 4601.39
2.01E+09 0.0710 4591.96
2.04E+09 0.0660 4582.76
2.06E+09 0.0624 4576.25
2.09E+09 0.0684 4568.24
2.12E+09 0.0651 4562.08
2.15E+09 0.0591 4554.82
2.17E+09 0.0602 4547.38
2.20E+09 0.0607 4540.56
2.24E+09 0.0532 4532.25
2.26E+09 0.0549 4526.44
2.29E+09 0.0528 4519.67
2.32E+09 0.0532 4513.1
2.35E+09 0.0547 4507.53
2.38E+09 0.0460 4500.86
2.41E+09 0.0520 4493.84
2.44E+09 0.0478 4487.51
2.47E+09 0.0462 4481.39
2.50E+09 0.0433 4476.24
2.53E+09 0.0439 4469.72
2.56E+09 0.0462 4464.26
2.60E+09 0.0390 4456.91
2.64E+09 0.0391 4451.62
2.68E+09 0.0394 4444.43
2.72E+09 0.0387 4437.81
2.76E+09 0.0356 4431.45
2.80E+09 0.0339 4426.74
2.83E+09 0.0349 4421.95
2.87E+09 0.0311 4415.93
2.91E+09 0.0329 4410.76
2.96E+09 0.0280 4405.05
3.00E+09 0.0292 4399.54
3.04E+09 0.0279 4394.29
3.09E+09 0.0272 4389.16
3.13E+09 0.0268 4384.53
3.18E+09 0.0261 4379.37
3.23E+09 0.0235 4374.36
3.27E+09 0.0229 4369.81
3.32E+09 0.0228 4365.36
3.36E+09 0.0207 4361.4
3.42E+09 0.0214 4356.4
3.46E+09 0.0214 4352.65
3.50E+09 0.0184 4348.87
3.55E+09 0.0196 4345.12
3.61E+09 0.0180 4340.47
3.66E+09 0.0180 4336.47
3.72E+09 0.0172 4332.73
3.77E+09 0.0166 4328.63
3.82E+09 0.0166 4325.25
3.87E+09 0.0159 4322.01
3.93E+09 0.0159 4317.91
3.99E+09 0.0122 4314.23
4.04E+09 0.0170 4311.44
4.09E+09 0.0134 4308.43
4.15E+09 0.0139 4304.81
4.21E+09 0.0128 4301.56
4.27E+09 0.0117 4298.15
4.32E+09 0.0119 4295.54
4.39E+09 0.0120 4292.41
4.45E+09 0.0119 4289.29
4.51E+09 0.0105 4286.27
4.58E+09 0.0089 4283.34
4.65E+09 0.0095 4280.45
4.71E+09 0.0107 4277.91
4.77E+09 0.0098 4275.32
4.83E+09 0.0088 4272.7
4.90E+09 0.0097 4269.99
4.98E+09 0.0083 4266.9
