0.00E+00 -0.4769 4678.83
1.03E+08 0.1890 4648.54
1.39E+08 0.2147 4627.01
1.95E+08 0.2085 4593.62
2.63E+08 0.1961 4553.34
3.26E+08 0.1964 4517.4
3.97E+08 0.1903 4476.45
4.47E+08 0.1911 4448.65
4.88E+08 0.1851 4426.25
5.21E+08 0.1794 4408.16
5.44E+08 0.1790 4396.54
5.60E+08 0.1737 4388.19
5.68E+08 0.1727 4383.84
5.79E+08 0.1672 4378.53
5.89E+08 0.1650 4373.57
5.99E+08 0.1619 4368.87
6.11E+08 0.1577 4363.37
6.23E+08 0.1593 4357.74
6.33E+08 0.1519 4353.3
6.40E+08 0.1480 4350.06
6.48E+08 0.1424 4346.68
6.56E+08 0.1375 4343.35
6.65E+08 0.1322 4339.94
6.73E+08 0.1268 4336.76
6.82E+08 0.1253 4333.26
6.92E+08 0.1309 4329.48
7.03E+08 0.1413 4325.18
7.15E+08 0.1475 4320.06
7.26E+08 0.1511 4315.34
7.48E+08 0.1482 4305.67
7.65E+08 0.1385 4298.55
7.77E+08 0.1317 4293.52
7.94E+08 0.1285 4287.27
8.07E+08 0.1298 4282.07
8.19E+08 0.1225 4277.83
8.35E+08 0.1272 4272.15
8.52E+08 0.1219 4265.87
8.63E+08 0.1131 4261.98
8.75E+08 0.1181 4257.87
8.89E+08 0.1176 4253.15
9.01E+08 0.1088 4248.98
9.12E+08 0.1142 4245.44
9.23E+08 0.1095 4241.88
9.33E+08 0.1008 4238.92
9.42E+08 0.1083 4236.06
9.53E+08 0.1075 4232.52
9.65E+08 0.1112 4228.59
9.76E+08 0.1074 4225.22
9.85E+08 0.0997 4222.53
9.93E+08 0.1002 4220.1
1.00E+09 0.1005 4217.95
1.01E+09 0.1019 4215.55
1.02E+09 0.1046 4212.98
1.03E+09 0.1136 4209.33
1.04E+09 0.1104 4206.02
1.05E+09 0.1023 4203.07
1.06E+09 0.0987 4200.34
1.07E+09 0.0977 4197.77
1.07E+09 0.0968 4195.43
1.08E+09 0.0931 4193.05
1.09E+09 0.0972 4191
1.10E+09 0.0981 4188.29
1.11E+09 0.1078 4184.24
1.13E+09 0.1047 4179.74
1.14E+09 0.1030 4175.41
1.15E+09 0.1009 4171.82
1.16E+09 0.0998 4168.6
1.18E+09 0.0977 4165.34
1.19E+09 0.0937 4161.58
1.20E+09 0.1020 4157.7
1.22E+09 0.0982 4153.19
1.23E+09 0.0956 4149.6
1.24E+09 0.0967 4145.76
1.26E+09 0.0940 4142.26
1.27E+09 0.0972 4138.64
1.28E+09 0.0960 4134.61
1.30E+09 0.0928 4130.97
1.31E+09 0.0869 4128.03
1.32E+09 0.0888 4124.69
1.34E+09 0.0928 4120.97
1.35E+09 0.0899 4118.17
1.36E+09 0.0843 4115.73
1.37E+09 0.0853 4113.04
1.38E+09 0.0856 4110.38
1.39E+09 0.0892 4106.94
1.40E+09 0.0863 4103.98
1.41E+09 0.0790 4101.24
1.42E+09 0.0780 4098.92
1.43E+09 0.0867 4096.41
1.45E+09 0.0858 4092.56
1.46E+09 0.0798 4089.17
1.48E+09 0.0856 4085.88
1.49E+09 0.0824 4082.61
1.50E+09 0.0811 4079.44
1.52E+09 0.0786 4076.06
1.53E+09 0.0828 4072.44
1.55E+09 0.0855 4069.22
1.56E+09 0.0810 4065.36
1.58E+09 0.0767 4062
1.59E+09 0.0746 4059.24
1.60E+09 0.0766 4056.15
1.62E+09 0.0796 4052.99
1.63E+09 0.0768 4049.51
1.65E+09 0.0779 4045.83
1.66E+09 0.0778 4042.24
1.68E+09 0.0759 4038.63
1.70E+09 0.0768 4034.53
1.71E+09 0.0740 4031.26
1.73E+09 0.0700 4028.09
1.74E+09 0.0751 4024.45
1.76E+09 0.0712 4020.84
1.78E+09 0.0720 4017.25
1.80E+09 0.0707 4013.5
1.81E+09 0.0701 4010.77
1.83E+09 0.0698 4007.61
1.84E+09 0.0657 4004.98
1.85E+09 0.0667 4002.12
1.87E+09 0.0672 3999.63
1.88E+09 0.0652 3996.58
1.90E+09 0.0668 3993.76
1.91E+09 0.0623 3991.16
1.92E+09 0.0643 3988.5
1.94E+09 0.0659 3985.75
1.95E+09 0.0619 3983.29
1.97E+09 0.0595 3980.95
1.98E+09 0.0640 3978.59
1.99E+09 0.0670 3975.39
2.01E+09 0.0684 3971.72
2.03E+09 0.0645 3968.34
2.05E+09 0.0606 3964.88
2.07E+09 0.0588 3961.69
2.08E+09 0.0610 3958.7
2.10E+09 0.0593 3955.61
2.12E+09 0.0586 3952.61
2.14E+09 0.0620 3949.75
2.15E+09 0.0589 3947
2.16E+09 0.0567 3944.75
2.18E+09 0.0547 3942.72
2.19E+09 0.0567 3940.65
2.21E+09 0.0614 3937.73
2.22E+09 0.0568 3934.67
2.24E+09 0.0549 3932.03
2.25E+09 0.0544 3929.76
2.27E+09 0.0553 3927.45
2.28E+09 0.0553 3924.97
2.30E+09 0.0544 3922.36
2.31E+09 0.0524 3920.37
2.33E+09 0.0530 3917.88
2.34E+09 0.0521 3915.55
2.36E+09 0.0493 3913.77
2.38E+09 0.0530 3910.85
2.39E+09 0.0532 3908.24
2.41E+09 0.0522 3905.83
2.43E+09 0.0464 3903.29
2.44E+09 0.0497 3901.08
2.46E+09 0.0507 3898.61
2.47E+09 0.0513 3896.18
2.49E+09 0.0496 3893.6
2.51E+09 0.0476 3891.54
2.52E+09 0.0475 3889.09
2.54E+09 0.0461 3886.8
2.56E+09 0.0455 3884.72
2.57E+09 0.0532 3882.31
2.59E+09 0.0527 3879.03
2.62E+09 0.0490 3875.41
2.64E+09 0.0491 3872.59
2.65E+09 0.0450 3870.42
2.67E+09 0.0428 3868.08
2.68E+09 0.0434 3866.31
2.70E+09 0.0418 3864.49
2.72E+09 0.0495 3862.28
2.74E+09 0.0472 3859.49
2.75E+09 0.0429 3857.33
2.77E+09 0.0468 3854.7
2.79E+09 0.0432 3852.81
2.81E+09 0.0436 3850.49
2.82E+09 0.0423 3848.32
2.84E+09 0.0422 3845.9
2.86E+09 0.0448 3843.3
2.89E+09 0.0440 3840.14
2.91E+09 0.0420 3837.16
2.93E+09 0.0455 3834.12
2.96E+09 0.0432 3830.73
2.98E+09 0.0445 3827.61
3.00E+09 0.0397 3825.06
3.03E+09 0.0376 3822.55
3.05E+09 0.0424 3820.31
3.06E+09 0.0412 3818.19
3.08E+09 0.0393 3816.34
3.10E+09 0.0363 3814.34
3.12E+09 0.0341 3812.43
3.13E+09 0.0384 3810.61
3.15E+09 0.0373 3808.9
3.17E+09 0.0355 3806.67
3.19E+09 0.0362 3804.98
3.21E+09 0.0331 3803
3.22E+09 0.0350 3801.44
3.24E+09 0.0394 3799.2
3.26E+09 0.0372 3796.96
3.28E+09 0.0378 3794.97
3.30E+09 0.0350 3792.94
3.32E+09 0.0374 3790.45
3.34E+09 0.0378 3788.41
3.36E+09 0.0360 3786.39
3.38E+09 0.0343 3783.85
3.40E+09 0.0352 3781.95
3.43E+09 0.0359 3779.42
3.45E+09 0.0348 3777.32
3.47E+09 0.0360 3775.09
3.49E+09 0.0324 3772.69
3.51E+09 0.0313 3770.69
3.53E+09 0.0308 3768.96
3.56E+09 0.0323 3766.84
3.57E+09 0.0322 3765.17
3.59E+09 0.0323 3763.22
3.62E+09 0.0322 3761
3.64E+09 0.0311 3758.95
3.66E+09 0.0315 3757.25
3.69E+09 0.0314 3754.64
3.71E+09 0.0327 3752.59
3.73E+09 0.0306 3750.24
3.76E+09 0.0306 3747.94
3.78E+09 0.0279 3745.97
3.80E+09 0.0289 3744.28
3.83E+09 0.0302 3742.14
3.85E+09 0.0330 3739.62
3.88E+09 0.0303 3737.21
3.91E+09 0.0293 3734.98
3.93E+09 0.0269 3733.01
3.95E+09 0.0277 3731.02
3.98E+09 0.0286 3729.04
4.00E+09 0.0268 3727.58
4.02E+09 0.0247 3725.77
4.04E+09 0.0260 3724.46
4.06E+09 0.0265 3723.08
4.08E+09 0.0270 3721.16
4.10E+09 0.0285 3719.62
4.12E+09 0.0274 3717.85
4.15E+09 0.0249 3715.9
4.17E+09 0.0251 3714.33
4.19E+09 0.0252 3712.62
4.21E+09 0.0254 3711.21
4.24E+09 0.0260 3708.99
4.27E+09 0.0297 3706.3
4.30E+09 0.0286 3704.27
4.33E+09 0.0257 3702
4.34E+09 0.0245 3700.76
4.37E+09 0.0228 3699.07
4.39E+09 0.0217 3697.42
4.41E+09 0.0234 3695.94
4.44E+09 0.0250 3694.13
4.47E+09 0.0249 3692.08
4.49E+09 0.0250 3690.19
4.52E+09 0.0235 3688.21
4.55E+09 0.0235 3686.53
4.57E+09 0.0241 3684.95
4.60E+09 0.0235 3682.96
4.63E+09 0.0215 3681.12
4.65E+09 0.0242 3679.31
4.69E+09 0.0253 3676.93
4.71E+09 0.0244 3674.84
4.74E+09 0.0226 3672.71
4.78E+09 0.0218 3670.74
4.81E+09 0.0206 3668.64
4.84E+09 0.0233 3666.73
4.86E+09 0.0225 3665
4.89E+09 0.0216 3663.08
4.92E+09 0.0227 3661.26
4.95E+09 0.0223 3659.21
4.98E+09 0.0208 3657.32
