0.00E+00 -0.7662 5992.34
1.47E+08 0.2500 5882.57
1.95E+08 0.2459 5840.5
2.36E+08 0.2255 5805.4
2.67E+08 0.2326 5779.86
2.98E+08 0.2264 5755.59
3.23E+08 0.2193 5735.25
3.49E+08 0.2150 5715.66
3.70E+08 0.2128 5699.52
3.87E+08 0.2147 5686.59
3.94E+08 0.2312 5681.24
3.97E+08 0.2530 5679.06
4.01E+08 0.2724 5674.83
4.07E+08 0.2829 5668.92
4.15E+08 0.2897 5660.81
4.33E+08 0.2793 5642.96
4.67E+08 0.2844 5608.25
4.89E+08 0.3165 5585.26
4.94E+08 0.3637 5579.47
5.18E+08 0.2840 5552.49
5.69E+08 0.2853 5502.98
6.00E+08 0.3164 5470.27
6.20E+08 0.3527 5446.66
6.73E+08 0.3072 5385.33
7.34E+08 0.2819 5321.73
7.86E+08 0.2602 5272.53
8.34E+08 0.2371 5230.17
8.76E+08 0.2252 5195.77
9.14E+08 0.2165 5166.35
9.42E+08 0.2132 5144.83
9.69E+08 0.2197 5125.22
9.95E+08 0.2584 5102.46
1.02E+09 0.2619 5080.34
1.04E+09 0.2525 5063.68
1.05E+09 0.2516 5052.75
1.06E+09 0.2465 5041.22
1.08E+09 0.2399 5029.16
1.09E+09 0.2417 5016.86
1.10E+09 0.2291 5006.94
1.12E+09 0.2427 4996.46
1.13E+09 0.2382 4983.93
1.15E+09 0.2334 4971.53
1.16E+09 0.2198 4961.17
1.17E+09 0.2214 4951.6
1.18E+09 0.2185 4941.79
1.20E+09 0.2325 4931.44
1.21E+09 0.2247 4918.77
1.23E+09 0.2169 4907.97
1.24E+09 0.2128 4898.92
1.25E+09 0.2104 4889.29
1.26E+09 0.2138 4878.45
1.28E+09 0.2005 4869.51
1.29E+09 0.2112 4859.28
1.31E+09 0.1979 4848.85
1.32E+09 0.2064 4840.06
1.33E+09 0.2047 4829.38
1.35E+09 0.1938 4819.3
1.36E+09 0.1963 4810.43
1.37E+09 0.1842 4801.84
1.39E+09 0.1959 4792.79
1.40E+09 0.1945 4785.11
1.41E+09 0.1896 4773.49
1.43E+09 0.1919 4761.92
1.45E+09 0.1851 4751.58
1.46E+09 0.1755 4743.51
1.48E+09 0.1912 4732.51
1.49E+09 0.1784 4722.86
1.50E+09 0.1691 4714.35
1.52E+09 0.1850 4706.86
1.53E+09 0.1750 4696.27
1.55E+09 0.1695 4687.96
1.56E+09 0.1724 4678.97
1.58E+09 0.1664 4669.53
1.59E+09 0.1718 4661.62
1.61E+09 0.1602 4651.02
1.62E+09 0.1692 4643
1.64E+09 0.1617 4633.23
1.66E+09 0.1622 4623.36
1.67E+09 0.1560 4615.3
1.69E+09 0.1629 4605.99
1.71E+09 0.1566 4595.79
1.72E+09 0.1504 4586.15
1.74E+09 0.1576 4578.7
1.76E+09 0.1459 4568.1
1.78E+09 0.1451 4558.5
1.79E+09 0.1434 4552.12
1.80E+09 0.1403 4543.58
1.82E+09 0.1469 4535.59
1.84E+09 0.1403 4525.57
1.86E+09 0.1462 4515.62
1.88E+09 0.1391 4507.02
1.90E+09 0.1365 4498.27
1.91E+09 0.1346 4489.22
1.93E+09 0.1277 4480.61
1.95E+09 0.1308 4471.81
1.97E+09 0.1334 4463.27
1.99E+09 0.1278 4456.17
2.01E+09 0.1172 4446.84
2.03E+09 0.1303 4438.47
2.04E+09 0.1217 4430.89
2.07E+09 0.1189 4420.44
2.09E+09 0.1183 4411.1
2.11E+09 0.1155 4402.89
2.13E+09 0.1168 4393.94
2.15E+09 0.1125 4386.24
2.17E+09 0.1101 4378.78
2.19E+09 0.1105 4372.84
2.21E+09 0.1101 4364.82
2.23E+09 0.1075 4354.67
2.26E+09 0.1051 4345.58
2.28E+09 0.1039 4336.5
2.30E+09 0.1034 4327.85
2.33E+09 0.0988 4318.96
2.35E+09 0.0948 4312.82
2.37E+09 0.0935 4305.75
2.39E+09 0.0968 4297.87
2.41E+09 0.0866 4290.7
2.44E+09 0.0913 4282.83
2.47E+09 0.0936 4274.23
2.49E+09 0.0937 4265.7
2.52E+09 0.0916 4257.95
2.54E+09 0.0827 4250.74
2.56E+09 0.0895 4243.2
2.59E+09 0.0842 4235.15
2.61E+09 0.0793 4228.64
2.64E+09 0.0790 4221.25
2.67E+09 0.0772 4214.07
2.69E+09 0.0811 4206.53
2.72E+09 0.0781 4199.61
2.74E+09 0.0736 4192.7
2.77E+09 0.0749 4185.71
2.80E+09 0.0701 4179.05
2.82E+09 0.0685 4172.63
2.85E+09 0.0689 4166.16
2.88E+09 0.0692 4159.17
2.90E+09 0.0625 4152.77
2.93E+09 0.0656 4147.54
2.95E+09 0.0635 4142.4
2.98E+09 0.0614 4136.71
3.00E+09 0.0655 4131.7
3.03E+09 0.0556 4125.57
3.05E+09 0.0573 4120.86
3.08E+09 0.0570 4115.9
3.10E+09 0.0572 4110.88
3.12E+09 0.0513 4106.28
3.15E+09 0.0561 4101.28
3.18E+09 0.0505 4096.44
3.20E+09 0.0554 4090.86
3.23E+09 0.0565 4085.5
3.26E+09 0.0539 4079.8
3.29E+09 0.0568 4073.5
3.33E+09 0.0530 4066.95
3.36E+09 0.0543 4060.59
3.40E+09 0.0531 4054.15
3.43E+09 0.0519 4047.77
3.47E+09 0.0508 4041.14
3.50E+09 0.0485 4034.53
3.54E+09 0.0486 4028.13
3.58E+09 0.0474 4021.79
3.62E+09 0.0465 4015.66
3.65E+09 0.0454 4009.44
3.69E+09 0.0440 4003.56
3.73E+09 0.0434 3997.55
3.77E+09 0.0426 3991.93
3.81E+09 0.0410 3985.96
3.85E+09 0.0413 3980.33
3.89E+09 0.0389 3974.62
3.93E+09 0.0388 3969.32
3.96E+09 0.0389 3964.1
4.00E+09 0.0377 3958.89
4.04E+09 0.0370 3953.62
4.08E+09 0.0357 3948.36
4.13E+09 0.0352 3942.86
4.17E+09 0.0349 3937.69
4.21E+09 0.0331 3932.54
4.25E+09 0.0337 3927.72
4.30E+09 0.0317 3922.49
4.34E+09 0.0316 3917.58
4.38E+09 0.0309 3912.87
4.43E+09 0.0291 3908.14
4.47E+09 0.0299 3903.75
4.52E+09 0.0280 3899.14
4.57E+09 0.0288 3894.3
4.62E+09 0.0268 3889.41
4.66E+09 0.0265 3884.86
4.71E+09 0.0259 3880.43
4.76E+09 0.0250 3876.25
4.81E+09 0.0245 3871.8
4.86E+09 0.0238 3867.79
4.91E+09 0.0232 3863.47
4.96E+09 0.0228 3859.39
