0.00E+00 -0.2061 3452.24
5.59E+07 0.1103 3443.98
7.21E+07 0.1382 3437.55
1.05E+08 0.1343 3423.49
1.67E+08 0.1187 3399.77
2.21E+08 0.1188 3378.66
2.65E+08 0.1116 3362.88
2.93E+08 0.1055 3353.41
3.12E+08 0.1011 3347.13
3.34E+08 0.0976 3340.55
3.61E+08 0.0934 3332.48
3.82E+08 0.0880 3326.61
4.00E+08 0.0853 3321.77
4.18E+08 0.0820 3317.11
4.36E+08 0.0786 3312.56
4.50E+08 0.0750 3309.27
4.66E+08 0.0744 3305.55
4.83E+08 0.0711 3301.76
4.97E+08 0.0698 3298.64
5.13E+08 0.0674 3295.13
5.29E+08 0.0662 3291.79
5.47E+08 0.0631 3288.19
5.65E+08 0.0613 3284.76
5.84E+08 0.0587 3281.27
6.05E+08 0.0559 3277.47
6.22E+08 0.0537 3274.5
6.42E+08 0.0522 3271.33
6.63E+08 0.0491 3267.92
6.84E+08 0.0469 3264.86
7.03E+08 0.0447 3262.07
7.23E+08 0.0421 3259.46
7.43E+08 0.0407 3256.87
7.64E+08 0.0385 3254.27
7.88E+08 0.0365 3251.38
8.16E+08 0.0342 3248.35
8.40E+08 0.0322 3245.9
8.63E+08 0.0303 3243.66
8.87E+08 0.0286 3241.44
9.16E+08 0.0266 3238.99
9.40E+08 0.0245 3237.04
9.65E+08 0.0236 3235.14
9.85E+08 0.0226 3233.74
1.00E+09 0.0219 3232.58
1.02E+09 0.0211 3231.35
1.04E+09 0.0211 3229.96
1.06E+09 0.0212 3228.65
1.08E+09 0.0204 3227.21
1.10E+09 0.0207 3226.31
1.12E+09 0.0197 3225.17
1.14E+09 0.0193 3223.82
1.16E+09 0.0192 3222.62
1.18E+09 0.0188 3221.5
1.20E+09 0.0182 3220.3
1.22E+09 0.0184 3219.25
1.24E+09 0.0180 3218.06
1.26E+09 0.0174 3216.9
1.28E+09 0.0174 3215.8
1.30E+09 0.0172 3214.65
1.32E+09 0.0173 3213.56
1.34E+09 0.0171 3212.34
1.37E+09 0.0167 3211.02
1.39E+09 0.0166 3209.91
1.41E+09 0.0163 3208.66
1.44E+09 0.0165 3207.34
1.46E+09 0.0161 3206.08
1.49E+09 0.0162 3204.78
1.51E+09 0.0163 3203.47
1.54E+09 0.0159 3202.27
1.56E+09 0.0162 3201.04
1.59E+09 0.0162 3199.83
1.61E+09 0.0159 3198.64
1.63E+09 0.0157 3197.45
1.66E+09 0.0157 3196.26
1.69E+09 0.0156 3194.98
1.71E+09 0.0159 3193.68
1.74E+09 0.0156 3192.43
1.77E+09 0.0153 3191.08
1.79E+09 0.0152 3189.84
1.82E+09 0.0152 3188.67
1.84E+09 0.0154 3187.34
1.87E+09 0.0154 3186.02
1.90E+09 0.0154 3184.76
1.93E+09 0.0150 3183.42
1.95E+09 0.0147 3182.13
1.98E+09 0.0146 3180.9
2.01E+09 0.0148 3179.64
2.04E+09 0.0146 3178.18
2.07E+09 0.0146 3176.86
2.10E+09 0.0149 3175.63
2.13E+09 0.0148 3174.34
2.15E+09 0.0145 3173.1
2.18E+09 0.0146 3172.06
2.20E+09 0.0147 3170.93
2.23E+09 0.0145 3169.68
2.26E+09 0.0146 3168.48
2.28E+09 0.0146 3167.31
2.31E+09 0.0142 3166
2.34E+09 0.0144 3164.73
2.37E+09 0.0142 3163.44
2.40E+09 0.0140 3162.02
2.43E+09 0.0138 3160.66
2.46E+09 0.0139 3159.43
2.49E+09 0.0136 3158.09
2.52E+09 0.0135 3156.74
2.55E+09 0.0140 3155.45
2.58E+09 0.0135 3154.18
2.61E+09 0.0134 3152.89
2.64E+09 0.0133 3151.57
2.68E+09 0.0132 3150.12
2.71E+09 0.0133 3148.94
2.74E+09 0.0133 3147.66
2.77E+09 0.0133 3146.29
2.80E+09 0.0130 3144.87
2.84E+09 0.0132 3143.5
2.87E+09 0.0133 3142.19
2.90E+09 0.0133 3140.96
2.94E+09 0.0128 3139.51
2.97E+09 0.0132 3138.12
3.00E+09 0.0130 3136.7
3.04E+09 0.0129 3135.2
3.08E+09 0.0133 3133.74
3.11E+09 0.0129 3132.26
3.15E+09 0.0129 3130.89
3.18E+09 0.0132 3129.65
3.21E+09 0.0130 3128.29
3.25E+09 0.0131 3126.82
3.28E+09 0.0129 3125.42
3.32E+09 0.0131 3124.07
3.35E+09 0.0133 3122.77
3.38E+09 0.0129 3121.31
3.42E+09 0.0130 3120.05
3.45E+09 0.0129 3118.63
3.48E+09 0.0131 3117.33
3.52E+09 0.0130 3115.89
3.55E+09 0.0131 3114.52
3.59E+09 0.0131 3113.08
3.62E+09 0.0129 3111.65
3.66E+09 0.0131 3110.28
3.69E+09 0.0132 3108.88
3.73E+09 0.0133 3107.43
3.76E+09 0.0134 3106.02
3.79E+09 0.0136 3104.77
3.82E+09 0.0134 3103.46
3.85E+09 0.0135 3102.1
3.89E+09 0.0136 3100.72
3.92E+09 0.0137 3099.27
3.96E+09 0.0134 3097.78
3.99E+09 0.0136 3096.39
4.02E+09 0.0134 3094.9
4.06E+09 0.0137 3093.5
4.09E+09 0.0138 3092.15
4.12E+09 0.0142 3090.8
4.15E+09 0.0139 3089.34
4.19E+09 0.0139 3087.86
4.22E+09 0.0142 3086.35
4.25E+09 0.0143 3084.95
4.29E+09 0.0142 3083.46
4.32E+09 0.0143 3081.95
4.36E+09 0.0143 3080.46
4.39E+09 0.0145 3078.91
4.43E+09 0.0144 3077.32
4.46E+09 0.0145 3075.87
4.49E+09 0.0144 3074.23
4.53E+09 0.0148 3072.75
4.56E+09 0.0145 3071.1
4.60E+09 0.0146 3069.47
4.63E+09 0.0147 3067.85
4.67E+09 0.0149 3066.3
4.70E+09 0.0150 3064.72
4.73E+09 0.0151 3063.17
4.77E+09 0.0150 3061.44
4.80E+09 0.0153 3060.01
4.84E+09 0.0152 3058.4
4.87E+09 0.0153 3056.74
4.90E+09 0.0152 3055.22
4.94E+09 0.0151 3053.61
4.97E+09 0.0152 3051.88
