0.00E+00 -0.1923 3388.78
4.44E+07 0.1157 3382.87
6.16E+07 0.1284 3375.99
1.06E+08 0.1254 3358.48
1.59E+08 0.1304 3338.97
2.18E+08 0.1155 3316.74
2.52E+08 0.1077 3304.76
2.73E+08 0.1053 3297.97
2.99E+08 0.0990 3289.69
3.19E+08 0.0965 3283.72
3.42E+08 0.0935 3277.09
3.62E+08 0.0888 3271.32
3.80E+08 0.0859 3266.52
3.98E+08 0.0827 3261.79
4.15E+08 0.0807 3257.69
4.30E+08 0.0782 3253.83
4.47E+08 0.0763 3249.97
4.62E+08 0.0743 3246.42
4.78E+08 0.0723 3242.88
4.95E+08 0.0698 3239.1
5.12E+08 0.0680 3235.44
5.28E+08 0.0658 3232.02
5.43E+08 0.0638 3229.06
5.59E+08 0.0617 3226.07
5.78E+08 0.0600 3222.51
5.97E+08 0.0569 3219.06
6.14E+08 0.0554 3216.09
6.35E+08 0.0529 3212.49
6.54E+08 0.0509 3209.57
6.74E+08 0.0483 3206.42
6.94E+08 0.0469 3203.57
7.15E+08 0.0449 3200.62
7.36E+08 0.0430 3197.75
7.56E+08 0.0415 3195.11
7.79E+08 0.0394 3192.26
7.99E+08 0.0378 3189.86
8.20E+08 0.0364 3187.45
8.43E+08 0.0347 3184.99
8.65E+08 0.0337 3182.68
8.85E+08 0.0319 3180.64
9.12E+08 0.0306 3178.02
9.36E+08 0.0294 3175.75
9.60E+08 0.0288 3173.58
9.81E+08 0.0280 3171.79
9.99E+08 0.0276 3170.22
1.02E+09 0.0274 3168.32
1.04E+09 0.0273 3166.58
1.06E+09 0.0272 3164.76
1.09E+09 0.0267 3162.88
1.11E+09 0.0264 3161.31
1.13E+09 0.0262 3159.54
1.15E+09 0.0262 3157.69
1.17E+09 0.0254 3156.18
1.19E+09 0.0249 3154.55
1.21E+09 0.0252 3153.06
1.23E+09 0.0248 3151.52
1.25E+09 0.0248 3150
1.27E+09 0.0248 3148.34
1.29E+09 0.0247 3146.58
1.32E+09 0.0241 3144.86
1.34E+09 0.0239 3143.26
1.36E+09 0.0243 3141.7
1.38E+09 0.0235 3140
1.41E+09 0.0236 3138.3
1.43E+09 0.0233 3136.82
1.45E+09 0.0232 3135.15
1.47E+09 0.0230 3133.6
1.49E+09 0.0237 3132.21
1.51E+09 0.0231 3130.68
1.54E+09 0.0230 3129.11
1.56E+09 0.0229 3127.62
1.58E+09 0.0228 3126.12
1.60E+09 0.0227 3124.42
1.62E+09 0.0226 3122.88
1.65E+09 0.0227 3121.32
1.67E+09 0.0230 3119.74
1.69E+09 0.0227 3118.09
1.72E+09 0.0224 3116.5
1.74E+09 0.0223 3114.93
1.76E+09 0.0220 3113.5
1.78E+09 0.0219 3111.88
1.81E+09 0.0217 3110.23
1.83E+09 0.0219 3108.53
1.86E+09 0.0219 3106.92
1.88E+09 0.0219 3105.26
1.91E+09 0.0215 3103.53
1.93E+09 0.0217 3101.97
1.96E+09 0.0217 3100.29
1.98E+09 0.0216 3098.65
2.01E+09 0.0213 3096.91
2.03E+09 0.0214 3095.27
2.06E+09 0.0211 3093.52
2.09E+09 0.0211 3091.74
2.11E+09 0.0209 3090.03
2.14E+09 0.0208 3088.35
2.16E+09 0.0207 3086.8
2.19E+09 0.0205 3085.33
2.21E+09 0.0205 3083.68
2.24E+09 0.0204 3081.96
2.27E+09 0.0203 3080.29
2.29E+09 0.0204 3078.65
2.32E+09 0.0204 3076.93
2.35E+09 0.0202 3075.27
2.37E+09 0.0203 3073.88
2.39E+09 0.0198 3072.57
2.41E+09 0.0202 3071.21
2.44E+09 0.0199 3069.66
2.46E+09 0.0200 3068.29
2.48E+09 0.0197 3066.73
2.51E+09 0.0198 3065.02
2.54E+09 0.0199 3063.45
2.57E+09 0.0195 3061.79
2.59E+09 0.0197 3060.36
2.62E+09 0.0191 3058.81
2.64E+09 0.0192 3057.18
2.67E+09 0.0196 3055.6
2.70E+09 0.0195 3053.88
2.72E+09 0.0191 3052.34
2.75E+09 0.0193 3050.95
2.77E+09 0.0192 3049.54
2.80E+09 0.0188 3048.07
2.82E+09 0.0192 3046.67
2.84E+09 0.0188 3045.21
2.87E+09 0.0189 3043.56
2.90E+09 0.0188 3042.05
2.93E+09 0.0186 3040.45
2.95E+09 0.0186 3038.97
2.98E+09 0.0184 3037.37
3.01E+09 0.0184 3035.75
3.04E+09 0.0186 3034.15
3.06E+09 0.0186 3032.64
3.09E+09 0.0186 3030.99
3.12E+09 0.0181 3029.33
3.15E+09 0.0181 3027.76
3.18E+09 0.0176 3026.25
3.21E+09 0.0179 3024.77
3.23E+09 0.0179 3023.41
3.26E+09 0.0179 3022.01
3.28E+09 0.0176 3020.61
3.31E+09 0.0175 3018.97
3.34E+09 0.0173 3017.34
3.37E+09 0.0172 3015.82
3.40E+09 0.0174 3014.25
3.43E+09 0.0168 3012.62
3.46E+09 0.0171 3011.09
3.49E+09 0.0169 3009.45
3.52E+09 0.0172 3007.96
3.55E+09 0.0173 3006.52
3.58E+09 0.0168 3004.92
3.61E+09 0.0167 3003.42
3.64E+09 0.0168 3001.85
3.67E+09 0.0168 3000.27
3.70E+09 0.0167 2998.67
3.73E+09 0.0167 2997.13
3.76E+09 0.0169 2995.68
3.79E+09 0.0169 2994.13
3.81E+09 0.0169 2992.68
3.84E+09 0.0171 2991.19
3.87E+09 0.0168 2989.66
3.90E+09 0.0167 2988.05
3.93E+09 0.0167 2986.53
3.96E+09 0.0164 2984.92
4.00E+09 0.0167 2983.32
4.03E+09 0.0168 2981.64
4.06E+09 0.0164 2980.04
4.09E+09 0.0169 2978.52
4.12E+09 0.0167 2976.89
4.15E+09 0.0167 2975.25
4.18E+09 0.0169 2973.65
4.21E+09 0.0168 2972.05
4.25E+09 0.0167 2970.42
4.28E+09 0.0169 2968.72
4.31E+09 0.0170 2967.06
4.34E+09 0.0172 2965.5
4.37E+09 0.0171 2963.86
4.40E+09 0.0172 2962.24
4.43E+09 0.0169 2960.77
4.46E+09 0.0172 2959.2
4.49E+09 0.0170 2957.64
4.52E+09 0.0173 2955.96
4.55E+09 0.0173 2954.38
4.58E+09 0.0171 2952.81
4.61E+09 0.0176 2951.16
4.64E+09 0.0173 2949.36
4.68E+09 0.0172 2947.6
4.71E+09 0.0175 2945.85
4.74E+09 0.0171 2944.11
4.78E+09 0.0175 2942.4
4.81E+09 0.0174 2940.64
4.84E+09 0.0177 2938.92
4.87E+09 0.0179 2937.16
4.91E+09 0.0175 2935.33
4.94E+09 0.0175 2933.68
4.97E+09 0.0172 2931.89
5.00E+09 0.0176 2930.27
