0.00E+00 -0.5099 4965.73
1.74E+08 0.1320 4895.01
1.85E+08 0.1613 4888.74
1.96E+08 0.1781 4881.42
2.22E+08 0.1652 4865.25
2.54E+08 0.1931 4842.2
3.17E+08 0.2015 4793.63
4.16E+08 0.2031 4716.4
5.22E+08 0.1810 4638.81
5.76E+08 0.1875 4602.7
6.06E+08 0.1820 4581.16
6.36E+08 0.1796 4560.68
6.60E+08 0.1889 4543.55
6.82E+08 0.1817 4528.59
7.01E+08 0.1760 4515.6
7.17E+08 0.1662 4505.09
7.33E+08 0.1607 4495.21
7.52E+08 0.1649 4483.76
7.81E+08 0.1709 4465.11
8.06E+08 0.1663 4449.22
8.25E+08 0.1607 4437.24
8.37E+08 0.1606 4429.78
8.52E+08 0.1571 4421.13
8.64E+08 0.1544 4413.48
8.80E+08 0.1428 4404.64
8.96E+08 0.1486 4395.66
9.18E+08 0.1512 4383.34
9.36E+08 0.1458 4373.46
9.52E+08 0.1349 4364.56
9.66E+08 0.1260 4357.7
9.85E+08 0.1205 4349.12
1.00E+09 0.1419 4341.13
1.02E+09 0.1357 4333.25
1.05E+09 0.1340 4316.51
1.09E+09 0.1280 4297.82
1.11E+09 0.1124 4286.35
1.13E+09 0.1119 4277.37
1.15E+09 0.1104 4268.26
1.17E+09 0.0969 4261.07
1.19E+09 0.1079 4253.42
1.21E+09 0.1155 4245.01
1.23E+09 0.1080 4235.67
1.25E+09 0.1061 4228.08
1.27E+09 0.1014 4221.21
1.29E+09 0.0946 4214.17
1.30E+09 0.0949 4209.31
1.32E+09 0.1000 4202.29
1.34E+09 0.1001 4194.24
1.36E+09 0.0976 4187.19
1.38E+09 0.0916 4179.74
1.40E+09 0.0921 4173.86
1.41E+09 0.0850 4169.14
1.43E+09 0.0979 4162.68
1.45E+09 0.0886 4154.67
1.47E+09 0.0925 4148.32
1.49E+09 0.0917 4140.98
1.51E+09 0.0876 4135.27
1.53E+09 0.0869 4128.34
1.55E+09 0.0848 4121.4
1.57E+09 0.0807 4116.57
1.58E+09 0.0723 4112.87
1.60E+09 0.0824 4107.94
1.62E+09 0.0821 4101.93
1.63E+09 0.0794 4096.09
1.65E+09 0.0799 4090.58
1.67E+09 0.0800 4084.49
1.69E+09 0.0750 4078.97
1.71E+09 0.0704 4075.04
1.73E+09 0.0732 4069.94
1.74E+09 0.0738 4064.59
1.77E+09 0.0782 4058.53
1.79E+09 0.0752 4052.96
1.80E+09 0.0759 4047.43
1.82E+09 0.0712 4042.58
1.84E+09 0.0640 4038.41
1.86E+09 0.0744 4033.39
1.88E+09 0.0746 4027.77
1.90E+09 0.0689 4022.47
1.92E+09 0.0673 4017.41
1.94E+09 0.0591 4012.83
1.96E+09 0.0647 4007.77
1.97E+09 0.0591 4004
1.99E+09 0.0613 3999.8
2.01E+09 0.0659 3994.91
2.03E+09 0.0590 3989.78
2.05E+09 0.0584 3985.94
2.07E+09 0.0618 3980.97
2.09E+09 0.0543 3976.55
2.12E+09 0.0637 3971.74
2.14E+09 0.0589 3966.6
2.16E+09 0.0542 3962.23
2.18E+09 0.0618 3957.37
2.20E+09 0.0568 3952.98
2.22E+09 0.0538 3948.4
2.25E+09 0.0496 3943.48
2.27E+09 0.0498 3939.73
2.29E+09 0.0534 3935.32
2.32E+09 0.0537 3930.13
2.34E+09 0.0515 3925.91
2.36E+09 0.0512 3920.97
2.39E+09 0.0561 3916
2.41E+09 0.0524 3911.26
2.43E+09 0.0480 3907.28
2.45E+09 0.0398 3903.81
2.48E+09 0.0442 3899.67
2.50E+09 0.0476 3895.4
2.53E+09 0.0497 3890.93
2.55E+09 0.0471 3886.53
2.57E+09 0.0444 3882.49
2.60E+09 0.0458 3877.25
2.63E+09 0.0497 3872.37
2.66E+09 0.0466 3867.74
2.68E+09 0.0418 3862.87
2.71E+09 0.0416 3858.27
2.74E+09 0.0429 3853.6
2.77E+09 0.0420 3848.73
2.81E+09 0.0383 3843.56
2.84E+09 0.0376 3838.94
2.87E+09 0.0391 3834.35
2.90E+09 0.0387 3830.15
2.93E+09 0.0378 3825.67
2.96E+09 0.0351 3821.44
2.99E+09 0.0344 3817.67
3.02E+09 0.0374 3813.06
3.05E+09 0.0331 3809.17
3.08E+09 0.0320 3805.66
3.11E+09 0.0361 3801.14
3.15E+09 0.0364 3795.39
3.19E+09 0.0328 3790.87
3.22E+09 0.0284 3786.74
3.26E+09 0.0302 3782.89
3.29E+09 0.0305 3778.73
3.33E+09 0.0309 3774.6
3.37E+09 0.0288 3770.45
3.41E+09 0.0287 3765.98
3.45E+09 0.0344 3761.59
3.49E+09 0.0302 3756.26
3.53E+09 0.0269 3752.15
3.57E+09 0.0246 3748.24
3.60E+09 0.0263 3744.79
3.64E+09 0.0294 3740.67
3.68E+09 0.0271 3736.14
3.72E+09 0.0268 3731.97
3.77E+09 0.0258 3727.74
3.80E+09 0.0261 3724.25
3.84E+09 0.0205 3720.91
3.88E+09 0.0229 3717.86
3.92E+09 0.0204 3714.76
3.95E+09 0.0224 3711.62
4.00E+09 0.0244 3707.62
4.03E+09 0.0222 3704.29
4.08E+09 0.0182 3701.09
4.12E+09 0.0212 3698.13
4.16E+09 0.0180 3695.09
4.20E+09 0.0188 3692.08
4.24E+09 0.0175 3689.33
4.28E+09 0.0211 3686.16
4.32E+09 0.0185 3683.06
4.37E+09 0.0196 3679.98
4.41E+09 0.0183 3676.95
4.45E+09 0.0174 3674.1
4.49E+09 0.0157 3671.55
4.53E+09 0.0183 3668.9
4.58E+09 0.0184 3665.86
4.61E+09 0.0167 3663.31
4.66E+09 0.0175 3660.66
4.70E+09 0.0149 3657.81
4.75E+09 0.0158 3655.07
4.79E+09 0.0156 3652.32
4.84E+09 0.0155 3649.61
4.89E+09 0.0156 3646.79
4.93E+09 0.0147 3644.28
4.98E+09 0.0140 3641.72
