0.00E+00 -0.3557 4222.45
3.73E+07 0.1902 4213.52
4.37E+07 0.2244 4210.07
4.91E+07 0.2461 4206.8
5.82E+07 0.2571 4200.76
7.12E+07 0.2525 4192.32
9.72E+07 0.2304 4175.91
1.26E+08 0.2232 4159.41
1.48E+08 0.2145 4146.92
1.68E+08 0.2285 4135.46
1.86E+08 0.2370 4124.25
2.00E+08 0.2299 4115.52
2.11E+08 0.2297 4108.95
2.22E+08 0.2245 4102.88
2.33E+08 0.2205 4096.24
2.41E+08 0.2157 4091.65
2.51E+08 0.2123 4086.46
2.60E+08 0.2098 4081.62
2.69E+08 0.2046 4076.89
2.78E+08 0.2006 4072.08
2.86E+08 0.1986 4067.68
2.96E+08 0.1974 4062.78
3.04E+08 0.1949 4058.48
3.13E+08 0.1925 4053.9
3.21E+08 0.1894 4050.19
3.28E+08 0.1864 4046.69
3.36E+08 0.1845 4042.89
3.44E+08 0.1811 4038.99
3.51E+08 0.1799 4035.72
3.58E+08 0.1774 4032.44
3.65E+08 0.1749 4029.41
3.73E+08 0.1731 4026.05
3.80E+08 0.1697 4022.83
3.86E+08 0.1686 4019.96
3.94E+08 0.1652 4016.76
4.02E+08 0.1638 4013.28
4.12E+08 0.1615 4009.27
4.21E+08 0.1585 4005.52
4.28E+08 0.1552 4002.55
4.36E+08 0.1537 3999.22
4.44E+08 0.1518 3996.21
4.52E+08 0.1489 3993.24
4.61E+08 0.1468 3989.78
4.69E+08 0.1446 3986.7
4.78E+08 0.1423 3983.45
4.86E+08 0.1404 3980.41
4.96E+08 0.1368 3976.96
5.05E+08 0.1346 3973.74
5.13E+08 0.1337 3970.74
5.23E+08 0.1317 3967.6
5.33E+08 0.1290 3964.14
5.42E+08 0.1263 3961.19
5.51E+08 0.1242 3958.1
5.60E+08 0.1226 3955.23
5.68E+08 0.1209 3952.88
5.77E+08 0.1193 3950.15
5.85E+08 0.1175 3947.63
5.93E+08 0.1164 3945.3
6.01E+08 0.1156 3942.82
6.09E+08 0.1141 3940.35
6.17E+08 0.1136 3938.1
6.25E+08 0.1119 3935.7
6.33E+08 0.1120 3933.51
6.41E+08 0.1110 3931.17
6.47E+08 0.1098 3929.34
6.53E+08 0.1092 3927.61
6.60E+08 0.1102 3925.65
6.66E+08 0.1095 3923.9
6.73E+08 0.1089 3921.98
6.80E+08 0.1078 3920.07
6.87E+08 0.1083 3918.19
6.93E+08 0.1080 3916.44
7.01E+08 0.1078 3914.26
7.08E+08 0.1074 3912.22
7.16E+08 0.1062 3910.24
7.22E+08 0.1056 3908.47
7.28E+08 0.1039 3906.81
7.34E+08 0.1052 3905.31
7.39E+08 0.1027 3903.83
7.44E+08 0.1037 3902.47
7.50E+08 0.1034 3900.83
7.56E+08 0.1035 3899.27
7.63E+08 0.1037 3897.58
7.70E+08 0.1024 3895.63
7.77E+08 0.1024 3893.82
7.85E+08 0.1018 3891.6
7.93E+08 0.1015 3889.67
8.00E+08 0.1007 3887.7
8.08E+08 0.1006 3885.74
8.14E+08 0.1004 3884.09
8.21E+08 0.0999 3882.17
8.29E+08 0.0996 3880.32
8.37E+08 0.0986 3878.23
8.44E+08 0.0995 3876.28
8.53E+08 0.0983 3874
8.63E+08 0.0987 3871.63
8.72E+08 0.0968 3869.26
8.81E+08 0.0977 3867.11
8.88E+08 0.0978 3865.21
8.97E+08 0.0965 3863.05
9.06E+08 0.0961 3860.7
9.15E+08 0.0954 3858.53
9.24E+08 0.0954 3856.46
9.32E+08 0.0950 3854.41
9.40E+08 0.0949 3852.44
9.49E+08 0.0939 3850.2
9.58E+08 0.0944 3848.12
9.66E+08 0.0935 3846.02
9.76E+08 0.0932 3843.82
9.85E+08 0.0928 3841.56
9.94E+08 0.0924 3839.38
1.00E+09 0.0924 3837.37
1.01E+09 0.0924 3835.4
1.02E+09 0.0915 3833.26
1.03E+09 0.0916 3831.27
1.04E+09 0.0912 3829.27
1.05E+09 0.0906 3827.3
1.05E+09 0.0914 3825.33
1.06E+09 0.0897 3823.06
1.07E+09 0.0902 3820.93
1.08E+09 0.0894 3818.61
1.09E+09 0.0894 3816.75
1.10E+09 0.0897 3814.69
1.11E+09 0.0888 3812.33
1.12E+09 0.0886 3809.9
1.13E+09 0.0888 3807.58
1.14E+09 0.0872 3805.54
1.15E+09 0.0882 3803.61
1.16E+09 0.0877 3801.31
1.17E+09 0.0872 3799.38
1.18E+09 0.0867 3797.36
1.18E+09 0.0865 3795.31
1.19E+09 0.0857 3793.35
1.20E+09 0.0854 3791.27
1.21E+09 0.0853 3789.12
1.22E+09 0.0855 3786.98
1.23E+09 0.0846 3784.64
1.24E+09 0.0843 3782.31
1.25E+09 0.0840 3780.14
1.26E+09 0.0844 3777.83
1.27E+09 0.0831 3775.8
1.28E+09 0.0834 3773.97
1.29E+09 0.0826 3771.71
1.30E+09 0.0823 3769.76
1.31E+09 0.0822 3767.55
1.32E+09 0.0818 3765.54
1.33E+09 0.0814 3763.6
1.34E+09 0.0809 3761.75
1.35E+09 0.0807 3759.65
1.36E+09 0.0806 3757.72
1.37E+09 0.0798 3755.69
1.38E+09 0.0798 3753.53
1.39E+09 0.0799 3751.5
1.40E+09 0.0788 3749.91
1.41E+09 0.0798 3747.94
1.42E+09 0.0787 3745.89
1.43E+09 0.0784 3743.66
1.44E+09 0.0773 3741.72
1.45E+09 0.0768 3739.76
1.46E+09 0.0775 3737.95
1.47E+09 0.0770 3736.1
1.48E+09 0.0772 3734.11
1.49E+09 0.0770 3732.04
1.50E+09 0.0771 3730.11
1.51E+09 0.0762 3727.96
1.52E+09 0.0760 3726.06
1.52E+09 0.0750 3724.39
1.53E+09 0.0751 3722.48
1.55E+09 0.0749 3720.47
1.56E+09 0.0751 3718.48
1.57E+09 0.0750 3716.26
1.58E+09 0.0755 3714.04
1.59E+09 0.0741 3711.83
1.60E+09 0.0737 3709.58
1.61E+09 0.0735 3707.47
1.62E+09 0.0730 3705.31
1.63E+09 0.0726 3703.34
1.65E+09 0.0717 3701.07
1.66E+09 0.0717 3699
1.67E+09 0.0717 3696.79
1.68E+09 0.0709 3694.96
1.69E+09 0.0714 3693.16
1.70E+09 0.0709 3691.1
1.71E+09 0.0709 3688.99
1.72E+09 0.0708 3686.85
1.74E+09 0.0703 3684.41
1.75E+09 0.0697 3682.2
1.76E+09 0.0692 3680.38
1.77E+09 0.0692 3678.75
1.78E+09 0.0691 3676.9
1.79E+09 0.0689 3674.71
1.80E+09 0.0685 3672.67
1.82E+09 0.0675 3670.54
1.83E+09 0.0671 3668.55
1.84E+09 0.0673 3666.48
1.85E+09 0.0666 3664.27
1.86E+09 0.0666 3662.26
1.87E+09 0.0663 3660.39
1.88E+09 0.0665 3658.44
1.90E+09 0.0661 3656.46
1.91E+09 0.0663 3654.26
1.92E+09 0.0650 3652.12
1.93E+09 0.0647 3650.15
1.95E+09 0.0645 3648.13
1.96E+09 0.0639 3645.99
1.97E+09 0.0641 3644.06
1.98E+09 0.0639 3642.2
1.99E+09 0.0640 3640.33
2.01E+09 0.0626 3638.15
2.02E+09 0.0625 3636.1
2.03E+09 0.0634 3634.42
2.04E+09 0.0623 3632.27
2.06E+09 0.0621 3630.2
2.07E+09 0.0618 3628.3
2.08E+09 0.0615 3626.06
2.10E+09 0.0609 3623.91
2.11E+09 0.0610 3621.69
2.12E+09 0.0598 3619.53
2.14E+09 0.0605 3617.59
2.15E+09 0.0599 3615.41
2.16E+09 0.0597 3613.25
2.18E+09 0.0595 3611.17
2.19E+09 0.0591 3609.16
2.20E+09 0.0593 3607.09
2.22E+09 0.0587 3605.04
2.23E+09 0.0582 3603.09
2.24E+09 0.0578 3601.23
2.25E+09 0.0568 3599.38
2.27E+09 0.0571 3597.49
2.28E+09 0.0572 3595.69
2.29E+09 0.0572 3593.92
2.30E+09 0.0573 3592.05
2.32E+09 0.0571 3590.07
2.33E+09 0.0567 3588.14
2.35E+09 0.0561 3586.1
2.36E+09 0.0556 3584.13
2.37E+09 0.0554 3582.33
2.39E+09 0.0554 3580.21
2.40E+09 0.0549 3578.2
2.41E+09 0.0539 3576.28
2.43E+09 0.0545 3574.68
2.44E+09 0.0535 3572.8
2.45E+09 0.0538 3571.06
2.47E+09 0.0543 3568.98
2.48E+09 0.0529 3567.01
2.49E+09 0.0525 3565.16
2.51E+09 0.0527 3563.27
2.52E+09 0.0525 3561.21
2.54E+09 0.0524 3559.12
2.55E+09 0.0520 3557.17
2.57E+09 0.0521 3555.11
2.59E+09 0.0513 3552.81
2.60E+09 0.0509 3550.81
2.62E+09 0.0506 3548.7
2.63E+09 0.0499 3546.69
2.65E+09 0.0497 3544.49
2.66E+09 0.0493 3542.63
2.68E+09 0.0495 3540.53
2.69E+09 0.0496 3538.61
2.71E+09 0.0496 3536.67
2.73E+09 0.0488 3534.65
2.74E+09 0.0486 3532.77
2.76E+09 0.0484 3530.79
2.77E+09 0.0485 3528.9
2.79E+09 0.0482 3526.82
2.80E+09 0.0481 3524.78
2.82E+09 0.0477 3522.84
2.84E+09 0.0475 3520.69
2.85E+09 0.0471 3518.75
2.87E+09 0.0467 3517.01
2.88E+09 0.0469 3515.23
2.90E+09 0.0463 3513.29
2.91E+09 0.0464 3511.47
2.93E+09 0.0462 3509.65
2.95E+09 0.0456 3507.79
2.96E+09 0.0455 3505.97
2.98E+09 0.0452 3504.01
2.99E+09 0.0453 3502.16
3.01E+09 0.0446 3500.32
3.03E+09 0.0448 3498.4
3.04E+09 0.0440 3496.48
3.06E+09 0.0438 3494.57
3.08E+09 0.0438 3492.6
3.09E+09 0.0437 3490.81
3.11E+09 0.0426 3488.88
3.13E+09 0.0431 3486.95
3.15E+09 0.0429 3484.96
3.16E+09 0.0428 3483.01
3.18E+09 0.0427 3481.14
3.20E+09 0.0423 3479.18
3.22E+09 0.0419 3477.13
3.24E+09 0.0417 3475.19
3.25E+09 0.0413 3473.45
3.27E+09 0.0412 3471.7
3.29E+09 0.0414 3469.81
3.30E+09 0.0405 3467.86
3.32E+09 0.0402 3466.02
3.34E+09 0.0400 3464.15
3.36E+09 0.0400 3461.98
3.38E+09 0.0398 3460.02
3.40E+09 0.0393 3458.13
3.42E+09 0.0391 3456.26
3.44E+09 0.0390 3454.32
3.45E+09 0.0388 3452.64
3.47E+09 0.0387 3450.73
3.49E+09 0.0383 3448.78
3.51E+09 0.0384 3446.98
3.53E+09 0.0380 3444.96
3.55E+09 0.0378 3443.11
3.57E+09 0.0371 3441.13
3.59E+09 0.0373 3439.39
3.61E+09 0.0371 3437.53
3.63E+09 0.0371 3435.66
3.65E+09 0.0368 3433.85
3.66E+09 0.0363 3432
3.68E+09 0.0365 3430.12
3.71E+09 0.0365 3428.14
3.73E+09 0.0363 3426.17
3.75E+09 0.0354 3424.3
3.77E+09 0.0356 3422.61
3.78E+09 0.0354 3420.87
3.80E+09 0.0351 3419.11
3.82E+09 0.0350 3417.38
3.84E+09 0.0343 3415.48
3.86E+09 0.0343 3413.87
3.88E+09 0.0343 3412.1
3.90E+09 0.0341 3410.33
3.92E+09 0.0337 3408.62
3.94E+09 0.0336 3406.79
3.97E+09 0.0332 3404.79
3.99E+09 0.0330 3402.9
4.01E+09 0.0328 3401.15
4.03E+09 0.0327 3399.28
4.05E+09 0.0327 3397.33
4.08E+09 0.0319 3395.44
4.10E+09 0.0321 3393.77
4.12E+09 0.0320 3391.9
4.14E+09 0.0317 3390
4.16E+09 0.0316 3388.27
4.19E+09 0.0312 3386.58
4.21E+09 0.0316 3384.82
4.23E+09 0.0310 3383
4.25E+09 0.0306 3381.2
4.27E+09 0.0303 3379.57
4.30E+09 0.0304 3377.78
4.32E+09 0.0300 3376.05
4.34E+09 0.0301 3374.44
4.36E+09 0.0298 3372.73
4.38E+09 0.0298 3371.09
4.40E+09 0.0296 3369.39
4.43E+09 0.0295 3367.63
4.45E+09 0.0290 3366.03
4.47E+09 0.0285 3364.33
4.49E+09 0.0289 3362.68
4.52E+09 0.0287 3361.11
4.54E+09 0.0284 3359.3
4.56E+09 0.0281 3357.61
4.59E+09 0.0282 3355.88
4.61E+09 0.0281 3354.26
4.63E+09 0.0277 3352.65
4.65E+09 0.0277 3350.99
4.68E+09 0.0276 3349.25
4.70E+09 0.0273 3347.52
4.73E+09 0.0270 3345.81
4.75E+09 0.0270 3344.27
4.77E+09 0.0265 3342.54
4.80E+09 0.0266 3340.95
4.82E+09 0.0266 3339.4
4.84E+09 0.0266 3337.68
4.87E+09 0.0262 3335.91
4.90E+09 0.0258 3334.19
4.92E+09 0.0256 3332.66
4.94E+09 0.0258 3330.97
4.97E+09 0.0250 3329.15
4.99E+09 0.0256 3327.72
