0.00E+00 -0.3657 4305.34
4.56E+07 0.2208 4284.55
6.18E+07 0.2558 4269.78
7.62E+07 0.2495 4256.4
9.70E+07 0.2396 4237.83
1.28E+08 0.2321 4210.97
1.66E+08 0.2226 4179.34
2.13E+08 0.2396 4137.8
2.66E+08 0.2295 4092.38
3.01E+08 0.2167 4063.23
3.28E+08 0.2058 4041.93
3.51E+08 0.1966 4024.77
3.66E+08 0.1920 4014.07
3.84E+08 0.1851 4001.72
4.03E+08 0.1820 3988.3
4.20E+08 0.1750 3977.54
4.33E+08 0.1713 3969.15
4.43E+08 0.1704 3962.38
4.60E+08 0.1639 3952.18
4.74E+08 0.1601 3943.58
4.88E+08 0.1559 3935.5
5.01E+08 0.1537 3927.84
5.16E+08 0.1517 3919.33
5.31E+08 0.1481 3911.11
5.43E+08 0.1440 3904.19
5.59E+08 0.1416 3896.01
5.74E+08 0.1382 3887.74
5.86E+08 0.1363 3881.99
5.98E+08 0.1312 3875.87
6.10E+08 0.1312 3870.16
6.24E+08 0.1239 3863.72
6.37E+08 0.1236 3857.36
6.49E+08 0.1203 3851.84
6.64E+08 0.1175 3845.63
6.78E+08 0.1143 3839.59
6.93E+08 0.1115 3833.05
7.10E+08 0.1073 3826.1
7.25E+08 0.1043 3820.43
7.37E+08 0.1022 3815.52
7.55E+08 0.0986 3809.03
7.70E+08 0.0964 3803.35
7.84E+08 0.0937 3798.47
8.04E+08 0.0915 3791.73
8.22E+08 0.0859 3785.86
8.32E+08 0.0866 3782.4
8.47E+08 0.0826 3777.77
8.67E+08 0.0804 3771.87
8.86E+08 0.0776 3766.31
9.08E+08 0.0751 3760.03
9.28E+08 0.0718 3754.42
9.49E+08 0.0678 3748.99
9.73E+08 0.0658 3743.09
9.91E+08 0.0627 3738.74
1.01E+09 0.0615 3734.99
1.03E+09 0.0591 3730.47
1.04E+09 0.0570 3727.5
1.06E+09 0.0568 3724.09
1.08E+09 0.0558 3720.36
1.09E+09 0.0563 3716.84
1.11E+09 0.0550 3713.36
1.13E+09 0.0540 3709.46
1.15E+09 0.0530 3705.67
1.16E+09 0.0521 3702.49
1.18E+09 0.0520 3699.33
1.20E+09 0.0503 3695.49
1.22E+09 0.0510 3691.86
1.24E+09 0.0507 3688.54
1.25E+09 0.0491 3685.86
1.27E+09 0.0506 3682.95
1.28E+09 0.0494 3680.46
1.30E+09 0.0497 3677.55
1.31E+09 0.0493 3674.33
1.33E+09 0.0499 3671.43
1.34E+09 0.0498 3668.54
1.36E+09 0.0488 3665.19
1.38E+09 0.0490 3661.65
1.40E+09 0.0487 3658.25
1.42E+09 0.0474 3654.53
1.44E+09 0.0468 3651.44
1.46E+09 0.0473 3648.14
1.48E+09 0.0465 3644.25
1.50E+09 0.0461 3640.65
1.52E+09 0.0453 3637.19
1.55E+09 0.0443 3633.31
1.57E+09 0.0433 3629.74
1.59E+09 0.0438 3626.7
1.61E+09 0.0436 3623.05
1.63E+09 0.0430 3619.34
1.66E+09 0.0412 3615.6
1.68E+09 0.0416 3611.99
1.70E+09 0.0406 3608.69
1.72E+09 0.0400 3605.3
1.75E+09 0.0397 3601.7
1.77E+09 0.0391 3598.19
1.80E+09 0.0390 3594.67
1.82E+09 0.0382 3591.07
1.84E+09 0.0388 3587.64
1.87E+09 0.0374 3584.04
1.89E+09 0.0370 3580.8
1.92E+09 0.0369 3577.04
1.95E+09 0.0351 3573.33
1.97E+09 0.0346 3570.05
2.00E+09 0.0344 3566.51
2.03E+09 0.0342 3563.42
2.05E+09 0.0335 3559.85
2.08E+09 0.0330 3556.48
2.11E+09 0.0327 3553.24
2.14E+09 0.0323 3549.75
2.16E+09 0.0312 3546.46
2.19E+09 0.0316 3543.1
2.22E+09 0.0305 3539.79
2.25E+09 0.0299 3536.53
2.28E+09 0.0303 3533.17
2.31E+09 0.0294 3529.62
2.34E+09 0.0292 3526.55
2.37E+09 0.0288 3523.29
2.41E+09 0.0284 3519.74
2.44E+09 0.0279 3516.53
2.47E+09 0.0270 3513.42
2.50E+09 0.0272 3510.28
2.53E+09 0.0269 3507.07
2.56E+09 0.0258 3503.79
2.60E+09 0.0256 3500.83
2.63E+09 0.0254 3497.61
2.66E+09 0.0249 3494.48
2.70E+09 0.0244 3491.38
2.73E+09 0.0242 3488.44
2.77E+09 0.0233 3485.21
2.80E+09 0.0231 3482.05
2.84E+09 0.0230 3479.17
2.87E+09 0.0219 3476.05
2.91E+09 0.0219 3473.3
2.94E+09 0.0216 3470.26
2.98E+09 0.0214 3467.43
3.02E+09 0.0205 3464.18
3.06E+09 0.0205 3460.99
3.10E+09 0.0202 3458.03
3.14E+09 0.0203 3455.2
3.17E+09 0.0197 3452.61
3.21E+09 0.0190 3450.01
3.25E+09 0.0190 3447.17
3.29E+09 0.0184 3444.16
3.33E+09 0.0181 3441.47
3.37E+09 0.0181 3438.72
3.41E+09 0.0180 3436
3.46E+09 0.0174 3433.2
3.50E+09 0.0166 3430.34
3.55E+09 0.0168 3427.5
3.59E+09 0.0170 3424.74
3.63E+09 0.0163 3422.03
3.68E+09 0.0163 3419.45
3.72E+09 0.0162 3416.87
3.77E+09 0.0157 3414.07
3.81E+09 0.0156 3411.56
3.86E+09 0.0152 3408.72
3.91E+09 0.0148 3405.85
3.95E+09 0.0149 3403.37
4.00E+09 0.0142 3400.95
4.05E+09 0.0145 3398.29
4.10E+09 0.0141 3395.77
4.15E+09 0.0140 3393.05
4.20E+09 0.0135 3390.27
4.25E+09 0.0137 3387.73
4.30E+09 0.0130 3385.22
4.35E+09 0.0128 3382.91
4.40E+09 0.0132 3380.43
4.45E+09 0.0130 3377.92
4.51E+09 0.0128 3375.35
4.56E+09 0.0127 3372.83
4.62E+09 0.0122 3370.23
4.67E+09 0.0123 3367.73
4.73E+09 0.0126 3365.19
4.79E+09 0.0115 3362.58
4.85E+09 0.0117 3360.18
4.90E+09 0.0117 3357.76
4.96E+09 0.0115 3355.24
