0.00E+00 -0.6524 5606.61
2.10E+08 0.1863 5446.35
2.75E+08 0.1735 5393.2
3.26E+08 0.1683 5353.17
3.76E+08 0.1597 5316.14
4.24E+08 0.1496 5281.09
4.62E+08 0.1482 5254.61
4.98E+08 0.1457 5229.8
5.29E+08 0.1475 5209.09
5.41E+08 0.1760 5200.52
5.48E+08 0.1991 5194.59
5.59E+08 0.2310 5182.82
5.82E+08 0.1984 5159.41
6.09E+08 0.1894 5135.79
6.45E+08 0.2026 5103.03
6.85E+08 0.2247 5063.01
7.12E+08 0.2160 5034.64
7.73E+08 0.1913 4978.92
8.24E+08 0.2121 4931.48
8.97E+08 0.1927 4859.58
1.00E+09 0.1655 4771.62
1.09E+09 0.1437 4709.27
1.17E+09 0.1392 4660.16
1.22E+09 0.1402 4621.63
1.29E+09 0.1437 4575.27
1.34E+09 0.1391 4542.9
1.37E+09 0.1369 4523.72
1.40E+09 0.1235 4503.63
1.43E+09 0.1191 4488.8
1.46E+09 0.1288 4472.72
1.48E+09 0.1089 4456.96
1.51E+09 0.1061 4446.15
1.53E+09 0.1134 4434.84
1.55E+09 0.1011 4423.01
1.57E+09 0.1036 4413.75
1.59E+09 0.1118 4403.26
1.61E+09 0.1055 4392.88
1.64E+09 0.1150 4379.54
1.66E+09 0.1082 4370.3
1.68E+09 0.1048 4358.78
1.70E+09 0.0954 4348.44
1.72E+09 0.0900 4340.57
1.75E+09 0.0923 4330.51
1.77E+09 0.0961 4319.66
1.79E+09 0.0963 4310.55
1.82E+09 0.0968 4299.1
1.84E+09 0.0885 4289.71
1.86E+09 0.0811 4279.16
1.88E+09 0.0796 4271.46
1.91E+09 0.0888 4260.61
1.94E+09 0.0854 4250.55
1.96E+09 0.0798 4240.91
1.98E+09 0.0849 4231.65
2.02E+09 0.0748 4220.29
2.04E+09 0.0827 4211.96
2.07E+09 0.0766 4201.11
2.09E+09 0.0747 4192.56
2.12E+09 0.0765 4181.89
2.15E+09 0.0677 4172.92
2.17E+09 0.0746 4165.15
2.20E+09 0.0694 4154.67
2.23E+09 0.0689 4145.54
2.26E+09 0.0668 4136.67
2.28E+09 0.0604 4129.07
2.31E+09 0.0685 4120.44
2.34E+09 0.0601 4111.6
2.38E+09 0.0637 4102.07
2.41E+09 0.0609 4093.69
2.44E+09 0.0574 4085.05
2.47E+09 0.0577 4075.65
2.50E+09 0.0565 4068
2.53E+09 0.0528 4061.35
2.56E+09 0.0576 4052.07
2.59E+09 0.0519 4044.63
2.63E+09 0.0471 4035.92
2.66E+09 0.0486 4030.06
2.69E+09 0.0478 4022.19
2.73E+09 0.0456 4014.33
2.77E+09 0.0488 4005.48
2.81E+09 0.0422 3997.53
2.84E+09 0.0403 3991.39
2.87E+09 0.0472 3984.86
2.91E+09 0.0393 3977.83
2.95E+09 0.0394 3970.4
2.98E+09 0.0399 3964.22
3.01E+09 0.0384 3958.16
3.05E+09 0.0362 3951.45
3.09E+09 0.0329 3944.95
3.14E+09 0.0360 3937.21
3.18E+09 0.0324 3930.93
3.23E+09 0.0355 3923.52
3.26E+09 0.0312 3918.17
3.32E+09 0.0299 3910.74
3.36E+09 0.0297 3904.63
3.41E+09 0.0284 3897.99
3.46E+09 0.0261 3891.98
3.49E+09 0.0301 3887.07
3.55E+09 0.0270 3880.54
3.60E+09 0.0240 3873.93
3.66E+09 0.0246 3867.8
3.70E+09 0.0235 3862.39
3.77E+09 0.0237 3855.53
3.83E+09 0.0223 3848.53
3.88E+09 0.0225 3843.43
3.93E+09 0.0213 3838.23
3.99E+09 0.0179 3832.51
4.05E+09 0.0148 3828.29
4.09E+09 0.0180 3824.85
4.15E+09 0.0181 3819.7
4.22E+09 0.0159 3814.63
4.27E+09 0.0168 3810.68
4.34E+09 0.0154 3805.73
4.39E+09 0.0165 3801.62
4.46E+09 0.0156 3796.51
4.53E+09 0.0149 3791.48
4.60E+09 0.0146 3786.68
4.67E+09 0.0127 3781.95
4.75E+09 0.0118 3777.74
4.81E+09 0.0129 3774.64
4.87E+09 0.0104 3771.29
4.94E+09 0.0133 3767.43
4.99E+09 0.0104 3764.3
