0.00E+00 -0.5561 5201.07
2.68E+08 0.1340 5028.38
3.63E+08 0.1170 4966.28
4.37E+08 0.1110 4920.57
5.03E+08 0.1075 4881.62
5.43E+08 0.1186 4858.91
5.54E+08 0.1531 4850.6
6.17E+08 0.1509 4797.52
7.49E+08 0.1252 4705
8.33E+08 0.1562 4643.48
9.22E+08 0.1433 4570.79
1.09E+09 0.1173 4454.91
1.22E+09 0.1021 4383.13
1.31E+09 0.0917 4334.76
1.38E+09 0.0850 4303.78
1.45E+09 0.0789 4273.72
1.50E+09 0.0925 4249.07
1.56E+09 0.0904 4220.94
1.62E+09 0.0859 4196.23
1.65E+09 0.0746 4180.37
1.69E+09 0.0700 4167.03
1.73E+09 0.0756 4152.03
1.76E+09 0.0706 4140.68
1.79E+09 0.0630 4128.07
1.83E+09 0.0725 4116.07
1.85E+09 0.0630 4106.16
1.89E+09 0.0593 4096.29
1.91E+09 0.0657 4088.06
1.93E+09 0.0636 4080.27
1.96E+09 0.0559 4070.79
2.00E+09 0.0630 4061.28
2.02E+09 0.0573 4052.5
2.05E+09 0.0532 4043.66
2.09E+09 0.0589 4034.63
2.11E+09 0.0588 4025.99
2.14E+09 0.0527 4017.36
2.17E+09 0.0502 4009.29
2.20E+09 0.0507 4001.58
2.24E+09 0.0469 3992.35
2.27E+09 0.0409 3984.46
2.30E+09 0.0438 3978.56
2.33E+09 0.0440 3970.41
2.37E+09 0.0396 3962.39
2.41E+09 0.0460 3954.07
2.44E+09 0.0413 3947.06
2.47E+09 0.0375 3939.2
2.51E+09 0.0428 3932.29
2.54E+09 0.0390 3924.73
2.58E+09 0.0371 3916.91
2.62E+09 0.0358 3910.46
2.66E+09 0.0321 3902.1
2.70E+09 0.0340 3895.38
2.74E+09 0.0351 3887.54
2.78E+09 0.0317 3880.79
2.82E+09 0.0301 3873.75
2.87E+09 0.0265 3866.54
2.90E+09 0.0257 3862.44
2.94E+09 0.0301 3856.21
3.00E+09 0.0244 3848.03
3.04E+09 0.0289 3842.28
3.08E+09 0.0254 3836.35
3.13E+09 0.0233 3830.95
3.17E+09 0.0238 3825.51
3.23E+09 0.0210 3818.49
3.28E+09 0.0218 3812.79
3.33E+09 0.0204 3807.03
3.38E+09 0.0223 3801.8
3.43E+09 0.0203 3796.18
3.49E+09 0.0189 3789.74
3.55E+09 0.0181 3783.72
3.62E+09 0.0190 3777.37
3.69E+09 0.0178 3770.77
3.75E+09 0.0167 3764.94
3.82E+09 0.0139 3759.4
3.87E+09 0.0164 3755.12
3.93E+09 0.0139 3750.39
4.00E+09 0.0147 3745.24
4.05E+09 0.0149 3741.15
4.11E+09 0.0131 3736.77
4.19E+09 0.0119 3731.76
4.24E+09 0.0105 3728.35
4.32E+09 0.0122 3723.61
4.39E+09 0.0101 3719.35
4.45E+09 0.0112 3716.19
4.52E+09 0.0103 3711.87
4.60E+09 0.0108 3707.64
4.69E+09 0.0098 3703.04
4.78E+09 0.0093 3698.37
4.86E+09 0.0098 3694.22
4.94E+09 0.0088 3690.32
