0.00E+00 -0.5856 5451.01
2.59E+08 0.1484 5253.3
3.54E+08 0.1430 5178.2
3.62E+08 0.1600 5171.45
3.72E+08 0.1750 5162.05
4.06E+08 0.1679 5130.28
4.75E+08 0.1920 5068.04
5.41E+08 0.1576 5002.73
6.80E+08 0.2097 4887.02
8.21E+08 0.1595 4749.1
9.74E+08 0.1387 4624.39
1.12E+09 0.1206 4520.76
1.22E+09 0.1089 4458.57
1.29E+09 0.1246 4411.7
1.35E+09 0.1106 4377.09
1.39E+09 0.1183 4349.67
1.43E+09 0.1133 4325.08
1.47E+09 0.1050 4300.72
1.51E+09 0.0967 4279.42
1.54E+09 0.0994 4263.08
1.60E+09 0.0857 4233.84
1.65E+09 0.0898 4209.71
1.68E+09 0.0883 4193.06
1.72E+09 0.0855 4174.17
1.76E+09 0.0800 4157.57
1.79E+09 0.0694 4146.26
1.82E+09 0.0750 4133.42
1.86E+09 0.0801 4117.17
1.89E+09 0.0747 4103.05
1.91E+09 0.0704 4092.52
1.95E+09 0.0649 4079.13
1.98E+09 0.0682 4068.51
2.02E+09 0.0619 4055.92
2.05E+09 0.0625 4042.65
2.09E+09 0.0668 4029.14
2.13E+09 0.0645 4014.97
2.18E+09 0.0610 3999.21
2.21E+09 0.0552 3987.18
2.25E+09 0.0544 3975.93
2.28E+09 0.0570 3965.82
2.33E+09 0.0529 3952.65
2.37E+09 0.0462 3941.11
2.41E+09 0.0393 3930.57
2.45E+09 0.0443 3921.31
2.49E+09 0.0438 3911.76
2.54E+09 0.0462 3900.3
2.59E+09 0.0418 3887.84
2.63E+09 0.0374 3879.82
2.67E+09 0.0417 3870.36
2.72E+09 0.0391 3860.21
2.76E+09 0.0362 3851.14
2.82E+09 0.0342 3840.47
2.87E+09 0.0377 3829.94
2.92E+09 0.0311 3820.24
2.96E+09 0.0303 3813.41
3.02E+09 0.0250 3804.52
3.09E+09 0.0320 3794.53
3.14E+09 0.0331 3785.45
3.20E+09 0.0301 3774.59
3.26E+09 0.0267 3764.56
3.32E+09 0.0250 3755.78
3.39E+09 0.0231 3747.24
3.45E+09 0.0226 3739.21
3.52E+09 0.0223 3729.88
3.57E+09 0.0249 3724.26
3.63E+09 0.0214 3716.27
3.70E+09 0.0196 3707.9
3.78E+09 0.0188 3700.08
3.85E+09 0.0178 3692.65
3.93E+09 0.0174 3685.09
4.02E+09 0.0178 3676.89
4.09E+09 0.0168 3669.52
4.17E+09 0.0185 3662.01
4.26E+09 0.0180 3653.21
4.34E+09 0.0170 3645.5
4.42E+09 0.0160 3638.01
4.51E+09 0.0148 3630.75
4.59E+09 0.0134 3623.87
4.68E+09 0.0133 3617.87
4.76E+09 0.0117 3612.21
4.85E+09 0.0123 3606.27
4.94E+09 0.0120 3600.06
