0.00E+00 -0.6179 5420.88
2.37E+08 0.1589 5247.66
3.21E+08 0.1402 5183.41
3.88E+08 0.1330 5135.05
4.42E+08 0.1303 5098.26
4.90E+08 0.1259 5066.96
5.38E+08 0.1190 5037.45
5.80E+08 0.1150 5011.71
6.23E+08 0.1139 4986.78
6.34E+08 0.1246 4980.17
6.41E+08 0.1403 4974.97
6.53E+08 0.1749 4965.41
7.00E+08 0.1772 4923.28
7.46E+08 0.1936 4880.38
8.12E+08 0.1528 4823.47
9.26E+08 0.1256 4743.64
1.06E+09 0.1250 4661.17
1.14E+09 0.1555 4601.47
1.26E+09 0.1172 4525.52
1.37E+09 0.1045 4465.93
1.46E+09 0.1170 4409.5
1.54E+09 0.1014 4367.76
1.61E+09 0.0909 4333.22
1.65E+09 0.0922 4315.41
1.68E+09 0.0929 4301.86
1.71E+09 0.0869 4287.78
1.74E+09 0.0809 4275.29
1.76E+09 0.0765 4265.84
1.79E+09 0.0719 4256.43
1.81E+09 0.0853 4247.87
1.83E+09 0.0820 4237.57
1.86E+09 0.0773 4224.52
1.89E+09 0.0738 4214.89
1.91E+09 0.0730 4205.15
1.94E+09 0.0724 4196.24
1.97E+09 0.0710 4186.11
1.99E+09 0.0714 4175.9
2.02E+09 0.0667 4164.93
2.05E+09 0.0645 4157.36
2.08E+09 0.0598 4147.34
2.10E+09 0.0539 4140.74
2.13E+09 0.0499 4133.44
2.16E+09 0.0481 4125.68
2.19E+09 0.0603 4118.8
2.22E+09 0.0597 4108.52
2.25E+09 0.0552 4100.46
2.28E+09 0.0515 4091.66
2.30E+09 0.0537 4084.96
2.34E+09 0.0528 4075.93
2.37E+09 0.0492 4067.99
2.39E+09 0.0428 4061.65
2.43E+09 0.0507 4053.06
2.46E+09 0.0501 4046.06
2.49E+09 0.0467 4038.03
2.52E+09 0.0424 4030.27
2.56E+09 0.0426 4022.49
2.60E+09 0.0388 4014.05
2.63E+09 0.0406 4007.54
2.66E+09 0.0425 4001.3
2.70E+09 0.0403 3993.2
2.73E+09 0.0378 3986.02
2.77E+09 0.0367 3978.42
2.81E+09 0.0340 3971.39
2.85E+09 0.0332 3964.72
2.89E+09 0.0303 3958.83
2.93E+09 0.0302 3952.94
2.96E+09 0.0305 3947.19
3.01E+09 0.0316 3939.49
3.06E+09 0.0291 3932.25
3.11E+09 0.0267 3925.1
3.15E+09 0.0296 3919.05
3.19E+09 0.0277 3913.39
3.22E+09 0.0250 3909.28
3.27E+09 0.0260 3902.94
3.32E+09 0.0230 3896.92
3.37E+09 0.0216 3890.56
3.43E+09 0.0242 3883.97
3.48E+09 0.0226 3878.05
3.52E+09 0.0226 3873.41
3.56E+09 0.0242 3868.3
3.62E+09 0.0198 3861.82
3.68E+09 0.0172 3855.62
3.75E+09 0.0217 3849.67
3.79E+09 0.0182 3844.9
3.85E+09 0.0167 3839.87
3.91E+09 0.0182 3834.07
3.96E+09 0.0163 3829.7
4.03E+09 0.0152 3824.22
4.10E+09 0.0138 3819.28
4.14E+09 0.0162 3815.58
4.21E+09 0.0141 3810.43
4.27E+09 0.0127 3806.66
4.34E+09 0.0136 3801.85
4.40E+09 0.0120 3797.52
4.48E+09 0.0106 3793.26
4.56E+09 0.0113 3789
4.61E+09 0.0112 3785.61
4.67E+09 0.0114 3782.31
4.75E+09 0.0111 3777.76
4.83E+09 0.0090 3773.79
4.89E+09 0.0087 3771.14
4.96E+09 0.0098 3767.58
