0.00E+00 -0.7405 5870.74
1.39E+08 0.2320 5784.51
1.78E+08 0.2385 5755.46
2.11E+08 0.2402 5732.39
2.40E+08 0.2214 5711.54
2.60E+08 0.2274 5697.53
2.76E+08 0.2307 5686.11
2.79E+08 0.2418 5684.33
2.80E+08 0.2560 5683.45
2.83E+08 0.2814 5681.35
2.88E+08 0.2943 5676.27
2.97E+08 0.2972 5667.8
3.12E+08 0.2966 5654.86
3.27E+08 0.3284 5640.57
3.29E+08 0.3878 5637.88
3.46E+08 0.3473 5618.54
3.82E+08 0.3036 5583.64
4.16E+08 0.3067 5551.06
4.29E+08 0.3287 5538.56
4.66E+08 0.3382 5500.65
4.87E+08 0.3554 5478.53
5.27E+08 0.3473 5434.4
5.71E+08 0.3238 5388.15
6.09E+08 0.3058 5351.8
6.44E+08 0.2921 5319.57
6.78E+08 0.2834 5288.86
7.05E+08 0.2791 5265.23
7.28E+08 0.2776 5246.1
7.45E+08 0.2756 5231.03
7.60E+08 0.2850 5218.21
7.74E+08 0.2953 5205.55
7.90E+08 0.2964 5190.85
8.07E+08 0.2862 5175.1
8.22E+08 0.2736 5162.89
8.33E+08 0.2826 5153.23
8.48E+08 0.2832 5139.84
8.65E+08 0.2757 5125.22
8.77E+08 0.2678 5115
8.90E+08 0.2686 5103.87
9.01E+08 0.2661 5095.37
9.15E+08 0.2595 5084.17
9.24E+08 0.2663 5076.36
9.39E+08 0.2638 5063.91
9.53E+08 0.2583 5053.06
9.66E+08 0.2602 5042.37
9.79E+08 0.2479 5031.78
9.91E+08 0.2534 5022.88
1.00E+09 0.2473 5014.1
1.01E+09 0.2393 5006.51
1.02E+09 0.2562 4997.91
1.04E+09 0.2451 4988.9
1.05E+09 0.2445 4979.84
1.06E+09 0.2350 4970.81
1.07E+09 0.2390 4964.12
1.08E+09 0.2425 4954.61
1.09E+09 0.2316 4946.71
1.10E+09 0.2381 4937.85
1.12E+09 0.2304 4929.99
1.13E+09 0.2282 4919.87
1.14E+09 0.2256 4911.08
1.15E+09 0.2262 4904.01
1.16E+09 0.2274 4896.38
1.17E+09 0.2271 4887.99
1.19E+09 0.2242 4878.14
1.20E+09 0.2217 4869.26
1.21E+09 0.2236 4861.04
1.23E+09 0.2131 4852.48
1.24E+09 0.2048 4845.61
1.25E+09 0.2189 4837.48
1.26E+09 0.2116 4829.1
1.27E+09 0.2151 4821.29
1.29E+09 0.2097 4812.44
1.30E+09 0.2063 4803.14
1.31E+09 0.2006 4795.55
1.33E+09 0.2006 4788.21
1.34E+09 0.1977 4780.97
1.35E+09 0.1938 4773.21
1.36E+09 0.2010 4766.25
1.37E+09 0.1864 4760.54
1.39E+09 0.1950 4752.34
1.40E+09 0.1955 4743.88
1.41E+09 0.1923 4735.64
1.43E+09 0.1894 4727.9
1.44E+09 0.1937 4719.43
1.46E+09 0.1902 4710.41
1.47E+09 0.1845 4702.47
1.48E+09 0.1907 4693.98
1.50E+09 0.1814 4686.3
1.51E+09 0.1829 4678.36
1.52E+09 0.1744 4670.86
1.54E+09 0.1823 4663.1
1.55E+09 0.1744 4656.44
1.57E+09 0.1706 4648.95
1.58E+09 0.1778 4641.89
1.59E+09 0.1643 4635.2
1.61E+09 0.1758 4627.65
1.62E+09 0.1692 4620.88
1.63E+09 0.1599 4613.91
1.65E+09 0.1665 4606.34
1.66E+09 0.1644 4597.73
1.68E+09 0.1633 4590.49
1.69E+09 0.1533 4583.81
1.71E+09 0.1557 4577.08
1.72E+09 0.1642 4569.55
1.74E+09 0.1612 4561.21
1.75E+09 0.1588 4553.47
1.77E+09 0.1502 4546.22
1.78E+09 0.1467 4539.78
1.80E+09 0.1514 4533.7
1.81E+09 0.1540 4526.74
1.83E+09 0.1460 4519.19
1.84E+09 0.1485 4512.65
1.85E+09 0.1403 4506.83
1.87E+09 0.1378 4501.85
1.88E+09 0.1426 4495.97
1.89E+09 0.1418 4489.33
1.91E+09 0.1476 4481.79
1.93E+09 0.1386 4474.7
1.94E+09 0.1426 4467.88
1.96E+09 0.1314 4461.28
1.97E+09 0.1386 4455.28
1.99E+09 0.1360 4449.06
2.00E+09 0.1282 4442.61
2.02E+09 0.1289 4437.04
2.03E+09 0.1265 4430.89
2.05E+09 0.1191 4425.44
2.06E+09 0.1193 4421.19
2.07E+09 0.1272 4415.66
2.09E+09 0.1326 4408.86
2.11E+09 0.1258 4401.81
2.13E+09 0.1202 4395.34
2.14E+09 0.1233 4389.13
2.16E+09 0.1157 4383
2.18E+09 0.1196 4376.71
2.19E+09 0.1213 4369.8
2.21E+09 0.1196 4363.87
2.23E+09 0.1170 4357.63
2.25E+09 0.1116 4350.92
2.26E+09 0.1175 4344.7
2.28E+09 0.1094 4338.86
2.30E+09 0.1168 4333.28
2.31E+09 0.1045 4328.06
2.33E+09 0.0970 4323.77
2.34E+09 0.1153 4318.64
2.36E+09 0.1067 4312.96
2.37E+09 0.1067 4307.16
2.39E+09 0.1006 4302.95
2.41E+09 0.1061 4297.53
2.42E+09 0.1071 4292.26
2.44E+09 0.1008 4286.61
2.46E+09 0.0900 4280.97
2.47E+09 0.0873 4277.55
2.49E+09 0.1004 4272.41
2.51E+09 0.0953 4266.45
2.52E+09 0.0989 4261.18
2.54E+09 0.0917 4256.01
2.56E+09 0.0886 4251.36
2.58E+09 0.0944 4246.55
2.59E+09 0.0911 4240.9
2.61E+09 0.0888 4235.58
2.63E+09 0.0922 4230.35
2.65E+09 0.0857 4225.59
2.66E+09 0.0817 4221.82
2.68E+09 0.0913 4217.31
2.70E+09 0.0877 4212.74
2.71E+09 0.0833 4208.24
2.73E+09 0.0829 4203.55
2.75E+09 0.0770 4199.24
2.77E+09 0.0756 4195.39
2.79E+09 0.0825 4190.68
2.80E+09 0.0833 4186.53
2.82E+09 0.0818 4181.81
2.84E+09 0.0808 4176.61
2.86E+09 0.0792 4171.65
2.88E+09 0.0736 4167.17
2.89E+09 0.0781 4163.66
2.91E+09 0.0712 4159.4
2.93E+09 0.0783 4155.12
2.95E+09 0.0691 4150.81
2.97E+09 0.0742 4147.22
2.99E+09 0.0755 4142.97
3.00E+09 0.0743 4138.7
3.02E+09 0.0704 4134.24
3.04E+09 0.0690 4130.79
3.06E+09 0.0701 4126.98
3.08E+09 0.0653 4123
3.09E+09 0.0661 4119.48
3.11E+09 0.0668 4115.6
3.13E+09 0.0648 4111.88
3.15E+09 0.0659 4108.12
3.17E+09 0.0650 4104.09
3.19E+09 0.0598 4100.83
3.21E+09 0.0688 4096.54
3.23E+09 0.0660 4091.73
3.25E+09 0.0604 4087.76
3.27E+09 0.0610 4084.24
3.29E+09 0.0573 4080.97
3.30E+09 0.0602 4077.86
3.33E+09 0.0584 4074.24
3.34E+09 0.0563 4070.81
3.36E+09 0.0584 4067.37
3.38E+09 0.0568 4063.69
3.41E+09 0.0537 4059.97
3.42E+09 0.0543 4057.05
3.44E+09 0.0548 4053.67
3.46E+09 0.0562 4050.18
3.48E+09 0.0582 4046.78
3.51E+09 0.0533 4042.93
3.53E+09 0.0552 4039.59
3.55E+09 0.0522 4035.96
3.57E+09 0.0515 4032.85
3.59E+09 0.0510 4029.29
3.61E+09 0.0487 4026.6
3.63E+09 0.0494 4023.3
3.65E+09 0.0502 4020.09
3.67E+09 0.0464 4016.79
3.69E+09 0.0527 4013.65
3.71E+09 0.0503 4010.24
3.74E+09 0.0457 4006.82
3.76E+09 0.0499 4003.47
3.78E+09 0.0449 4000.57
3.81E+09 0.0444 3997
3.83E+09 0.0439 3994.37
3.85E+09 0.0437 3991.55
3.87E+09 0.0456 3988.28
3.89E+09 0.0431 3985.22
3.92E+09 0.0439 3982
3.94E+09 0.0451 3978.77
3.97E+09 0.0445 3974.95
3.99E+09 0.0412 3972.03
4.02E+09 0.0425 3968.53
4.04E+09 0.0387 3965.49
4.07E+09 0.0440 3962.03
4.09E+09 0.0401 3959.06
4.12E+09 0.0388 3955.81
4.14E+09 0.0435 3952.91
4.17E+09 0.0434 3948.88
4.19E+09 0.0407 3945.79
4.22E+09 0.0383 3942.59
4.25E+09 0.0368 3939.69
4.27E+09 0.0413 3936.79
4.29E+09 0.0373 3933.73
4.32E+09 0.0333 3930.71
4.35E+09 0.0367 3927.98
4.37E+09 0.0355 3925.55
4.39E+09 0.0365 3922.74
4.42E+09 0.0412 3919.61
4.45E+09 0.0343 3916.32
4.48E+09 0.0318 3913.63
4.50E+09 0.0383 3910.7
4.53E+09 0.0333 3907.66
4.56E+09 0.0326 3904.81
4.58E+09 0.0331 3902.52
4.61E+09 0.0319 3899.78
4.64E+09 0.0340 3896.97
4.66E+09 0.0302 3894.53
4.69E+09 0.0317 3891.75
4.72E+09 0.0295 3889.16
4.75E+09 0.0280 3886.28
4.78E+09 0.0298 3883.62
4.80E+09 0.0292 3881.2
4.83E+09 0.0296 3878.63
4.86E+09 0.0304 3876
4.89E+09 0.0298 3873.47
4.92E+09 0.0278 3870.72
4.95E+09 0.0284 3867.87
4.98E+09 0.0269 3865.24
