0.00E+00 -0.2339 3585.61
5.46E+07 0.1240 3576.66
7.37E+07 0.1634 3568.12
1.07E+08 0.1525 3552.5
1.55E+08 0.1306 3531.91
1.96E+08 0.1424 3514.43
2.36E+08 0.1368 3497.88
2.65E+08 0.1270 3486.07
2.88E+08 0.1211 3477.48
3.02E+08 0.1160 3472.44
3.19E+08 0.1104 3466.72
3.36E+08 0.1107 3460.87
3.52E+08 0.1048 3455.66
3.68E+08 0.1042 3450.73
3.84E+08 0.1014 3445.86
3.98E+08 0.0980 3441.52
4.12E+08 0.0938 3437.4
4.29E+08 0.0908 3432.76
4.43E+08 0.0905 3428.78
4.59E+08 0.0874 3424.64
4.75E+08 0.0853 3420.52
4.89E+08 0.0825 3417.01
5.04E+08 0.0812 3413.29
5.19E+08 0.0782 3409.51
5.34E+08 0.0759 3406.17
5.46E+08 0.0734 3403.43
5.63E+08 0.0715 3399.62
5.80E+08 0.0685 3396.13
5.97E+08 0.0659 3392.6
6.15E+08 0.0632 3389.17
6.32E+08 0.0612 3385.94
6.48E+08 0.0589 3383.1
6.64E+08 0.0576 3380.27
6.79E+08 0.0550 3377.67
7.00E+08 0.0527 3374.28
7.19E+08 0.0501 3371.32
7.38E+08 0.0480 3368.56
7.61E+08 0.0453 3365.36
7.81E+08 0.0438 3362.6
8.01E+08 0.0415 3360.06
8.23E+08 0.0396 3357.41
8.41E+08 0.0378 3355.29
8.62E+08 0.0360 3352.93
8.84E+08 0.0342 3350.58
9.07E+08 0.0322 3348.27
9.29E+08 0.0319 3346.16
9.52E+08 0.0310 3344.03
9.69E+08 0.0300 3342.39
9.84E+08 0.0304 3341.01
9.98E+08 0.0297 3339.73
1.01E+09 0.0296 3338.36
1.03E+09 0.0294 3336.96
1.04E+09 0.0287 3335.65
1.06E+09 0.0278 3334.19
1.08E+09 0.0279 3332.86
1.09E+09 0.0276 3331.47
1.11E+09 0.0271 3330.01
1.13E+09 0.0263 3328.41
1.15E+09 0.0262 3326.91
1.17E+09 0.0259 3325.5
1.19E+09 0.0256 3324.1
1.20E+09 0.0259 3322.75
1.22E+09 0.0251 3321.26
1.24E+09 0.0251 3319.85
1.26E+09 0.0248 3318.27
1.28E+09 0.0244 3316.65
1.31E+09 0.0241 3315.07
1.32E+09 0.0243 3313.72
1.34E+09 0.0237 3312.25
1.36E+09 0.0240 3310.96
1.38E+09 0.0239 3309.62
1.40E+09 0.0233 3308.21
1.42E+09 0.0229 3307.04
1.43E+09 0.0230 3305.92
1.45E+09 0.0233 3304.87
1.46E+09 0.0229 3303.79
1.48E+09 0.0227 3302.49
1.50E+09 0.0225 3301.05
1.53E+09 0.0225 3299.59
1.55E+09 0.0219 3298.02
1.57E+09 0.0224 3296.48
1.59E+09 0.0222 3295.08
1.61E+09 0.0219 3293.65
1.64E+09 0.0215 3292.07
1.66E+09 0.0219 3290.62
1.69E+09 0.0212 3288.96
1.71E+09 0.0217 3287.48
1.73E+09 0.0216 3286.24
1.75E+09 0.0212 3284.8
1.77E+09 0.0212 3283.33
1.80E+09 0.0214 3281.84
1.82E+09 0.0210 3280.18
1.85E+09 0.0210 3278.63
1.87E+09 0.0208 3277.04
1.90E+09 0.0206 3275.58
1.92E+09 0.0206 3274.16
1.94E+09 0.0209 3272.87
1.97E+09 0.0203 3271.21
1.99E+09 0.0199 3269.63
2.02E+09 0.0204 3268.11
2.04E+09 0.0207 3266.7
2.07E+09 0.0199 3265.1
2.09E+09 0.0202 3263.56
2.11E+09 0.0199 3262.21
2.14E+09 0.0197 3260.97
2.16E+09 0.0192 3259.77
2.18E+09 0.0194 3258.57
2.20E+09 0.0194 3257.37
2.22E+09 0.0190 3256.09
2.24E+09 0.0190 3254.75
2.26E+09 0.0192 3253.42
2.29E+09 0.0192 3251.9
2.32E+09 0.0187 3250.43
2.34E+09 0.0188 3248.98
2.37E+09 0.0186 3247.48
2.40E+09 0.0184 3245.97
2.42E+09 0.0185 3244.51
2.45E+09 0.0182 3242.97
2.48E+09 0.0182 3241.55
2.50E+09 0.0181 3239.98
2.53E+09 0.0181 3238.55
2.56E+09 0.0180 3237.17
2.58E+09 0.0179 3235.65
2.61E+09 0.0179 3234.16
2.64E+09 0.0181 3232.75
2.66E+09 0.0176 3231.3
2.69E+09 0.0174 3229.76
2.72E+09 0.0175 3228.39
2.74E+09 0.0174 3227.08
2.77E+09 0.0175 3225.77
2.80E+09 0.0172 3224.29
2.83E+09 0.0170 3222.78
2.85E+09 0.0171 3221.34
2.89E+09 0.0169 3219.77
2.91E+09 0.0171 3218.39
2.94E+09 0.0165 3216.92
2.97E+09 0.0166 3215.38
3.00E+09 0.0166 3213.95
3.03E+09 0.0164 3212.52
3.06E+09 0.0165 3211
3.09E+09 0.0163 3209.54
3.12E+09 0.0161 3208.15
3.15E+09 0.0155 3206.6
3.18E+09 0.0161 3205.09
3.21E+09 0.0159 3203.73
3.24E+09 0.0159 3202.33
3.27E+09 0.0159 3200.84
3.30E+09 0.0157 3199.31
3.33E+09 0.0157 3197.8
3.37E+09 0.0159 3196.26
3.40E+09 0.0157 3194.78
3.43E+09 0.0155 3193.33
3.46E+09 0.0156 3191.87
3.49E+09 0.0152 3190.28
3.52E+09 0.0155 3188.92
3.56E+09 0.0156 3187.3
3.59E+09 0.0151 3185.7
3.63E+09 0.0150 3184.13
3.66E+09 0.0149 3182.58
3.70E+09 0.0150 3181.03
3.73E+09 0.0148 3179.48
3.76E+09 0.0150 3177.92
3.80E+09 0.0151 3176.44
3.83E+09 0.0150 3175.06
3.86E+09 0.0150 3173.68
3.89E+09 0.0152 3172.19
3.92E+09 0.0150 3170.6
3.96E+09 0.0151 3169
3.99E+09 0.0148 3167.52
4.03E+09 0.0154 3165.99
4.06E+09 0.0152 3164.38
4.10E+09 0.0151 3162.8
4.13E+09 0.0152 3161.32
4.16E+09 0.0151 3159.84
4.19E+09 0.0149 3158.29
4.23E+09 0.0154 3156.79
4.26E+09 0.0156 3155.26
4.29E+09 0.0153 3153.71
4.32E+09 0.0155 3152.32
4.35E+09 0.0151 3151.01
4.38E+09 0.0153 3149.57
4.41E+09 0.0156 3148.26
4.45E+09 0.0155 3146.62
4.48E+09 0.0155 3145.13
4.51E+09 0.0158 3143.71
4.54E+09 0.0156 3142.07
4.57E+09 0.0158 3140.63
4.61E+09 0.0157 3139.11
4.64E+09 0.0156 3137.63
4.67E+09 0.0156 3136.09
4.71E+09 0.0155 3134.42
4.74E+09 0.0157 3132.86
4.77E+09 0.0160 3131.4
4.81E+09 0.0159 3129.67
4.84E+09 0.0159 3128
4.87E+09 0.0161 3126.4
4.91E+09 0.0162 3124.83
4.94E+09 0.0167 3123.16
4.97E+09 0.0165 3121.57
