0.00E+00 -0.8312 6049.5
1.28E+08 0.2574 5957.47
1.67E+08 0.2605 5923.91
1.96E+08 0.2692 5900.25
2.26E+08 0.2564 5875.42
2.49E+08 0.2536 5857.12
2.74E+08 0.2460 5838.12
2.90E+08 0.2463 5825
3.14E+08 0.2308 5807.05
3.32E+08 0.2368 5794.24
3.51E+08 0.2299 5780.24
3.68E+08 0.2270 5767.55
3.82E+08 0.2283 5757.61
3.98E+08 0.2243 5746.67
4.11E+08 0.2211 5737.66
4.21E+08 0.2321 5730.58
4.26E+08 0.2583 5726.74
4.27E+08 0.2914 5725.21
4.30E+08 0.3541 5722.52
4.36E+08 0.3793 5715.67
4.56E+08 0.3280 5692.98
4.86E+08 0.3273 5662.67
5.08E+08 0.3428 5639.52
5.19E+08 0.3794 5627.3
5.38E+08 0.3774 5604.8
5.53E+08 0.3885 5587.34
5.77E+08 0.3707 5557.77
6.18E+08 0.3448 5511.49
6.58E+08 0.3224 5470.42
6.95E+08 0.2993 5433.61
7.34E+08 0.2757 5398.94
7.66E+08 0.2658 5371.2
7.97E+08 0.2623 5345.33
8.24E+08 0.2529 5323.7
8.48E+08 0.2427 5304.92
8.70E+08 0.2827 5287.55
8.96E+08 0.3047 5262.85
9.12E+08 0.3064 5247.17
9.20E+08 0.2986 5239.39
9.35E+08 0.2767 5226.78
9.47E+08 0.2900 5215.19
9.61E+08 0.2721 5202.78
9.76E+08 0.2717 5190.07
9.87E+08 0.2650 5181.05
1.00E+09 0.2721 5169.91
1.01E+09 0.2749 5159.21
1.02E+09 0.2557 5150.99
1.03E+09 0.2632 5142.52
1.04E+09 0.2620 5133.94
1.05E+09 0.2562 5124.87
1.07E+09 0.2569 5115.18
1.08E+09 0.2535 5105.59
1.09E+09 0.2427 5097.44
1.10E+09 0.2449 5089.55
1.11E+09 0.2526 5079.84
1.12E+09 0.2369 5071.82
1.13E+09 0.2462 5066.27
1.14E+09 0.2429 5057.24
1.15E+09 0.2421 5049
1.16E+09 0.2419 5040.17
1.18E+09 0.2447 5029.89
1.19E+09 0.2298 5022.24
1.20E+09 0.2433 5015.96
1.21E+09 0.2242 5008.59
1.22E+09 0.2419 5000.66
1.23E+09 0.2324 4992.52
1.24E+09 0.2226 4985.96
1.25E+09 0.2318 4979.56
1.26E+09 0.2317 4969.97
1.27E+09 0.2245 4960.64
1.28E+09 0.2240 4952.42
1.30E+09 0.2214 4943.14
1.31E+09 0.2246 4933.92
1.32E+09 0.2138 4925.74
1.33E+09 0.2107 4916.91
1.35E+09 0.2146 4908.86
1.36E+09 0.2048 4900.4
1.37E+09 0.2150 4891.52
1.38E+09 0.2142 4884.26
1.40E+09 0.2008 4876.31
1.41E+09 0.2064 4868.96
1.42E+09 0.2038 4861.5
1.43E+09 0.1969 4853.92
1.44E+09 0.1999 4846.27
1.46E+09 0.1968 4838.27
1.47E+09 0.1952 4829.04
1.48E+09 0.2005 4820.74
1.50E+09 0.1876 4813.09
1.51E+09 0.1892 4805.99
1.52E+09 0.1886 4797.89
1.54E+09 0.1863 4790.95
1.55E+09 0.1907 4783.7
1.56E+09 0.1848 4774.63
1.58E+09 0.1764 4767.76
1.59E+09 0.1853 4760.11
1.60E+09 0.1775 4752.8
1.61E+09 0.1724 4745.78
1.63E+09 0.1733 4738.18
1.64E+09 0.1740 4729.99
1.66E+09 0.1664 4723.18
1.67E+09 0.1710 4716.23
1.68E+09 0.1741 4708.44
1.70E+09 0.1663 4700.57
1.71E+09 0.1659 4692.66
1.73E+09 0.1589 4685.57
1.74E+09 0.1520 4679.01
1.76E+09 0.1604 4671.23
1.77E+09 0.1557 4663.01
1.79E+09 0.1637 4655.65
1.80E+09 0.1485 4647.69
1.82E+09 0.1530 4640.13
1.83E+09 0.1505 4634.06
1.85E+09 0.1444 4627.88
1.86E+09 0.1529 4621.02
1.88E+09 0.1441 4613.94
1.89E+09 0.1470 4606.27
1.91E+09 0.1416 4598.81
1.92E+09 0.1377 4592.02
1.94E+09 0.1439 4584.72
1.96E+09 0.1312 4577.43
1.97E+09 0.1465 4570.63
1.99E+09 0.1296 4563.19
2.01E+09 0.1376 4556.08
2.02E+09 0.1321 4550.93
2.04E+09 0.1344 4544.2
2.05E+09 0.1252 4538.81
2.06E+09 0.1302 4533.31
2.08E+09 0.1254 4527.64
2.10E+09 0.1321 4520.21
2.11E+09 0.1224 4512.77
2.13E+09 0.1256 4505.01
2.15E+09 0.1229 4498.11
2.17E+09 0.1170 4491.91
2.19E+09 0.1235 4485.07
2.20E+09 0.1135 4478.52
2.22E+09 0.1242 4472.51
2.24E+09 0.1118 4465.38
2.26E+09 0.1136 4459.53
2.28E+09 0.1123 4452.4
2.29E+09 0.1153 4445.41
2.31E+09 0.1092 4438.51
2.33E+09 0.1090 4432.07
2.35E+09 0.1020 4425.7
2.37E+09 0.1043 4418.95
2.39E+09 0.1048 4412.1
2.41E+09 0.0972 4405.85
2.43E+09 0.1036 4399.59
2.46E+09 0.1011 4392.5
2.48E+09 0.0959 4385.81
2.50E+09 0.0929 4380.15
2.52E+09 0.0979 4374.14
2.54E+09 0.0905 4368.11
2.56E+09 0.0938 4362.54
2.58E+09 0.0908 4356.48
2.60E+09 0.0953 4350.79
2.62E+09 0.0895 4344.43
2.64E+09 0.0858 4338.67
2.66E+09 0.0916 4332.06
2.69E+09 0.0807 4325.85
2.71E+09 0.0886 4319.81
2.73E+09 0.0792 4313.91
2.75E+09 0.0829 4307.91
2.78E+09 0.0813 4301.74
2.80E+09 0.0808 4295.3
2.83E+09 0.0770 4288.95
2.85E+09 0.0769 4282.95
2.88E+09 0.0797 4277.43
2.90E+09 0.0747 4271.53
2.93E+09 0.0780 4265.84
2.95E+09 0.0706 4259.85
2.98E+09 0.0725 4253.93
3.00E+09 0.0712 4248.01
3.03E+09 0.0723 4242.3
3.06E+09 0.0656 4236.54
3.08E+09 0.0661 4231.39
3.11E+09 0.0656 4225.43
3.14E+09 0.0639 4219.72
3.16E+09 0.0678 4214.17
3.19E+09 0.0634 4208.65
3.22E+09 0.0621 4203.17
3.25E+09 0.0584 4197.69
3.27E+09 0.0585 4192.69
3.30E+09 0.0600 4187.42
3.33E+09 0.0586 4182.5
3.36E+09 0.0582 4177.47
3.38E+09 0.0594 4172.34
3.41E+09 0.0579 4167.11
3.44E+09 0.0524 4162.26
3.47E+09 0.0545 4157.54
3.50E+09 0.0562 4152.81
3.53E+09 0.0510 4147.95
3.55E+09 0.0543 4143.51
3.58E+09 0.0482 4138.6
3.61E+09 0.0484 4134.02
3.64E+09 0.0485 4129.51
3.67E+09 0.0497 4124.8
3.70E+09 0.0463 4120
3.74E+09 0.0510 4115.24
3.77E+09 0.0451 4110.87
3.80E+09 0.0442 4106.63
3.83E+09 0.0422 4102.45
3.86E+09 0.0442 4097.85
3.89E+09 0.0401 4093.77
3.92E+09 0.0426 4090.04
3.95E+09 0.0418 4085.83
3.98E+09 0.0422 4081.67
4.01E+09 0.0364 4078.24
4.04E+09 0.0390 4075.15
4.06E+09 0.0389 4071.93
4.10E+09 0.0365 4068.24
4.12E+09 0.0380 4064.96
4.15E+09 0.0337 4062.14
4.18E+09 0.0364 4058.64
4.21E+09 0.0357 4055.77
4.24E+09 0.0326 4052.35
4.26E+09 0.0372 4049.66
4.29E+09 0.0356 4046.61
4.32E+09 0.0357 4043.09
4.35E+09 0.0340 4039.86
4.38E+09 0.0317 4037.21
4.41E+09 0.0303 4033.91
4.45E+09 0.0350 4030.25
4.48E+09 0.0297 4026.54
4.52E+09 0.0314 4023.32
4.54E+09 0.0317 4020.51
4.57E+09 0.0275 4017.78
4.61E+09 0.0293 4014.64
4.64E+09 0.0305 4011.88
4.67E+09 0.0312 4009.12
4.70E+09 0.0293 4006.29
4.73E+09 0.0276 4003.37
4.76E+09 0.0244 4000.73
4.80E+09 0.0305 3997.8
4.83E+09 0.0263 3994.81
4.87E+09 0.0251 3991.7
4.91E+09 0.0272 3988.57
4.93E+09 0.0290 3986.51
4.96E+09 0.0239 3983.94
4.99E+09 0.0240 3981.54
