0.00E+00 -0.7890 5795.45
2.22E+08 0.1772 5573.37
2.97E+08 0.1729 5499.64
3.59E+08 0.1660 5441.54
4.15E+08 0.1540 5392.97
4.63E+08 0.1457 5352.62
5.08E+08 0.1373 5316.68
5.53E+08 0.1347 5281.84
5.98E+08 0.1299 5248.19
6.45E+08 0.1239 5215.33
6.90E+08 0.1193 5184.7
7.34E+08 0.1161 5155.65
7.76E+08 0.1133 5128.52
8.07E+08 0.1143 5108.7
8.34E+08 0.1175 5091.71
8.49E+08 0.1805 5081.06
8.52E+08 0.2181 5076.61
8.62E+08 0.2042 5064.75
8.98E+08 0.1661 5028.7
9.82E+08 0.1417 4956.99
1.07E+09 0.1400 4885.52
1.14E+09 0.1156 4833.86
1.26E+09 0.0999 4758.45
1.40E+09 0.1121 4684.64
1.56E+09 0.0889 4593.19
1.71E+09 0.0850 4520.03
1.83E+09 0.0766 4461.65
1.93E+09 0.0591 4425.9
2.01E+09 0.0538 4397.6
2.09E+09 0.0457 4376.07
2.14E+09 0.0425 4364.01
2.19E+09 0.0359 4353.99
2.23E+09 0.0325 4345.23
2.27E+09 0.0399 4337.56
2.31E+09 0.0328 4330.23
2.35E+09 0.0364 4322.64
2.39E+09 0.0306 4315.01
2.43E+09 0.0265 4308.39
2.47E+09 0.0311 4301.48
2.52E+09 0.0332 4293.68
2.55E+09 0.0286 4287.48
2.60E+09 0.0275 4280.67
2.64E+09 0.0232 4274.49
2.68E+09 0.0292 4268.02
2.73E+09 0.0253 4261.02
2.77E+09 0.0244 4255.66
2.81E+09 0.0249 4250.29
2.85E+09 0.0250 4243.88
2.90E+09 0.0224 4238.01
2.95E+09 0.0190 4232.4
2.99E+09 0.0234 4227.23
3.04E+09 0.0181 4221.53
3.09E+09 0.0200 4216.56
3.13E+09 0.0206 4211.02
3.19E+09 0.0183 4205.51
3.24E+09 0.0170 4199.81
3.30E+09 0.0156 4194.95
3.36E+09 0.0169 4189.77
3.41E+09 0.0178 4184.48
3.45E+09 0.0155 4180.38
3.51E+09 0.0124 4176.09
3.56E+09 0.0173 4171.88
3.62E+09 0.0117 4167.43
3.68E+09 0.0139 4163
3.73E+09 0.0143 4159.08
3.79E+09 0.0111 4155
3.85E+09 0.0157 4150.21
3.90E+09 0.0108 4146.47
3.98E+09 0.0108 4142.25
4.03E+09 0.0130 4138.35
4.09E+09 0.0082 4135
4.17E+09 0.0120 4131.39
4.22E+09 0.0103 4127.45
4.30E+09 0.0093 4123.5
4.36E+09 0.0104 4119.88
4.44E+09 0.0099 4115.79
4.51E+09 0.0103 4111.7
4.58E+09 0.0091 4108.03
4.65E+09 0.0087 4104.6
4.73E+09 0.0072 4100.9
4.81E+09 0.0059 4098.01
4.88E+09 0.0083 4095.17
4.96E+09 0.0059 4092.2
