0.00E+00 -0.1484 3120.61
6.09E+07 0.1059 3111.49
1.16E+08 0.0919 3093.67
1.87E+08 0.0915 3073.52
2.60E+08 0.0785 3052.43
3.09E+08 0.0730 3040.2
3.45E+08 0.0672 3031.68
3.80E+08 0.0632 3024.06
4.14E+08 0.0591 3017.29
4.44E+08 0.0546 3011.5
4.72E+08 0.0519 3006.58
4.98E+08 0.0491 3002.18
5.25E+08 0.0461 2997.94
5.50E+08 0.0434 2994.16
5.74E+08 0.0411 2990.76
5.96E+08 0.0395 2987.82
6.20E+08 0.0371 2984.75
6.44E+08 0.0350 2981.83
6.69E+08 0.0329 2978.96
6.97E+08 0.0307 2976.03
7.20E+08 0.0292 2973.64
7.52E+08 0.0271 2970.71
7.86E+08 0.0247 2967.7
8.17E+08 0.0228 2965.26
8.51E+08 0.0210 2962.81
8.84E+08 0.0191 2960.57
9.21E+08 0.0173 2958.33
9.59E+08 0.0156 2956.26
1.00E+09 0.0139 2954.26
1.05E+09 0.0122 2952.29
1.09E+09 0.0108 2950.4
1.14E+09 0.0098 2948.9
1.19E+09 0.0085 2947.5
1.23E+09 0.0078 2946.22
1.27E+09 0.0069 2945.22
1.31E+09 0.0070 2944.35
1.35E+09 0.0068 2943.51
1.38E+09 0.0067 2942.69
1.42E+09 0.0068 2941.88
1.45E+09 0.0068 2941.13
1.49E+09 0.0068 2940.39
1.52E+09 0.0069 2939.65
1.55E+09 0.0071 2938.89
1.58E+09 0.0071 2938.15
1.61E+09 0.0071 2937.42
1.65E+09 0.0071 2936.62
1.68E+09 0.0070 2935.74
1.72E+09 0.0069 2934.89
1.76E+09 0.0070 2934.05
1.79E+09 0.0071 2933.18
1.83E+09 0.0072 2932.35
1.86E+09 0.0072 2931.53
1.90E+09 0.0074 2930.72
1.93E+09 0.0073 2929.86
1.97E+09 0.0074 2928.92
2.00E+09 0.0075 2928.05
2.04E+09 0.0073 2927.12
2.08E+09 0.0078 2926.23
2.11E+09 0.0076 2925.32
2.15E+09 0.0078 2924.4
2.19E+09 0.0075 2923.43
2.22E+09 0.0076 2922.5
2.26E+09 0.0076 2921.61
2.29E+09 0.0079 2920.66
2.33E+09 0.0080 2919.75
2.36E+09 0.0081 2918.77
2.40E+09 0.0080 2917.75
2.44E+09 0.0082 2916.73
2.48E+09 0.0081 2915.7
2.52E+09 0.0080 2914.69
2.55E+09 0.0083 2913.68
2.59E+09 0.0084 2912.62
2.63E+09 0.0084 2911.65
2.66E+09 0.0086 2910.61
2.69E+09 0.0086 2909.66
2.73E+09 0.0091 2908.62
2.76E+09 0.0089 2907.61
2.80E+09 0.0090 2906.6
2.83E+09 0.0093 2905.56
2.86E+09 0.0094 2904.54
2.90E+09 0.0095 2903.48
2.93E+09 0.0095 2902.47
2.96E+09 0.0097 2901.55
2.99E+09 0.0096 2900.45
3.02E+09 0.0100 2899.5
3.05E+09 0.0099 2898.42
3.09E+09 0.0100 2897.28
3.12E+09 0.0101 2896.18
3.15E+09 0.0101 2895.04
3.19E+09 0.0102 2893.8
3.22E+09 0.0102 2892.69
3.26E+09 0.0102 2891.4
3.30E+09 0.0106 2890.2
3.33E+09 0.0109 2889.04
3.36E+09 0.0110 2887.75
3.40E+09 0.0110 2886.43
3.43E+09 0.0112 2885.16
3.47E+09 0.0110 2883.81
3.50E+09 0.0113 2882.52
3.54E+09 0.0112 2881.28
3.57E+09 0.0114 2879.98
3.61E+09 0.0117 2878.65
3.64E+09 0.0118 2877.37
3.67E+09 0.0119 2876.02
3.71E+09 0.0120 2874.65
3.74E+09 0.0120 2873.31
3.77E+09 0.0122 2871.96
3.81E+09 0.0125 2870.57
3.84E+09 0.0123 2869.17
3.88E+09 0.0126 2867.77
3.91E+09 0.0129 2866.3
3.94E+09 0.0126 2864.92
3.97E+09 0.0132 2863.61
4.01E+09 0.0130 2862.2
4.04E+09 0.0129 2860.66
4.08E+09 0.0131 2859.21
4.11E+09 0.0129 2857.82
4.15E+09 0.0132 2856.16
4.18E+09 0.0134 2854.51
4.22E+09 0.0130 2852.88
4.25E+09 0.0132 2851.47
4.29E+09 0.0135 2849.98
4.32E+09 0.0138 2848.44
4.36E+09 0.0135 2846.73
4.39E+09 0.0135 2845.26
4.43E+09 0.0139 2843.62
4.46E+09 0.0137 2842.02
4.49E+09 0.0140 2840.49
4.53E+09 0.0137 2838.71
4.57E+09 0.0140 2837.02
4.60E+09 0.0139 2835.43
4.64E+09 0.0138 2833.72
4.67E+09 0.0147 2832.13
4.71E+09 0.0142 2830.47
4.74E+09 0.0143 2828.95
4.77E+09 0.0146 2827.3
4.81E+09 0.0143 2825.65
4.84E+09 0.0140 2823.91
4.88E+09 0.0144 2822.27
4.91E+09 0.0143 2820.54
4.95E+09 0.0141 2818.82
4.98E+09 0.0146 2817.18
