0.00E+00 -0.9039 6386.35
1.22E+08 0.3297 6278.49
1.63E+08 0.3199 6235.62
1.98E+08 0.2875 6200.08
2.21E+08 0.2955 6176.57
2.45E+08 0.2874 6153.1
2.67E+08 0.2822 6131.93
2.90E+08 0.2767 6111.05
3.07E+08 0.2741 6094.69
3.28E+08 0.2627 6076.47
3.42E+08 0.2629 6063.78
3.59E+08 0.2613 6048.37
3.80E+08 0.2556 6030.4
3.95E+08 0.2514 6017.56
4.11E+08 0.2511 6004.5
4.24E+08 0.2518 5992.87
4.35E+08 0.2549 5983.5
4.44E+08 0.2669 5976.14
4.46E+08 0.2803 5974.12
4.48E+08 0.3069 5972.52
4.51E+08 0.3233 5969.1
4.55E+08 0.3472 5964.36
4.63E+08 0.3760 5954.83
4.80E+08 0.4024 5932.92
4.91E+08 0.4306 5916.49
5.02E+08 0.4102 5900.49
5.24E+08 0.3608 5873.32
5.51E+08 0.3301 5842.05
5.83E+08 0.3191 5806.9
6.20E+08 0.3282 5766.73
6.49E+08 0.3462 5733.74
6.68E+08 0.3670 5711.47
6.85E+08 0.3899 5689.43
7.07E+08 0.3856 5660.62
7.45E+08 0.3486 5612.89
7.82E+08 0.3183 5571.87
8.15E+08 0.2924 5537.36
8.46E+08 0.2754 5507.83
8.74E+08 0.2723 5482.82
8.97E+08 0.2930 5460.34
9.21E+08 0.2833 5437.87
9.53E+08 0.3183 5405.67
9.82E+08 0.3242 5374.28
9.91E+08 0.3244 5364.32
1.00E+09 0.2912 5350.23
1.02E+09 0.3084 5337.72
1.03E+09 0.2931 5326.1
1.04E+09 0.2916 5313.87
1.05E+09 0.2948 5303.63
1.06E+09 0.2906 5293.44
1.07E+09 0.2943 5282.45
1.08E+09 0.2864 5272.83
1.09E+09 0.2812 5261.93
1.10E+09 0.2801 5252.21
1.11E+09 0.2778 5242.81
1.12E+09 0.2789 5233.83
1.13E+09 0.2805 5223.37
1.15E+09 0.2692 5213.72
1.16E+09 0.2650 5202.9
1.17E+09 0.2708 5192.54
1.18E+09 0.2751 5183.55
1.19E+09 0.2584 5173.42
1.20E+09 0.2672 5164.17
1.21E+09 0.2667 5153.94
1.22E+09 0.2655 5143.28
1.24E+09 0.2560 5132.47
1.25E+09 0.2595 5123.02
1.26E+09 0.2492 5112.95
1.27E+09 0.2572 5103.63
1.28E+09 0.2488 5092.74
1.29E+09 0.2449 5082.95
1.31E+09 0.2499 5072.98
1.32E+09 0.2397 5062.8
1.33E+09 0.2446 5053.22
1.34E+09 0.2292 5043.08
1.36E+09 0.2441 5033.69
1.37E+09 0.2339 5023.41
1.38E+09 0.2317 5013.55
1.39E+09 0.2260 5003.15
1.40E+09 0.2206 4996.18
1.42E+09 0.2190 4985.68
1.43E+09 0.2244 4976.46
1.44E+09 0.2182 4967.92
1.46E+09 0.2228 4957.84
1.47E+09 0.2137 4949.49
1.48E+09 0.2201 4938.81
1.50E+09 0.2148 4927.69
1.51E+09 0.2100 4915.77
1.53E+09 0.2066 4906.08
1.54E+09 0.2002 4897.7
1.55E+09 0.2105 4889.57
1.57E+09 0.1933 4878.89
1.58E+09 0.2021 4871.62
1.59E+09 0.1893 4862.64
1.60E+09 0.1934 4855.16
1.62E+09 0.1994 4844.77
1.63E+09 0.1900 4836.52
1.64E+09 0.1945 4827.53
1.66E+09 0.1877 4817.61
1.68E+09 0.1863 4807.89
1.69E+09 0.1899 4797.95
1.71E+09 0.1841 4788.16
1.72E+09 0.1793 4780.49
1.73E+09 0.1811 4771.63
1.75E+09 0.1835 4763.45
1.76E+09 0.1739 4754.28
1.78E+09 0.1804 4744.24
1.80E+09 0.1705 4734.24
1.81E+09 0.1709 4726.73
1.83E+09 0.1665 4717.19
1.84E+09 0.1716 4706.95
1.86E+09 0.1626 4699.08
1.87E+09 0.1684 4690.6
1.89E+09 0.1578 4681.89
1.91E+09 0.1615 4671.88
1.93E+09 0.1542 4662.34
1.94E+09 0.1545 4654.62
1.96E+09 0.1527 4645.81
1.97E+09 0.1540 4637.33
1.99E+09 0.1450 4628.61
2.01E+09 0.1516 4619.83
2.02E+09 0.1445 4612.48
2.04E+09 0.1423 4605.12
2.06E+09 0.1440 4595.34
2.08E+09 0.1402 4586.22
2.10E+09 0.1420 4577.43
2.11E+09 0.1383 4569.41
2.13E+09 0.1331 4561.74
2.15E+09 0.1312 4553.96
2.17E+09 0.1253 4546.21
2.18E+09 0.1324 4541.41
2.19E+09 0.1333 4534.24
2.21E+09 0.1289 4526.23
2.23E+09 0.1265 4517.72
2.25E+09 0.1200 4510.08
2.27E+09 0.1251 4501.42
2.28E+09 0.1182 4495.92
2.30E+09 0.1152 4488.93
2.32E+09 0.1208 4481.85
2.34E+09 0.1151 4473.21
2.36E+09 0.1175 4464.58
2.39E+09 0.1155 4455.23
2.40E+09 0.1095 4448.65
2.43E+09 0.1152 4440.21
2.44E+09 0.1080 4434.33
2.47E+09 0.1128 4425.81
2.48E+09 0.1116 4419.43
2.51E+09 0.1088 4411.68
2.52E+09 0.1027 4404.96
2.54E+09 0.1012 4397.89
2.56E+09 0.1077 4391.35
2.58E+09 0.0990 4384.42
2.60E+09 0.0994 4377.67
2.63E+09 0.0984 4369.65
2.65E+09 0.0962 4362.45
2.67E+09 0.0905 4355.61
2.69E+09 0.0944 4348.48
2.72E+09 0.0882 4340.65
2.74E+09 0.0911 4334.78
2.76E+09 0.0911 4327.72
2.79E+09 0.0845 4319.97
2.82E+09 0.0873 4311.74
2.84E+09 0.0823 4304.8
2.87E+09 0.0838 4297.47
2.89E+09 0.0820 4291.27
2.91E+09 0.0800 4285.03
2.94E+09 0.0817 4278.8
2.97E+09 0.0748 4271.39
2.99E+09 0.0729 4264.87
3.01E+09 0.0802 4258.57
3.04E+09 0.0735 4252.38
3.06E+09 0.0750 4245.79
3.09E+09 0.0685 4239.23
3.11E+09 0.0714 4234.11
3.14E+09 0.0714 4227.59
3.17E+09 0.0666 4221.58
3.19E+09 0.0652 4215.67
3.22E+09 0.0708 4210.33
3.24E+09 0.0635 4204.46
3.27E+09 0.0653 4198.76
3.29E+09 0.0647 4193.25
3.32E+09 0.0593 4187.25
3.35E+09 0.0649 4180.68
3.39E+09 0.0590 4173.87
3.42E+09 0.0616 4167.77
3.45E+09 0.0591 4161.84
3.47E+09 0.0554 4156.68
3.50E+09 0.0550 4151.02
3.53E+09 0.0535 4146.82
3.56E+09 0.0569 4141.16
3.59E+09 0.0489 4134.94
3.63E+09 0.0556 4129.26
3.66E+09 0.0492 4123.5
3.69E+09 0.0509 4117.83
3.72E+09 0.0468 4112.47
3.75E+09 0.0482 4107.57
3.78E+09 0.0442 4102.95
3.82E+09 0.0443 4097.44
3.86E+09 0.0481 4091.71
3.89E+09 0.0447 4086.81
3.93E+09 0.0431 4081.64
3.96E+09 0.0414 4076.92
3.99E+09 0.0416 4072.28
4.03E+09 0.0411 4067.05
4.06E+09 0.0408 4062.65
4.09E+09 0.0389 4058.2
4.13E+09 0.0402 4053.79
4.16E+09 0.0393 4049.36
4.20E+09 0.0359 4044.83
4.23E+09 0.0345 4040.28
4.27E+09 0.0376 4036.53
4.30E+09 0.0355 4032.63
4.34E+09 0.0349 4027.75
4.38E+09 0.0343 4022.67
4.42E+09 0.0339 4018.01
4.46E+09 0.0313 4013.86
4.50E+09 0.0308 4009.71
4.54E+09 0.0325 4005.78
4.58E+09 0.0310 4001.6
4.62E+09 0.0284 3997.32
4.67E+09 0.0292 3993.07
4.71E+09 0.0298 3988.27
4.75E+09 0.0297 3984.21
4.80E+09 0.0280 3980.22
4.84E+09 0.0257 3976.46
4.88E+09 0.0273 3972.53
4.93E+09 0.0279 3968.23
4.97E+09 0.0241 3964.24
