0.00E+00 -0.9274 6375.82
1.23E+08 0.3336 6259.5
1.65E+08 0.3251 6213.04
2.02E+08 0.3055 6173.79
2.29E+08 0.2856 6144.65
2.53E+08 0.2904 6119.99
2.79E+08 0.2700 6094.15
2.97E+08 0.2740 6077.23
3.18E+08 0.2619 6057.08
3.37E+08 0.2633 6039.34
3.57E+08 0.2546 6020.54
3.76E+08 0.2511 6003.63
3.92E+08 0.2462 5988.87
4.08E+08 0.2432 5975.08
4.24E+08 0.2403 5961.8
4.38E+08 0.2358 5950.16
4.52E+08 0.2385 5938.15
4.66E+08 0.2369 5926.15
4.82E+08 0.2365 5912.46
4.94E+08 0.2386 5902.92
5.04E+08 0.2433 5894.21
5.12E+08 0.2545 5887.31
5.14E+08 0.2729 5885.62
5.16E+08 0.3060 5882.99
5.19E+08 0.3329 5879.92
5.23E+08 0.3690 5874.52
5.34E+08 0.3787 5859.65
5.54E+08 0.3786 5833.24
5.74E+08 0.3799 5806.8
5.90E+08 0.3835 5784.08
6.05E+08 0.3965 5763.39
6.24E+08 0.3517 5738.09
6.49E+08 0.3360 5708.16
6.77E+08 0.3163 5674.93
7.10E+08 0.2973 5638.74
7.47E+08 0.2823 5601.27
7.86E+08 0.2647 5562.74
8.30E+08 0.2677 5521.94
8.70E+08 0.2973 5482.09
8.95E+08 0.3099 5455.21
9.23E+08 0.3208 5424.37
9.36E+08 0.3003 5408.92
9.80E+08 0.3336 5360.18
1.02E+09 0.3045 5311.06
1.07E+09 0.2961 5260.19
1.11E+09 0.2793 5220.23
1.12E+09 0.2763 5213.62
1.13E+09 0.2552 5204.17
1.14E+09 0.2581 5188.25
1.16E+09 0.2435 5175.3
1.17E+09 0.2403 5163.36
1.19E+09 0.2413 5150.74
1.20E+09 0.2372 5138.04
1.22E+09 0.2441 5124.68
1.23E+09 0.2408 5112.79
1.25E+09 0.2300 5101.26
1.26E+09 0.2271 5091.31
1.27E+09 0.2386 5081.01
1.28E+09 0.2341 5069.41
1.30E+09 0.2269 5056.26
1.32E+09 0.2210 5043.73
1.33E+09 0.2144 5034.28
1.34E+09 0.2250 5024.79
1.36E+09 0.2203 5012.96
1.37E+09 0.2202 5002.11
1.39E+09 0.2113 4989.71
1.40E+09 0.2042 4979.9
1.42E+09 0.2119 4967.44
1.43E+09 0.1955 4957.52
1.44E+09 0.2080 4948.81
1.46E+09 0.2030 4938.31
1.47E+09 0.1977 4926.28
1.49E+09 0.1930 4915.72
1.50E+09 0.1957 4906.96
1.52E+09 0.1877 4896.2
1.53E+09 0.1807 4886.2
1.55E+09 0.1841 4876.47
1.56E+09 0.1815 4867.51
1.58E+09 0.1840 4856.06
1.59E+09 0.1795 4848.13
1.61E+09 0.1768 4836.63
1.62E+09 0.1781 4827.54
1.64E+09 0.1724 4819.19
1.65E+09 0.1814 4809.15
1.67E+09 0.1680 4798.44
1.68E+09 0.1705 4789.28
1.70E+09 0.1670 4779.54
1.72E+09 0.1634 4770.7
1.73E+09 0.1599 4760.25
1.75E+09 0.1635 4751.17
1.77E+09 0.1611 4740.75
1.79E+09 0.1525 4730.35
1.80E+09 0.1598 4720.11
1.82E+09 0.1423 4711.56
1.84E+09 0.1554 4702.6
1.85E+09 0.1458 4693.92
1.87E+09 0.1481 4685.26
1.89E+09 0.1418 4676.18
1.91E+09 0.1432 4667.12
1.92E+09 0.1371 4658.35
1.94E+09 0.1394 4649.84
1.96E+09 0.1324 4640.25
1.98E+09 0.1401 4631.64
2.00E+09 0.1279 4623.69
2.01E+09 0.1324 4615.15
2.03E+09 0.1301 4605.32
2.05E+09 0.1204 4597.37
2.07E+09 0.1288 4590.01
2.09E+09 0.1237 4581.31
2.11E+09 0.1264 4574
2.13E+09 0.1179 4565.2
2.14E+09 0.1203 4557.21
2.17E+09 0.1167 4548.24
2.18E+09 0.1111 4541.16
2.21E+09 0.1160 4531.91
2.23E+09 0.1073 4524.43
2.24E+09 0.1108 4517.89
2.26E+09 0.1082 4512.26
2.28E+09 0.1090 4504.45
2.30E+09 0.1041 4495.81
2.32E+09 0.1064 4486.85
2.34E+09 0.0987 4480.06
2.36E+09 0.1033 4472.39
2.38E+09 0.0939 4466.76
2.40E+09 0.1002 4458.96
2.43E+09 0.0907 4450.09
2.46E+09 0.0966 4441.28
2.48E+09 0.0938 4433.45
2.50E+09 0.0900 4425.84
2.53E+09 0.0900 4418.06
2.55E+09 0.0856 4409.77
2.58E+09 0.0854 4402.09
2.60E+09 0.0823 4394.63
2.62E+09 0.0794 4389.21
2.65E+09 0.0866 4382.08
2.67E+09 0.0807 4375.34
2.69E+09 0.0752 4368.41
2.72E+09 0.0808 4361.61
2.74E+09 0.0725 4354.82
2.77E+09 0.0726 4347.38
2.80E+09 0.0696 4340.13
2.82E+09 0.0753 4334.05
2.85E+09 0.0711 4327.91
2.87E+09 0.0682 4321.59
2.90E+09 0.0702 4315.65
2.92E+09 0.0686 4309.08
2.95E+09 0.0683 4302.36
2.98E+09 0.0616 4295.8
3.01E+09 0.0670 4288.87
3.04E+09 0.0646 4282.33
3.07E+09 0.0591 4275.13
3.11E+09 0.0586 4268.27
3.14E+09 0.0573 4261.69
3.17E+09 0.0581 4255.47
3.19E+09 0.0578 4249.89
3.23E+09 0.0566 4243.01
3.26E+09 0.0533 4236.92
3.29E+09 0.0519 4231.05
3.33E+09 0.0505 4224.73
3.36E+09 0.0483 4219.36
3.38E+09 0.0505 4214.73
3.41E+09 0.0488 4209.43
3.45E+09 0.0483 4203.53
3.48E+09 0.0443 4198.35
3.51E+09 0.0477 4192.42
3.55E+09 0.0430 4186.7
3.58E+09 0.0416 4181.68
3.62E+09 0.0390 4176.94
3.65E+09 0.0411 4171.39
3.69E+09 0.0407 4165.88
3.73E+09 0.0405 4160.76
3.77E+09 0.0386 4155.29
3.81E+09 0.0357 4150.15
3.85E+09 0.0382 4145.17
3.88E+09 0.0340 4140.28
3.92E+09 0.0371 4135.54
3.96E+09 0.0362 4130.95
4.00E+09 0.0321 4125.76
4.04E+09 0.0334 4121.09
4.08E+09 0.0339 4116.19
4.12E+09 0.0324 4111.48
4.16E+09 0.0329 4106.49
4.20E+09 0.0290 4101.92
4.25E+09 0.0282 4097.5
4.29E+09 0.0287 4093.44
4.33E+09 0.0294 4089.29
4.37E+09 0.0258 4085.46
4.42E+09 0.0257 4081.15
4.47E+09 0.0256 4076.59
4.51E+09 0.0239 4072.55
4.55E+09 0.0275 4068.98
4.59E+09 0.0256 4065.07
4.64E+09 0.0220 4061.26
4.69E+09 0.0215 4057.71
4.74E+09 0.0226 4053.81
4.79E+09 0.0248 4049.42
4.84E+09 0.0215 4045.42
4.88E+09 0.0206 4041.84
4.93E+09 0.0202 4038.26
4.99E+09 0.0212 4034.34
