0.00E+00 -0.4023 4612.46
3.76E+07 0.2744 4593.04
5.54E+07 0.3001 4573.33
8.43E+07 0.2844 4542.23
1.20E+08 0.2525 4506.44
1.55E+08 0.2699 4472.51
2.04E+08 0.2669 4423.27
2.47E+08 0.2671 4379.66
2.84E+08 0.2558 4344.07
3.06E+08 0.2478 4322.92
3.24E+08 0.2349 4306.76
3.40E+08 0.2381 4292.14
3.55E+08 0.2321 4279.45
3.70E+08 0.2317 4266.37
3.83E+08 0.2201 4254.9
3.99E+08 0.2196 4241.33
4.13E+08 0.2143 4230.24
4.25E+08 0.2146 4220.64
4.43E+08 0.2101 4206.43
4.57E+08 0.2057 4195.3
4.69E+08 0.2024 4186.04
4.83E+08 0.2021 4175.72
4.96E+08 0.1978 4165.64
5.10E+08 0.1930 4155.42
5.22E+08 0.1899 4146.9
5.32E+08 0.1859 4139.69
5.44E+08 0.1843 4131.54
5.58E+08 0.1808 4122.44
5.70E+08 0.1776 4113.83
5.83E+08 0.1750 4105.71
5.95E+08 0.1724 4097.38
6.09E+08 0.1684 4088.64
6.22E+08 0.1634 4080.65
6.34E+08 0.1624 4073.33
6.48E+08 0.1582 4064.75
6.61E+08 0.1558 4057.45
6.74E+08 0.1528 4049.67
6.84E+08 0.1498 4044.12
6.95E+08 0.1467 4038.07
7.04E+08 0.1469 4032.8
7.18E+08 0.1434 4025.56
7.30E+08 0.1394 4018.87
7.44E+08 0.1375 4011.85
7.58E+08 0.1339 4004.75
7.70E+08 0.1318 3998.88
7.84E+08 0.1306 3991.89
8.00E+08 0.1249 3984.23
8.16E+08 0.1237 3976.78
8.32E+08 0.1206 3969.57
8.48E+08 0.1166 3962.42
8.62E+08 0.1158 3956
8.78E+08 0.1113 3949.43
8.92E+08 0.1098 3943.49
9.06E+08 0.1064 3937.67
9.17E+08 0.1058 3933.27
9.30E+08 0.1054 3928.22
9.43E+08 0.1036 3922.99
9.54E+08 0.1039 3919.01
9.65E+08 0.1022 3914.62
9.78E+08 0.1027 3909.63
9.89E+08 0.1007 3905.31
1.00E+09 0.1023 3900.52
1.01E+09 0.1002 3896.51
1.03E+09 0.0986 3891.49
1.04E+09 0.0981 3886.61
1.05E+09 0.0977 3883
1.06E+09 0.0986 3879.76
1.07E+09 0.0962 3874.31
1.08E+09 0.0961 3870.02
1.10E+09 0.0961 3865.1
1.11E+09 0.0942 3860.34
1.12E+09 0.0943 3856.39
1.14E+09 0.0932 3851.74
1.15E+09 0.0917 3847.43
1.16E+09 0.0916 3843.87
1.17E+09 0.0921 3839.08
1.18E+09 0.0904 3835.1
1.19E+09 0.0905 3832.3
1.20E+09 0.0888 3828.84
1.21E+09 0.0911 3825.57
1.23E+09 0.0908 3821.51
1.24E+09 0.0884 3816.89
1.25E+09 0.0883 3813.32
1.26E+09 0.0873 3809.07
1.28E+09 0.0881 3804.95
1.29E+09 0.0858 3800.83
1.30E+09 0.0867 3797.18
1.32E+09 0.0858 3792.11
1.33E+09 0.0839 3787.14
1.34E+09 0.0845 3783.43
1.36E+09 0.0821 3778.75
1.37E+09 0.0824 3774.4
1.39E+09 0.0822 3769.74
1.40E+09 0.0808 3764.39
1.42E+09 0.0800 3760.3
1.43E+09 0.0780 3756.24
1.44E+09 0.0782 3752.67
1.46E+09 0.0786 3748.66
1.47E+09 0.0767 3743.85
1.49E+09 0.0768 3739.48
1.51E+09 0.0760 3734.72
1.52E+09 0.0747 3730.14
1.54E+09 0.0741 3725.44
1.55E+09 0.0727 3721.37
1.57E+09 0.0722 3718.4
1.58E+09 0.0735 3715.38
1.59E+09 0.0727 3712.26
1.60E+09 0.0709 3708.92
1.61E+09 0.0711 3705.42
1.63E+09 0.0693 3702.02
1.64E+09 0.0697 3699.09
1.65E+09 0.0695 3696.1
1.66E+09 0.0700 3692.89
1.68E+09 0.0685 3688.7
1.69E+09 0.0688 3685.09
1.70E+09 0.0678 3682.02
1.72E+09 0.0687 3679.03
1.73E+09 0.0664 3675.21
1.75E+09 0.0645 3671.34
1.76E+09 0.0657 3667.92
1.77E+09 0.0652 3664.42
1.79E+09 0.0647 3660.88
1.80E+09 0.0649 3658.02
1.81E+09 0.0638 3654.74
1.83E+09 0.0637 3651.26
1.84E+09 0.0633 3647.9
1.86E+09 0.0621 3644.72
1.87E+09 0.0613 3641.23
1.89E+09 0.0607 3638.06
1.90E+09 0.0609 3634.98
1.92E+09 0.0601 3631.13
1.93E+09 0.0593 3627.67
1.95E+09 0.0587 3624.02
1.96E+09 0.0583 3620.74
1.98E+09 0.0585 3617.5
1.99E+09 0.0577 3613.64
2.01E+09 0.0566 3610.11
2.03E+09 0.0554 3606.46
2.04E+09 0.0558 3603.08
2.06E+09 0.0553 3599.5
2.08E+09 0.0541 3595.29
2.10E+09 0.0537 3591.17
2.12E+09 0.0536 3587.48
2.14E+09 0.0541 3583.75
2.16E+09 0.0522 3579.92
2.18E+09 0.0519 3576.11
2.20E+09 0.0513 3572.35
2.22E+09 0.0499 3567.97
2.24E+09 0.0495 3564.87
2.25E+09 0.0493 3561.64
2.27E+09 0.0489 3558.71
2.29E+09 0.0477 3555.38
2.31E+09 0.0479 3552.42
2.32E+09 0.0477 3549.75
2.34E+09 0.0476 3546.76
2.35E+09 0.0478 3543.78
2.37E+09 0.0471 3540.54
2.39E+09 0.0462 3537.33
2.41E+09 0.0457 3533.98
2.43E+09 0.0446 3530.91
2.45E+09 0.0447 3527.61
2.47E+09 0.0437 3523.65
2.49E+09 0.0437 3520.18
2.52E+09 0.0428 3516.43
2.54E+09 0.0427 3512.78
2.56E+09 0.0426 3509.18
2.59E+09 0.0413 3505.49
2.61E+09 0.0404 3502.01
2.63E+09 0.0403 3498.34
2.65E+09 0.0401 3494.91
2.68E+09 0.0399 3491.43
2.70E+09 0.0398 3487.68
2.73E+09 0.0395 3483.96
2.76E+09 0.0382 3479.92
2.78E+09 0.0371 3476.5
2.80E+09 0.0368 3473.52
2.83E+09 0.0368 3470.21
2.85E+09 0.0365 3467.07
2.87E+09 0.0356 3463.81
2.90E+09 0.0362 3460.89
2.92E+09 0.0349 3457.52
2.95E+09 0.0347 3454.01
2.97E+09 0.0346 3450.61
3.00E+09 0.0334 3447.17
3.03E+09 0.0341 3444.03
3.05E+09 0.0331 3440.57
3.08E+09 0.0333 3437.32
3.10E+09 0.0328 3434.18
3.13E+09 0.0316 3430.59
3.16E+09 0.0313 3427.17
3.19E+09 0.0305 3424.07
3.21E+09 0.0304 3421.47
3.24E+09 0.0301 3418.07
3.27E+09 0.0305 3414.99
3.30E+09 0.0299 3411.58
3.33E+09 0.0292 3408.04
3.37E+09 0.0289 3404.4
3.40E+09 0.0280 3401.06
3.43E+09 0.0277 3397.65
3.46E+09 0.0277 3394.02
3.50E+09 0.0269 3390.53
3.53E+09 0.0268 3387.41
3.56E+09 0.0259 3384.25
3.59E+09 0.0261 3381.39
3.62E+09 0.0261 3378.18
3.66E+09 0.0253 3374.93
3.69E+09 0.0254 3372.03
3.72E+09 0.0250 3369.09
3.75E+09 0.0246 3366.06
3.78E+09 0.0243 3363.15
3.82E+09 0.0237 3360.03
3.85E+09 0.0240 3357.13
3.88E+09 0.0234 3354.1
3.92E+09 0.0228 3351.09
3.95E+09 0.0226 3348.05
4.00E+09 0.0218 3344.65
4.03E+09 0.0221 3341.55
4.07E+09 0.0212 3338.54
4.10E+09 0.0208 3335.96
4.13E+09 0.0208 3333.48
4.17E+09 0.0203 3330.69
4.21E+09 0.0204 3328.07
4.24E+09 0.0203 3325.31
4.27E+09 0.0199 3322.82
4.31E+09 0.0197 3320.05
4.35E+09 0.0188 3317.22
4.39E+09 0.0188 3314.66
4.43E+09 0.0186 3312.02
4.47E+09 0.0183 3309.1
4.51E+09 0.0184 3306.17
4.55E+09 0.0178 3303.34
4.60E+09 0.0178 3300.29
4.64E+09 0.0174 3297.3
4.68E+09 0.0171 3294.57
4.73E+09 0.0165 3291.83
4.77E+09 0.0164 3289.1
4.82E+09 0.0161 3286.4
4.86E+09 0.0158 3283.56
4.91E+09 0.0157 3280.98
4.95E+09 0.0155 3278.42
5.00E+09 0.0160 3275.67
