0.00E+00 -0.4834 5003.65
2.45E+08 0.1412 4843.13
3.51E+08 0.1395 4744.92
5.46E+08 0.1309 4571.58
7.52E+08 0.1106 4404.15
8.82E+08 0.1070 4307.71
9.64E+08 0.1055 4247.8
1.04E+09 0.0954 4197.24
1.10E+09 0.0911 4162.14
1.17E+09 0.0860 4124.43
1.24E+09 0.0821 4083.01
1.30E+09 0.0746 4052.82
1.37E+09 0.0698 4023.03
1.43E+09 0.0604 3997.31
1.50E+09 0.0668 3968.13
1.56E+09 0.0574 3940.78
1.62E+09 0.0511 3920.97
1.70E+09 0.0494 3895.22
1.78E+09 0.0497 3867.23
1.85E+09 0.0423 3847.69
1.89E+09 0.0390 3836.34
1.95E+09 0.0293 3824.08
2.02E+09 0.0395 3807.07
2.10E+09 0.0357 3789.27
2.16E+09 0.0310 3776.45
2.21E+09 0.0279 3766.79
2.26E+09 0.0267 3757.57
2.30E+09 0.0240 3749.64
2.35E+09 0.0226 3742.88
2.41E+09 0.0261 3732.66
2.47E+09 0.0234 3722.67
2.52E+09 0.0220 3715.68
2.58E+09 0.0218 3707.14
2.64E+09 0.0222 3698.16
2.70E+09 0.0207 3689.8
2.75E+09 0.0177 3683.44
2.82E+09 0.0157 3675.97
2.87E+09 0.0201 3670.44
2.94E+09 0.0172 3661.98
3.00E+09 0.0161 3655.38
3.07E+09 0.0144 3648.81
3.14E+09 0.0152 3641.78
3.22E+09 0.0157 3633.8
3.28E+09 0.0143 3627.38
3.35E+09 0.0141 3621.63
3.42E+09 0.0126 3614.84
3.50E+09 0.0129 3608.7
3.58E+09 0.0120 3601.95
3.66E+09 0.0121 3595.82
3.74E+09 0.0107 3589.96
3.82E+09 0.0095 3584.53
3.90E+09 0.0091 3580.01
3.97E+09 0.0091 3575.41
4.06E+09 0.0083 3570.22
4.14E+09 0.0084 3566.1
4.22E+09 0.0081 3561.85
4.30E+09 0.0077 3557.68
4.39E+09 0.0081 3553.01
4.48E+09 0.0075 3548.42
4.58E+09 0.0078 3543.71
4.67E+09 0.0071 3538.99
4.77E+09 0.0063 3534.69
4.87E+09 0.0054 3530.93
4.97E+09 0.0056 3527.28
