0.00E+00 -0.4955 4970.1
3.09E+08 0.1112 4798.4
3.80E+08 0.1130 4758.63
3.98E+08 0.1388 4745.09
4.58E+08 0.1400 4700.43
5.04E+08 0.1419 4661.99
5.78E+08 0.1275 4609.86
6.64E+08 0.1530 4540.84
7.81E+08 0.1300 4451.23
8.90E+08 0.1161 4378.26
9.84E+08 0.1052 4321.34
1.06E+09 0.0985 4281.74
1.11E+09 0.1039 4253.31
1.15E+09 0.1027 4226.11
1.20E+09 0.0960 4203.47
1.22E+09 0.0946 4188.57
1.26E+09 0.0864 4171.03
1.29E+09 0.0837 4155.63
1.33E+09 0.0827 4140.79
1.38E+09 0.0881 4118.02
1.44E+09 0.0816 4089.64
1.50E+09 0.0762 4064.38
1.54E+09 0.0698 4046.07
1.59E+09 0.0623 4028.89
1.65E+09 0.0669 4009.16
1.69E+09 0.0595 3993.18
1.74E+09 0.0536 3979.89
1.78E+09 0.0577 3966.99
1.82E+09 0.0514 3954.64
1.85E+09 0.0485 3946.48
1.89E+09 0.0487 3936.7
1.91E+09 0.0437 3929.88
1.95E+09 0.0387 3922.85
1.98E+09 0.0516 3913.77
2.02E+09 0.0472 3904.42
2.05E+09 0.0446 3896.06
2.09E+09 0.0413 3887.69
2.13E+09 0.0454 3877.88
2.17E+09 0.0427 3867.11
2.21E+09 0.0398 3858.09
2.26E+09 0.0369 3847.89
2.30E+09 0.0331 3839.54
2.35E+09 0.0325 3831.74
2.39E+09 0.0332 3824.56
2.43E+09 0.0289 3817.26
2.47E+09 0.0254 3811.55
2.51E+09 0.0307 3804.36
2.55E+09 0.0276 3798.86
2.59E+09 0.0301 3792.99
2.63E+09 0.0312 3785.57
2.68E+09 0.0288 3778.2
2.73E+09 0.0242 3770.35
2.78E+09 0.0272 3763.27
2.83E+09 0.0247 3756.37
2.87E+09 0.0219 3751
2.92E+09 0.0237 3745.1
2.97E+09 0.0228 3739.44
3.03E+09 0.0235 3731.61
3.08E+09 0.0202 3725.84
3.14E+09 0.0196 3718.96
3.20E+09 0.0221 3712.27
3.26E+09 0.0195 3704.63
3.33E+09 0.0183 3698.27
3.37E+09 0.0167 3693.98
3.43E+09 0.0153 3688.84
3.50E+09 0.0153 3683.29
3.56E+09 0.0168 3677.7
3.62E+09 0.0149 3672.28
3.69E+09 0.0145 3666.83
3.76E+09 0.0128 3661.9
3.83E+09 0.0141 3656.52
3.90E+09 0.0136 3651.61
3.96E+09 0.0121 3647.18
4.04E+09 0.0124 3641.75
4.11E+09 0.0109 3637.46
4.19E+09 0.0119 3632.58
4.27E+09 0.0106 3627.39
4.36E+09 0.0102 3622.76
4.43E+09 0.0104 3618.74
4.51E+09 0.0096 3614.21
4.57E+09 0.0085 3611.37
4.66E+09 0.0092 3607.1
4.76E+09 0.0085 3602.35
4.84E+09 0.0085 3598.32
4.93E+09 0.0071 3594.57
