0.00E+00 -0.4061 4480.89
3.18E+07 0.2185 4472.58
3.76E+07 0.2591 4469.23
4.36E+07 0.2872 4465.26
4.84E+07 0.2974 4461.85
5.42E+07 0.2987 4457.68
6.12E+07 0.2961 4452.61
7.51E+07 0.2890 4442.75
9.41E+07 0.2760 4429.75
1.13E+08 0.2595 4417.89
1.31E+08 0.2735 4406.51
1.50E+08 0.2785 4393.71
1.68E+08 0.2872 4381.7
1.81E+08 0.2798 4372.35
1.91E+08 0.2749 4365.73
2.01E+08 0.2676 4359.26
2.15E+08 0.2651 4350.52
2.26E+08 0.2602 4343.5
2.35E+08 0.2551 4337.56
2.42E+08 0.2502 4333.53
2.48E+08 0.2480 4329.71
2.55E+08 0.2472 4325.36
2.62E+08 0.2438 4321.25
2.70E+08 0.2406 4317.09
2.77E+08 0.2390 4312.7
2.84E+08 0.2342 4308.95
2.91E+08 0.2324 4305.02
2.97E+08 0.2296 4301.55
3.03E+08 0.2266 4297.9
3.10E+08 0.2256 4294.39
3.18E+08 0.2212 4290.14
3.25E+08 0.2179 4286.46
3.31E+08 0.2161 4283.15
3.36E+08 0.2147 4280.31
3.43E+08 0.2120 4276.65
3.51E+08 0.2087 4272.79
3.59E+08 0.2056 4268.83
3.66E+08 0.2028 4265.51
3.72E+08 0.2012 4262.37
3.78E+08 0.1989 4259.53
3.85E+08 0.1958 4256.34
3.92E+08 0.1933 4252.96
4.00E+08 0.1924 4249.2
4.08E+08 0.1891 4245.34
4.15E+08 0.1851 4242.5
4.22E+08 0.1846 4239.34
4.29E+08 0.1811 4236.13
4.37E+08 0.1794 4232.77
4.45E+08 0.1763 4229.23
4.52E+08 0.1751 4226.08
4.60E+08 0.1724 4222.73
4.67E+08 0.1695 4219.91
4.73E+08 0.1686 4217.53
4.80E+08 0.1677 4214.8
4.85E+08 0.1655 4212.51
4.91E+08 0.1643 4210.03
4.98E+08 0.1633 4207.55
5.03E+08 0.1623 4205.45
5.09E+08 0.1604 4202.93
5.15E+08 0.1601 4200.8
5.21E+08 0.1592 4198.58
5.27E+08 0.1576 4196.19
5.34E+08 0.1568 4193.71
5.40E+08 0.1563 4191.34
5.46E+08 0.1552 4188.94
5.53E+08 0.1546 4186.45
5.59E+08 0.1540 4184.09
5.65E+08 0.1541 4181.91
5.70E+08 0.1520 4179.91
5.76E+08 0.1515 4177.97
5.80E+08 0.1509 4176.22
5.86E+08 0.1512 4174.04
5.92E+08 0.1507 4172.06
5.97E+08 0.1496 4170.18
6.02E+08 0.1485 4168.23
6.09E+08 0.1487 4165.86
6.15E+08 0.1482 4163.88
6.20E+08 0.1477 4162
6.27E+08 0.1471 4159.61
6.34E+08 0.1472 4157.11
6.41E+08 0.1452 4154.45
6.47E+08 0.1446 4152.3
6.53E+08 0.1451 4150.21
6.60E+08 0.1443 4147.74
6.67E+08 0.1428 4145.27
6.74E+08 0.1422 4143.02
6.81E+08 0.1420 4140.6
6.87E+08 0.1401 4138.59
6.92E+08 0.1426 4136.64
7.00E+08 0.1411 4134.14
7.06E+08 0.1401 4131.98
7.12E+08 0.1405 4129.88
7.19E+08 0.1396 4127.74
7.24E+08 0.1387 4125.85
7.30E+08 0.1388 4123.87
7.36E+08 0.1384 4121.8
7.43E+08 0.1385 4119.64
7.50E+08 0.1382 4117.19
7.57E+08 0.1369 4114.8
7.64E+08 0.1377 4112.61
7.71E+08 0.1370 4110.37
7.78E+08 0.1368 4107.89
7.85E+08 0.1361 4105.74
7.91E+08 0.1352 4103.5
7.98E+08 0.1351 4101.27
8.05E+08 0.1346 4099.05
8.12E+08 0.1345 4096.89
8.18E+08 0.1339 4094.96
8.25E+08 0.1336 4092.72
8.32E+08 0.1325 4090.2
8.39E+08 0.1328 4088.11
8.46E+08 0.1321 4085.97
8.51E+08 0.1321 4084.09
8.58E+08 0.1316 4082.1
8.64E+08 0.1314 4080.1
8.70E+08 0.1305 4078.21
8.76E+08 0.1302 4076.4
8.81E+08 0.1312 4074.58
8.88E+08 0.1302 4072.61
8.94E+08 0.1293 4070.66
9.00E+08 0.1302 4068.6
9.07E+08 0.1298 4066.53
9.14E+08 0.1284 4064.37
9.21E+08 0.1288 4062.32
9.28E+08 0.1272 4060.02
9.33E+08 0.1272 4058.38
9.39E+08 0.1280 4056.65
9.46E+08 0.1273 4054.35
9.53E+08 0.1277 4052.3
9.61E+08 0.1257 4049.99
9.68E+08 0.1254 4047.88
9.74E+08 0.1258 4045.93
9.80E+08 0.1246 4044.13
9.86E+08 0.1242 4042.19
9.94E+08 0.1254 4039.97
1.00E+09 0.1245 4037.51
1.01E+09 0.1242 4035.41
1.02E+09 0.1237 4033.36
1.02E+09 0.1226 4031.28
1.03E+09 0.1230 4029.62
1.04E+09 0.1227 4027.63
1.04E+09 0.1222 4025.61
1.05E+09 0.1216 4023.51
1.06E+09 0.1213 4021.35
1.06E+09 0.1213 4019.25
1.07E+09 0.1212 4017.34
1.08E+09 0.1203 4015.04
1.09E+09 0.1199 4012.94
1.09E+09 0.1191 4010.74
1.10E+09 0.1189 4008.5
1.11E+09 0.1195 4006.21
1.12E+09 0.1193 4004.06
1.12E+09 0.1184 4002.02
1.13E+09 0.1178 3999.71
1.14E+09 0.1174 3997.43
1.15E+09 0.1163 3995.68
1.15E+09 0.1156 3993.83
1.16E+09 0.1165 3991.74
1.17E+09 0.1163 3989.53
1.18E+09 0.1157 3987.24
1.18E+09 0.1159 3985.36
1.19E+09 0.1149 3983.52
1.20E+09 0.1153 3981.39
1.20E+09 0.1150 3979.27
1.21E+09 0.1140 3977.47
1.22E+09 0.1144 3975.33
1.23E+09 0.1150 3973.16
1.23E+09 0.1139 3970.75
1.24E+09 0.1124 3968.62
1.25E+09 0.1125 3966.74
1.26E+09 0.1128 3965.06
1.26E+09 0.1124 3963.23
1.27E+09 0.1118 3961.1
1.28E+09 0.1114 3958.88
1.29E+09 0.1119 3956.65
1.29E+09 0.1119 3954.51
1.30E+09 0.1111 3952.25
1.31E+09 0.1118 3950.07
1.32E+09 0.1097 3948.12
1.32E+09 0.1098 3946.37
1.33E+09 0.1087 3944.34
1.34E+09 0.1092 3942.34
1.35E+09 0.1090 3940.02
1.36E+09 0.1088 3937.76
1.36E+09 0.1095 3935.89
1.37E+09 0.1079 3933.68
1.38E+09 0.1081 3931.61
1.39E+09 0.1078 3929.47
1.40E+09 0.1082 3927.34
1.41E+09 0.1074 3924.82
1.42E+09 0.1066 3922.59
1.42E+09 0.1064 3920.3
1.43E+09 0.1056 3918.39
1.44E+09 0.1054 3916.6
1.45E+09 0.1057 3914.73
1.46E+09 0.1048 3912.4
1.46E+09 0.1041 3910.23
1.47E+09 0.1039 3908.31
1.48E+09 0.1040 3906.37
1.49E+09 0.1038 3904.7
1.49E+09 0.1038 3902.58
1.50E+09 0.1022 3900.3
1.51E+09 0.1034 3898.19
1.52E+09 0.1030 3896.13
1.53E+09 0.1021 3893.74
1.54E+09 0.1026 3891.47
1.55E+09 0.1010 3889.37
1.56E+09 0.1011 3887.45
1.56E+09 0.0997 3885.5
1.57E+09 0.1007 3883.47
1.58E+09 0.1000 3881.35
1.59E+09 0.0991 3879.2
1.60E+09 0.0993 3877.18
1.61E+09 0.0990 3874.77
1.62E+09 0.0978 3872.36
1.63E+09 0.0979 3870.11
1.64E+09 0.0973 3868.03
1.65E+09 0.0972 3865.97
1.65E+09 0.0972 3864.01
1.66E+09 0.0969 3862.08
1.67E+09 0.0965 3859.87
1.68E+09 0.0957 3857.52
1.69E+09 0.0962 3855.18
1.70E+09 0.0955 3853.06
1.71E+09 0.0951 3851
1.72E+09 0.0944 3848.54
1.73E+09 0.0945 3846.15
1.74E+09 0.0938 3843.88
1.75E+09 0.0940 3841.79
1.76E+09 0.0934 3840.1
1.77E+09 0.0922 3838.22
1.77E+09 0.0925 3836.37
1.78E+09 0.0919 3834.32
1.79E+09 0.0915 3832.39
1.80E+09 0.0921 3830.68
1.81E+09 0.0916 3828.58
1.82E+09 0.0909 3826.65
1.83E+09 0.0910 3824.74
1.84E+09 0.0911 3822.58
1.85E+09 0.0908 3820.46
1.85E+09 0.0898 3818.54
1.86E+09 0.0888 3816.54
1.87E+09 0.0891 3814.51
1.88E+09 0.0888 3812.45
1.89E+09 0.0886 3810.44
1.90E+09 0.0879 3808.69
1.91E+09 0.0884 3806.92
1.92E+09 0.0880 3805.12
1.92E+09 0.0871 3803.51
1.93E+09 0.0874 3801.69
1.94E+09 0.0869 3799.72
1.95E+09 0.0862 3797.68
1.96E+09 0.0873 3795.6
1.97E+09 0.0860 3793.14
1.98E+09 0.0852 3790.9
1.99E+09 0.0852 3789.06
2.00E+09 0.0853 3787.17
2.01E+09 0.0856 3785.33
2.02E+09 0.0848 3783.61
2.03E+09 0.0846 3781.54
2.04E+09 0.0840 3779.3
2.05E+09 0.0836 3777.09
2.06E+09 0.0830 3775.21
2.07E+09 0.0825 3773.36
2.08E+09 0.0823 3771.18
2.09E+09 0.0817 3769.09
2.10E+09 0.0825 3767.1
2.11E+09 0.0815 3764.83
2.12E+09 0.0807 3762.77
2.13E+09 0.0802 3760.92
2.14E+09 0.0807 3759.03
2.15E+09 0.0797 3757.3
2.16E+09 0.0790 3755.5
2.17E+09 0.0802 3753.31
2.18E+09 0.0794 3751.18
2.20E+09 0.0791 3748.93
2.21E+09 0.0785 3746.72
2.22E+09 0.0783 3744.86
2.23E+09 0.0779 3743.06
2.24E+09 0.0782 3741.32
2.25E+09 0.0772 3739.67
2.26E+09 0.0774 3737.77
2.27E+09 0.0769 3735.84
2.28E+09 0.0767 3733.98
2.29E+09 0.0764 3732.04
2.30E+09 0.0758 3730.15
2.31E+09 0.0756 3728.15
2.32E+09 0.0757 3725.98
2.33E+09 0.0754 3723.97
2.34E+09 0.0747 3721.94
2.35E+09 0.0750 3719.79
2.36E+09 0.0740 3717.67
2.38E+09 0.0743 3715.6
2.39E+09 0.0736 3713.72
2.40E+09 0.0740 3711.62
2.41E+09 0.0729 3709.63
2.42E+09 0.0727 3707.44
2.43E+09 0.0725 3705.47
2.44E+09 0.0718 3703.69
2.46E+09 0.0723 3701.52
2.47E+09 0.0718 3699.29
2.48E+09 0.0713 3697.36
2.49E+09 0.0706 3695.44
2.50E+09 0.0708 3693.52
2.51E+09 0.0710 3691.55
2.53E+09 0.0703 3689.43
2.54E+09 0.0696 3687.42
2.55E+09 0.0690 3685.4
2.56E+09 0.0695 3683.46
2.57E+09 0.0691 3681.6
2.58E+09 0.0693 3679.58
2.60E+09 0.0689 3677.64
2.61E+09 0.0688 3675.35
2.62E+09 0.0680 3673.24
2.63E+09 0.0680 3671.33
2.65E+09 0.0677 3669.17
2.66E+09 0.0675 3667.33
2.67E+09 0.0668 3665.32
2.68E+09 0.0664 3663.5
2.70E+09 0.0667 3661.45
2.71E+09 0.0657 3659.12
2.72E+09 0.0662 3657.12
2.74E+09 0.0655 3655.04
2.75E+09 0.0650 3652.94
2.76E+09 0.0649 3650.94
2.77E+09 0.0646 3648.97
2.79E+09 0.0641 3646.91
2.80E+09 0.0643 3645
2.81E+09 0.0637 3643.05
2.83E+09 0.0633 3640.88
2.84E+09 0.0629 3638.83
2.85E+09 0.0629 3636.96
2.86E+09 0.0624 3635.35
2.87E+09 0.0622 3633.61
2.89E+09 0.0617 3631.63
2.90E+09 0.0625 3629.55
2.91E+09 0.0620 3627.65
2.93E+09 0.0615 3625.53
2.94E+09 0.0607 3623.68
2.95E+09 0.0607 3621.63
2.97E+09 0.0605 3619.85
2.98E+09 0.0604 3617.86
2.99E+09 0.0601 3615.88
3.01E+09 0.0599 3613.92
3.02E+09 0.0595 3612.09
3.03E+09 0.0596 3610.24
3.05E+09 0.0590 3608.26
3.06E+09 0.0581 3606.37
3.07E+09 0.0584 3604.5
3.09E+09 0.0581 3602.56
3.10E+09 0.0584 3600.84
3.11E+09 0.0576 3598.8
3.13E+09 0.0579 3597.02
3.14E+09 0.0572 3594.97
3.16E+09 0.0576 3592.98
3.17E+09 0.0572 3590.84
3.19E+09 0.0565 3588.78
3.20E+09 0.0562 3586.98
3.21E+09 0.0558 3585.36
3.22E+09 0.0561 3583.7
3.24E+09 0.0559 3581.91
3.25E+09 0.0548 3580
3.26E+09 0.0549 3578.31
3.28E+09 0.0551 3576.34
3.29E+09 0.0542 3574.75
3.30E+09 0.0546 3572.91
3.32E+09 0.0543 3571.14
3.33E+09 0.0539 3569.35
3.35E+09 0.0537 3567.44
3.36E+09 0.0538 3565.79
3.37E+09 0.0530 3563.86
3.39E+09 0.0530 3561.97
3.40E+09 0.0531 3560.21
3.42E+09 0.0528 3558.26
3.43E+09 0.0522 3556.33
3.45E+09 0.0522 3554.55
3.46E+09 0.0515 3552.81
3.47E+09 0.0516 3551.03
3.49E+09 0.0510 3549.34
3.50E+09 0.0514 3547.66
3.52E+09 0.0510 3545.73
3.53E+09 0.0510 3543.81
3.55E+09 0.0505 3541.79
3.57E+09 0.0502 3539.88
3.58E+09 0.0499 3538
3.60E+09 0.0499 3536.13
3.61E+09 0.0494 3534.19
3.63E+09 0.0489 3532.26
3.64E+09 0.0491 3530.51
3.66E+09 0.0491 3528.53
3.68E+09 0.0485 3526.73
3.69E+09 0.0482 3524.99
3.70E+09 0.0472 3523.4
3.72E+09 0.0474 3521.56
3.74E+09 0.0474 3519.71
3.75E+09 0.0470 3517.84
3.77E+09 0.0465 3516.09
3.78E+09 0.0464 3514.52
3.80E+09 0.0469 3513.01
3.81E+09 0.0464 3511.24
3.83E+09 0.0461 3509.6
3.84E+09 0.0459 3507.98
3.86E+09 0.0457 3506.2
3.87E+09 0.0451 3504.52
3.89E+09 0.0453 3502.66
3.90E+09 0.0451 3501.21
3.92E+09 0.0443 3499.44
3.94E+09 0.0443 3497.56
3.95E+09 0.0448 3495.83
3.97E+09 0.0447 3494.01
3.99E+09 0.0443 3492.05
4.00E+09 0.0437 3490.1
4.02E+09 0.0439 3488.21
4.04E+09 0.0433 3486.24
4.06E+09 0.0426 3484.45
4.07E+09 0.0427 3482.84
4.09E+09 0.0428 3481.07
4.11E+09 0.0427 3479.26
4.13E+09 0.0421 3477.51
4.14E+09 0.0418 3475.68
4.16E+09 0.0419 3473.67
4.18E+09 0.0416 3471.75
4.20E+09 0.0417 3469.82
4.22E+09 0.0409 3467.88
4.24E+09 0.0411 3466.18
4.26E+09 0.0406 3464.2
4.28E+09 0.0399 3462.4
4.29E+09 0.0405 3460.86
4.31E+09 0.0398 3459.03
4.33E+09 0.0398 3457.42
4.35E+09 0.0397 3455.54
4.37E+09 0.0390 3453.84
4.38E+09 0.0394 3452.08
4.40E+09 0.0385 3450.23
4.42E+09 0.0386 3448.52
4.44E+09 0.0386 3446.88
4.46E+09 0.0384 3445.12
4.48E+09 0.0383 3443.42
4.49E+09 0.0379 3441.81
4.51E+09 0.0380 3440.29
4.53E+09 0.0379 3438.56
4.55E+09 0.0372 3436.8
4.57E+09 0.0370 3435.19
4.58E+09 0.0368 3433.67
4.61E+09 0.0364 3431.81
4.62E+09 0.0367 3430.12
4.64E+09 0.0365 3428.58
4.66E+09 0.0365 3426.87
4.68E+09 0.0359 3425.12
4.70E+09 0.0360 3423.45
4.72E+09 0.0358 3421.51
4.75E+09 0.0354 3419.55
4.77E+09 0.0354 3417.89
4.79E+09 0.0349 3416.06
4.81E+09 0.0346 3414.19
4.83E+09 0.0342 3412.55
4.85E+09 0.0346 3410.95
4.87E+09 0.0345 3409.13
4.89E+09 0.0337 3407.42
4.91E+09 0.0338 3405.81
4.93E+09 0.0334 3404.23
4.95E+09 0.0332 3402.52
4.97E+09 0.0333 3400.88
4.99E+09 0.0331 3399.26
