0.00E+00 -0.4523 4818.99
3.81E+08 0.0846 4599.99
4.35E+08 0.0799 4563.34
5.82E+08 0.0813 4465.25
8.28E+08 0.0876 4287.56
9.82E+08 0.0755 4192.78
1.10E+09 0.0669 4128.95
1.20E+09 0.0609 4079.54
1.30E+09 0.0566 4036.05
1.41E+09 0.0521 3992.58
1.50E+09 0.0575 3952.89
1.59E+09 0.0481 3919.62
1.66E+09 0.0457 3894.46
1.74E+09 0.0355 3869.69
1.81E+09 0.0372 3850.1
1.93E+09 0.0331 3820.05
2.03E+09 0.0332 3793.29
2.13E+09 0.0259 3771.54
2.19E+09 0.0229 3759.52
2.27E+09 0.0186 3747.47
2.36E+09 0.0240 3733.3
2.42E+09 0.0216 3721.79
2.49E+09 0.0190 3711.45
2.55E+09 0.0173 3702.36
2.61E+09 0.0178 3695.2
2.67E+09 0.0191 3685.93
2.74E+09 0.0182 3676.92
2.81E+09 0.0170 3667.79
2.87E+09 0.0159 3659.46
2.95E+09 0.0146 3650.37
3.03E+09 0.0135 3642.29
3.10E+09 0.0125 3634.71
3.18E+09 0.0120 3627.42
3.25E+09 0.0105 3621.25
3.33E+09 0.0099 3615.38
3.41E+09 0.0096 3609.81
3.49E+09 0.0103 3603.31
3.58E+09 0.0105 3596.46
3.66E+09 0.0097 3589.82
3.75E+09 0.0088 3583.93
3.84E+09 0.0081 3578.26
3.92E+09 0.0081 3573.21
4.02E+09 0.0069 3567.48
4.12E+09 0.0065 3562.65
4.20E+09 0.0065 3558.4
4.30E+09 0.0058 3553.95
4.41E+09 0.0061 3549.24
4.50E+09 0.0065 3544.49
4.60E+09 0.0057 3539.75
4.71E+09 0.0052 3535.49
4.81E+09 0.0047 3531.58
4.92E+09 0.0043 3527.88
