0.00E+00 -0.4574 4815.6
2.69E+07 0.2769 4805.86
3.39E+07 0.3390 4800.01
4.32E+07 0.3613 4791.28
5.58E+07 0.3548 4779.06
7.39E+07 0.3286 4762.39
1.00E+08 0.3110 4740.47
1.19E+08 0.3373 4724.09
1.43E+08 0.3325 4702.24
1.64E+08 0.3355 4683.66
1.84E+08 0.3264 4665.57
1.98E+08 0.3174 4653.46
2.07E+08 0.3106 4645.55
2.18E+08 0.3060 4637.11
2.26E+08 0.3041 4630.03
2.34E+08 0.3015 4624.16
2.43E+08 0.2981 4616.81
2.52E+08 0.2959 4609.22
2.61E+08 0.2893 4602.31
2.70E+08 0.2869 4595.76
2.79E+08 0.2856 4588.77
2.87E+08 0.2801 4582.14
2.95E+08 0.2796 4576.81
3.03E+08 0.2733 4570.77
3.09E+08 0.2728 4565.92
3.18E+08 0.2686 4559.59
3.26E+08 0.2642 4554.03
3.34E+08 0.2631 4548.5
3.42E+08 0.2584 4542.59
3.49E+08 0.2549 4538.14
3.55E+08 0.2538 4533.39
3.62E+08 0.2488 4529.17
3.68E+08 0.2505 4524.78
3.77E+08 0.2453 4519.25
3.86E+08 0.2425 4513.44
3.92E+08 0.2379 4509.25
3.99E+08 0.2368 4504.84
4.07E+08 0.2346 4500.07
4.15E+08 0.2315 4494.92
4.23E+08 0.2280 4490.04
4.30E+08 0.2252 4485.77
4.38E+08 0.2232 4480.83
4.46E+08 0.2202 4476.19
4.53E+08 0.2180 4471.79
4.62E+08 0.2161 4467.01
4.71E+08 0.2100 4461.66
4.79E+08 0.2100 4457.32
4.87E+08 0.2060 4452.46
4.97E+08 0.2032 4447.16
5.06E+08 0.2005 4442.37
5.14E+08 0.1989 4437.88
5.22E+08 0.1964 4433.58
5.30E+08 0.1937 4429.61
5.37E+08 0.1913 4425.78
5.44E+08 0.1910 4422.22
5.53E+08 0.1892 4417.8
5.59E+08 0.1868 4414.65
5.65E+08 0.1853 4411.7
5.72E+08 0.1850 4408.14
5.79E+08 0.1842 4405
5.85E+08 0.1825 4401.76
5.91E+08 0.1809 4398.84
5.97E+08 0.1807 4395.86
6.05E+08 0.1807 4392.2
6.12E+08 0.1800 4388.66
6.19E+08 0.1788 4385.57
6.25E+08 0.1787 4382.43
6.31E+08 0.1778 4379.55
6.37E+08 0.1767 4376.65
6.44E+08 0.1765 4373.19
6.52E+08 0.1755 4369.78
6.58E+08 0.1751 4366.94
6.64E+08 0.1748 4364.19
6.69E+08 0.1732 4361.56
6.76E+08 0.1741 4358.45
6.82E+08 0.1738 4355.41
6.89E+08 0.1717 4352.28
6.95E+08 0.1713 4349.75
7.00E+08 0.1715 4347.34
7.06E+08 0.1716 4344.45
7.13E+08 0.1702 4341.46
7.21E+08 0.1696 4337.82
7.27E+08 0.1703 4334.86
7.34E+08 0.1689 4331.66
7.41E+08 0.1681 4328.66
7.47E+08 0.1663 4325.78
7.54E+08 0.1670 4322.73
7.61E+08 0.1657 4319.66
7.68E+08 0.1655 4316.74
7.73E+08 0.1666 4314.26
7.80E+08 0.1632 4311.07
7.86E+08 0.1643 4308.79
7.92E+08 0.1643 4305.79
7.99E+08 0.1626 4302.82
8.07E+08 0.1626 4299.59
8.13E+08 0.1617 4296.94
8.19E+08 0.1612 4294.13
8.26E+08 0.1609 4291.19
8.32E+08 0.1610 4288.44
8.41E+08 0.1601 4284.94
8.48E+08 0.1586 4281.6
8.55E+08 0.1593 4278.86
8.62E+08 0.1589 4275.82
8.70E+08 0.1571 4272.52
8.77E+08 0.1572 4269.45
8.84E+08 0.1550 4266.51
8.91E+08 0.1556 4263.52
8.99E+08 0.1550 4260.45
9.06E+08 0.1542 4257.49
9.13E+08 0.1539 4254.6
9.21E+08 0.1534 4251.39
9.29E+08 0.1509 4247.94
9.37E+08 0.1516 4244.8
9.43E+08 0.1511 4242.22
9.50E+08 0.1503 4239.29
9.57E+08 0.1499 4236.57
9.64E+08 0.1505 4233.79
9.69E+08 0.1493 4231.82
9.76E+08 0.1485 4229.18
9.82E+08 0.1483 4226.61
9.88E+08 0.1484 4224.15
9.96E+08 0.1478 4220.98
1.00E+09 0.1474 4217.84
1.01E+09 0.1461 4215.14
1.02E+09 0.1460 4212.5
1.02E+09 0.1458 4209.78
1.03E+09 0.1450 4207.12
1.04E+09 0.1459 4204.29
1.05E+09 0.1446 4201.15
1.05E+09 0.1439 4198.15
1.06E+09 0.1439 4194.78
1.07E+09 0.1423 4191.68
1.08E+09 0.1420 4189.06
1.09E+09 0.1418 4186.08
1.09E+09 0.1401 4183.41
1.10E+09 0.1409 4180.41
1.11E+09 0.1390 4177.83
1.12E+09 0.1396 4174.86
1.12E+09 0.1389 4171.76
1.13E+09 0.1389 4168.55
1.14E+09 0.1382 4165.33
1.15E+09 0.1376 4162.09
1.16E+09 0.1367 4159.29
1.17E+09 0.1354 4156.61
1.17E+09 0.1360 4153.51
1.18E+09 0.1359 4150.62
1.19E+09 0.1343 4147.46
1.20E+09 0.1336 4144.35
1.21E+09 0.1333 4141.49
1.22E+09 0.1342 4138.53
1.22E+09 0.1321 4136.01
1.23E+09 0.1324 4132.94
1.24E+09 0.1321 4129.67
1.25E+09 0.1311 4126.64
1.26E+09 0.1303 4123.7
1.27E+09 0.1308 4120.78
1.27E+09 0.1288 4118.11
1.28E+09 0.1293 4115.09
1.29E+09 0.1296 4112.47
1.30E+09 0.1279 4109.16
1.31E+09 0.1285 4106.03
1.32E+09 0.1278 4103.13
1.33E+09 0.1267 4099.92
1.33E+09 0.1267 4097.09
1.34E+09 0.1253 4094.3
1.35E+09 0.1253 4092.12
1.36E+09 0.1248 4088.99
1.37E+09 0.1239 4086.21
1.38E+09 0.1234 4083.39
1.38E+09 0.1234 4080.31
1.39E+09 0.1217 4077.66
1.40E+09 0.1222 4074.96
1.41E+09 0.1221 4072.13
1.42E+09 0.1222 4068.8
1.43E+09 0.1211 4065.37
1.44E+09 0.1201 4062.71
1.45E+09 0.1195 4059.91
1.46E+09 0.1198 4057.12
1.47E+09 0.1192 4053.99
1.47E+09 0.1184 4051.22
1.49E+09 0.1187 4047.8
1.49E+09 0.1171 4045.02
1.50E+09 0.1166 4042.17
1.51E+09 0.1168 4040
1.52E+09 0.1159 4037.52
1.53E+09 0.1166 4034.84
1.54E+09 0.1150 4031.88
1.55E+09 0.1142 4028.88
1.55E+09 0.1139 4026.2
1.56E+09 0.1137 4023.14
1.57E+09 0.1128 4020.35
1.58E+09 0.1130 4017.45
1.59E+09 0.1119 4014.67
1.60E+09 0.1126 4011.86
1.61E+09 0.1118 4009.21
1.62E+09 0.1117 4006.17
1.63E+09 0.1099 4002.89
1.64E+09 0.1102 3999.79
1.65E+09 0.1100 3996.54
1.66E+09 0.1085 3993.23
1.67E+09 0.1084 3990.51
1.68E+09 0.1085 3987.9
1.70E+09 0.1068 3984.48
1.70E+09 0.1069 3981.66
1.71E+09 0.1065 3978.82
1.72E+09 0.1063 3976.19
1.73E+09 0.1045 3973.39
1.74E+09 0.1048 3970.58
1.75E+09 0.1049 3967.66
1.76E+09 0.1039 3964.89
1.77E+09 0.1046 3962.43
1.78E+09 0.1029 3959.45
1.79E+09 0.1027 3956.74
1.80E+09 0.1015 3954.18
1.81E+09 0.1027 3951.06
1.83E+09 0.1014 3947.85
1.84E+09 0.1012 3944.94
1.85E+09 0.1005 3942.01
1.86E+09 0.1009 3939.22
1.87E+09 0.0993 3936.02
1.88E+09 0.0999 3933.24
1.89E+09 0.0993 3930.26
1.90E+09 0.0988 3926.9
1.92E+09 0.0977 3923.83
1.93E+09 0.0979 3920.49
1.94E+09 0.0968 3917.09
1.95E+09 0.0958 3914.31
1.96E+09 0.0959 3911.65
1.97E+09 0.0967 3908.67
1.99E+09 0.0957 3905.42
2.00E+09 0.0935 3902.45
2.01E+09 0.0935 3899.33
2.02E+09 0.0932 3896.56
2.03E+09 0.0924 3893.67
2.04E+09 0.0925 3891.04
2.06E+09 0.0917 3888.04
2.07E+09 0.0917 3885.14
2.08E+09 0.0906 3882.32
2.09E+09 0.0914 3879.67
2.10E+09 0.0904 3877.06
2.11E+09 0.0904 3874.29
2.12E+09 0.0900 3871.65
2.13E+09 0.0883 3869.1
2.14E+09 0.0885 3866.76
2.15E+09 0.0890 3864.81
2.16E+09 0.0884 3862.17
2.17E+09 0.0882 3859.78
2.18E+09 0.0877 3857.42
2.19E+09 0.0876 3854.9
2.21E+09 0.0875 3852.21
2.22E+09 0.0872 3849.41
2.23E+09 0.0865 3846.43
2.24E+09 0.0859 3843.81
2.25E+09 0.0858 3841.25
2.26E+09 0.0848 3838.57
2.28E+09 0.0850 3835.96
2.29E+09 0.0846 3833
2.30E+09 0.0834 3830.13
2.32E+09 0.0831 3827.11
2.33E+09 0.0829 3824.25
2.34E+09 0.0829 3821.51
2.35E+09 0.0820 3818.62
2.36E+09 0.0818 3816.38
2.38E+09 0.0812 3813.58
2.39E+09 0.0808 3810.83
2.40E+09 0.0800 3808.27
2.41E+09 0.0799 3805.95
2.42E+09 0.0794 3803.14
2.44E+09 0.0792 3800.51
2.45E+09 0.0794 3798.02
2.46E+09 0.0789 3795.12
2.48E+09 0.0781 3792.42
2.49E+09 0.0782 3789.9
2.50E+09 0.0774 3787.15
2.51E+09 0.0770 3784.31
2.53E+09 0.0769 3781.36
2.54E+09 0.0766 3778.84
2.56E+09 0.0762 3776.03
2.57E+09 0.0749 3773.25
2.58E+09 0.0755 3770.36
2.60E+09 0.0751 3767.22
2.61E+09 0.0744 3764.14
2.63E+09 0.0742 3761.1
2.64E+09 0.0733 3758.45
2.66E+09 0.0728 3755.96
2.67E+09 0.0726 3753.8
2.68E+09 0.0726 3751.38
2.69E+09 0.0719 3749.02
2.70E+09 0.0715 3746.67
2.72E+09 0.0714 3744.09
2.73E+09 0.0712 3741.28
2.75E+09 0.0702 3738.53
2.76E+09 0.0703 3735.87
2.77E+09 0.0705 3733.31
2.79E+09 0.0695 3730.74
2.80E+09 0.0692 3728.19
2.82E+09 0.0691 3725.38
2.83E+09 0.0688 3722.64
2.85E+09 0.0682 3719.87
2.86E+09 0.0668 3717.22
2.88E+09 0.0674 3714.57
2.89E+09 0.0674 3712.28
2.90E+09 0.0666 3709.68
2.92E+09 0.0666 3706.94
2.93E+09 0.0658 3704.25
2.95E+09 0.0653 3701.64
2.96E+09 0.0650 3699.03
2.98E+09 0.0649 3696.07
3.00E+09 0.0640 3693.2
3.01E+09 0.0639 3690.65
3.03E+09 0.0639 3688.18
3.04E+09 0.0633 3685.81
3.05E+09 0.0628 3683.58
3.07E+09 0.0618 3681.41
3.08E+09 0.0620 3679.14
3.09E+09 0.0620 3677.28
3.10E+09 0.0619 3675.26
3.12E+09 0.0616 3672.84
3.13E+09 0.0613 3670.1
3.15E+09 0.0603 3667.3
3.17E+09 0.0599 3664.52
3.18E+09 0.0603 3662.06
3.20E+09 0.0588 3659.36
3.22E+09 0.0581 3657.11
3.23E+09 0.0587 3655.06
3.24E+09 0.0586 3652.54
3.26E+09 0.0579 3650.3
3.28E+09 0.0572 3647.65
3.29E+09 0.0578 3645.03
3.31E+09 0.0569 3642.24
3.33E+09 0.0566 3639.44
3.35E+09 0.0565 3637
3.36E+09 0.0558 3634.78
3.38E+09 0.0555 3632.35
3.39E+09 0.0548 3630.15
3.41E+09 0.0550 3627.55
3.43E+09 0.0550 3625.08
3.44E+09 0.0546 3622.76
3.46E+09 0.0544 3620.32
3.48E+09 0.0540 3617.64
3.50E+09 0.0534 3614.86
3.52E+09 0.0527 3612.05
3.53E+09 0.0526 3609.8
3.55E+09 0.0524 3607.5
3.56E+09 0.0524 3605.09
3.58E+09 0.0520 3602.43
3.60E+09 0.0516 3599.89
3.62E+09 0.0514 3597.35
3.64E+09 0.0507 3594.8
3.66E+09 0.0504 3592.08
3.68E+09 0.0499 3589.54
3.70E+09 0.0503 3587.12
3.71E+09 0.0491 3584.74
3.73E+09 0.0488 3582.29
3.75E+09 0.0490 3579.86
3.77E+09 0.0487 3577.45
3.79E+09 0.0486 3575.03
3.81E+09 0.0478 3572.67
3.83E+09 0.0480 3570.27
3.85E+09 0.0474 3567.65
3.87E+09 0.0466 3564.91
3.89E+09 0.0468 3562.67
3.90E+09 0.0465 3560.38
3.92E+09 0.0457 3558.19
3.94E+09 0.0450 3556.03
3.96E+09 0.0450 3553.99
3.97E+09 0.0446 3552.05
3.99E+09 0.0448 3549.83
4.01E+09 0.0444 3547.51
4.03E+09 0.0436 3545.48
4.05E+09 0.0439 3543.03
4.07E+09 0.0433 3540.72
4.09E+09 0.0429 3538.25
4.11E+09 0.0431 3535.77
4.13E+09 0.0427 3533.19
4.16E+09 0.0425 3530.63
4.18E+09 0.0417 3528.2
4.20E+09 0.0414 3525.98
4.22E+09 0.0407 3523.88
4.24E+09 0.0409 3521.49
4.26E+09 0.0409 3519.18
4.28E+09 0.0407 3516.62
4.30E+09 0.0403 3514.42
4.33E+09 0.0398 3511.87
4.35E+09 0.0394 3509.59
4.37E+09 0.0395 3507.33
4.39E+09 0.0392 3505.1
4.41E+09 0.0387 3502.99
4.43E+09 0.0384 3500.74
4.45E+09 0.0379 3498.64
4.48E+09 0.0384 3496.39
4.50E+09 0.0373 3494
4.52E+09 0.0370 3491.73
4.55E+09 0.0371 3489.29
4.57E+09 0.0370 3487.26
4.59E+09 0.0370 3484.99
4.61E+09 0.0364 3482.76
4.64E+09 0.0358 3480.57
4.66E+09 0.0357 3478.48
4.68E+09 0.0351 3476.39
4.70E+09 0.0348 3474.64
4.72E+09 0.0347 3472.82
4.74E+09 0.0346 3470.95
4.76E+09 0.0345 3469.02
4.78E+09 0.0337 3467.22
4.80E+09 0.0341 3465.34
4.83E+09 0.0338 3462.84
4.85E+09 0.0330 3460.84
4.87E+09 0.0330 3458.84
4.89E+09 0.0327 3456.94
4.92E+09 0.0326 3454.73
4.94E+09 0.0323 3452.47
4.97E+09 0.0318 3450.45
4.99E+09 0.0319 3448.45
