0.00E+00 -0.2619 3808.02
3.70E+07 0.1587 3802.03
4.61E+07 0.1922 3797.45
5.73E+07 0.1870 3791.59
8.18E+07 0.1771 3779.33
1.20E+08 0.1658 3761.55
1.53E+08 0.1782 3745.41
1.89E+08 0.1713 3727.63
2.09E+08 0.1674 3717.93
2.28E+08 0.1612 3709.64
2.44E+08 0.1573 3702.38
2.61E+08 0.1538 3694.95
2.77E+08 0.1493 3688.21
2.94E+08 0.1454 3681.48
3.08E+08 0.1429 3675.65
3.21E+08 0.1393 3670.91
3.33E+08 0.1359 3666.12
3.43E+08 0.1326 3662.31
3.54E+08 0.1309 3658.4
3.63E+08 0.1271 3655.09
3.74E+08 0.1257 3651.26
3.86E+08 0.1252 3647.23
3.96E+08 0.1220 3643.57
4.07E+08 0.1211 3639.85
4.19E+08 0.1183 3636.13
4.30E+08 0.1157 3632.4
4.41E+08 0.1132 3629.06
4.54E+08 0.1111 3625
4.66E+08 0.1086 3621.37
4.77E+08 0.1067 3618.19
4.88E+08 0.1038 3614.97
4.98E+08 0.1020 3612.11
5.09E+08 0.1002 3608.78
5.20E+08 0.0979 3606.02
5.29E+08 0.0959 3603.37
5.40E+08 0.0942 3600.62
5.49E+08 0.0927 3598.18
5.60E+08 0.0912 3595.48
5.70E+08 0.0895 3592.81
5.84E+08 0.0875 3589.58
5.96E+08 0.0857 3586.66
6.10E+08 0.0837 3583.37
6.24E+08 0.0812 3580.07
6.35E+08 0.0800 3577.66
6.46E+08 0.0786 3575.31
6.56E+08 0.0773 3573.02
6.67E+08 0.0771 3570.85
6.78E+08 0.0759 3568.53
6.86E+08 0.0755 3566.69
6.96E+08 0.0737 3564.75
7.06E+08 0.0739 3562.67
7.15E+08 0.0734 3560.77
7.23E+08 0.0737 3559.18
7.33E+08 0.0726 3557.12
7.43E+08 0.0723 3555.17
7.52E+08 0.0728 3553.3
7.61E+08 0.0719 3551.56
7.71E+08 0.0713 3549.68
7.79E+08 0.0716 3548.01
7.88E+08 0.0718 3546.18
7.98E+08 0.0713 3544.28
8.06E+08 0.0712 3542.58
8.15E+08 0.0704 3540.83
8.23E+08 0.0689 3539.38
8.29E+08 0.0700 3538.19
8.37E+08 0.0686 3536.66
8.45E+08 0.0688 3535.13
8.53E+08 0.0685 3533.63
8.60E+08 0.0685 3532.26
8.68E+08 0.0683 3530.77
8.77E+08 0.0680 3529.09
8.86E+08 0.0675 3527.35
8.96E+08 0.0674 3525.59
9.05E+08 0.0670 3523.8
9.16E+08 0.0670 3521.85
9.26E+08 0.0663 3519.87
9.37E+08 0.0664 3517.95
9.47E+08 0.0657 3516.04
9.58E+08 0.0658 3514.09
9.68E+08 0.0657 3512.32
9.76E+08 0.0652 3510.73
9.85E+08 0.0653 3509.23
9.92E+08 0.0644 3507.86
1.00E+09 0.0647 3506.45
1.01E+09 0.0651 3504.77
1.02E+09 0.0646 3502.67
1.03E+09 0.0640 3500.94
1.04E+09 0.0632 3499.17
1.05E+09 0.0629 3497.6
1.06E+09 0.0631 3496.26
1.07E+09 0.0631 3494.79
1.07E+09 0.0617 3493.37
1.08E+09 0.0620 3492.1
1.09E+09 0.0622 3490.87
1.10E+09 0.0622 3489.49
1.11E+09 0.0617 3487.93
1.12E+09 0.0615 3486.21
1.13E+09 0.0615 3484.54
1.14E+09 0.0612 3482.95
1.15E+09 0.0609 3481.04
1.16E+09 0.0613 3479.24
1.17E+09 0.0613 3477.49
1.18E+09 0.0605 3475.6
1.19E+09 0.0606 3473.68
1.20E+09 0.0603 3471.75
1.21E+09 0.0602 3470.02
1.23E+09 0.0600 3467.88
1.24E+09 0.0595 3465.91
1.25E+09 0.0598 3464.19
1.26E+09 0.0586 3462.49
1.27E+09 0.0593 3460.74
1.28E+09 0.0588 3459.22
1.29E+09 0.0581 3457.65
1.30E+09 0.0585 3456.08
1.31E+09 0.0581 3454.72
1.31E+09 0.0582 3453.3
1.32E+09 0.0574 3451.76
1.33E+09 0.0573 3450.32
1.34E+09 0.0564 3448.97
1.35E+09 0.0568 3447.68
1.36E+09 0.0569 3445.98
1.37E+09 0.0564 3444.17
1.38E+09 0.0562 3442.54
1.39E+09 0.0562 3440.7
1.40E+09 0.0560 3439.08
1.42E+09 0.0561 3437.26
1.43E+09 0.0554 3435.3
1.44E+09 0.0555 3433.31
1.45E+09 0.0558 3431.64
1.47E+09 0.0550 3429.69
1.48E+09 0.0549 3427.99
1.49E+09 0.0544 3426.3
1.50E+09 0.0545 3424.71
1.51E+09 0.0541 3422.94
1.52E+09 0.0540 3420.92
1.54E+09 0.0542 3418.99
1.55E+09 0.0536 3417.11
1.56E+09 0.0541 3415.27
1.58E+09 0.0527 3413.28
1.59E+09 0.0529 3411.5
1.60E+09 0.0531 3409.55
1.61E+09 0.0527 3407.81
1.62E+09 0.0529 3406.16
1.64E+09 0.0522 3404.22
1.65E+09 0.0517 3402.68
1.66E+09 0.0514 3400.69
1.68E+09 0.0513 3398.73
1.69E+09 0.0516 3396.78
1.70E+09 0.0509 3395.28
1.71E+09 0.0503 3393.66
1.72E+09 0.0504 3392.03
1.74E+09 0.0501 3390.28
1.75E+09 0.0510 3388.62
1.76E+09 0.0500 3386.64
1.78E+09 0.0495 3384.56
1.79E+09 0.0500 3382.57
1.80E+09 0.0501 3380.7
1.82E+09 0.0490 3378.59
1.83E+09 0.0491 3376.78
1.85E+09 0.0480 3375.15
1.86E+09 0.0479 3373.55
1.87E+09 0.0479 3371.82
1.88E+09 0.0472 3370.2
1.90E+09 0.0473 3368.43
1.91E+09 0.0469 3366.76
1.92E+09 0.0468 3365.39
1.93E+09 0.0464 3363.99
1.94E+09 0.0462 3362.42
1.95E+09 0.0454 3361.01
1.96E+09 0.0461 3359.71
1.98E+09 0.0457 3358.03
1.99E+09 0.0453 3356.45
2.00E+09 0.0458 3355.07
2.01E+09 0.0457 3353.31
2.03E+09 0.0449 3351.62
2.04E+09 0.0448 3349.91
2.06E+09 0.0441 3348.01
2.07E+09 0.0441 3346.21
2.09E+09 0.0437 3344.25
2.10E+09 0.0435 3342.38
2.12E+09 0.0435 3340.75
2.13E+09 0.0434 3339.09
2.14E+09 0.0434 3337.37
2.16E+09 0.0426 3335.92
2.17E+09 0.0426 3334.66
2.18E+09 0.0426 3333.3
2.19E+09 0.0420 3331.96
2.20E+09 0.0424 3330.51
2.22E+09 0.0421 3328.93
2.23E+09 0.0422 3327.2
2.24E+09 0.0417 3325.8
2.26E+09 0.0413 3324.23
2.27E+09 0.0414 3322.58
2.29E+09 0.0410 3320.84
2.30E+09 0.0414 3319.2
2.32E+09 0.0409 3317.42
2.33E+09 0.0402 3315.75
2.35E+09 0.0407 3314.23
2.36E+09 0.0407 3312.54
2.38E+09 0.0407 3310.71
2.39E+09 0.0402 3308.85
2.41E+09 0.0398 3307.07
2.42E+09 0.0400 3305.28
2.44E+09 0.0391 3303.42
2.46E+09 0.0396 3301.66
2.48E+09 0.0395 3299.82
2.49E+09 0.0389 3297.85
2.51E+09 0.0389 3295.92
2.53E+09 0.0387 3294.08
2.55E+09 0.0385 3292.19
2.56E+09 0.0381 3290.29
2.58E+09 0.0382 3288.46
2.60E+09 0.0383 3286.64
2.62E+09 0.0376 3284.47
2.64E+09 0.0375 3282.63
2.65E+09 0.0371 3280.76
2.67E+09 0.0371 3278.98
2.69E+09 0.0368 3277.09
2.71E+09 0.0365 3275.12
2.73E+09 0.0363 3273.2
2.75E+09 0.0363 3271.37
2.76E+09 0.0362 3269.62
2.78E+09 0.0354 3267.8
2.80E+09 0.0356 3266.23
2.82E+09 0.0355 3264.44
2.83E+09 0.0354 3262.81
2.85E+09 0.0347 3261.48
2.86E+09 0.0345 3260.07
2.88E+09 0.0345 3258.47
2.90E+09 0.0346 3256.83
2.92E+09 0.0347 3255.03
2.94E+09 0.0340 3253.12
2.96E+09 0.0343 3251.06
2.98E+09 0.0335 3249.2
2.99E+09 0.0335 3247.56
3.01E+09 0.0337 3245.85
3.03E+09 0.0334 3243.96
3.05E+09 0.0332 3242.12
3.07E+09 0.0326 3240.32
3.09E+09 0.0328 3238.38
3.11E+09 0.0323 3236.6
3.13E+09 0.0321 3234.95
3.15E+09 0.0323 3233.43
3.17E+09 0.0319 3231.64
3.19E+09 0.0310 3230.08
3.21E+09 0.0309 3228.54
3.22E+09 0.0312 3227.13
3.24E+09 0.0309 3225.72
3.26E+09 0.0309 3224.3
3.27E+09 0.0305 3222.92
3.29E+09 0.0307 3221.67
3.30E+09 0.0303 3220.29
3.32E+09 0.0302 3218.82
3.34E+09 0.0302 3217.28
3.36E+09 0.0296 3215.65
3.38E+09 0.0300 3213.94
3.40E+09 0.0300 3212.34
3.42E+09 0.0293 3210.6
3.44E+09 0.0295 3208.8
3.46E+09 0.0290 3207.07
3.48E+09 0.0291 3205.45
3.50E+09 0.0296 3203.75
3.53E+09 0.0291 3201.83
3.55E+09 0.0288 3200.02
3.57E+09 0.0284 3198.19
3.60E+09 0.0284 3196.47
3.62E+09 0.0281 3194.53
3.64E+09 0.0275 3192.86
3.67E+09 0.0273 3191
3.69E+09 0.0277 3189.27
3.71E+09 0.0274 3187.36
3.74E+09 0.0271 3185.55
3.76E+09 0.0268 3183.79
3.78E+09 0.0271 3182.14
3.81E+09 0.0269 3180.39
3.82E+09 0.0270 3179.15
3.85E+09 0.0266 3177.4
3.87E+09 0.0263 3175.87
3.89E+09 0.0265 3174.07
3.92E+09 0.0260 3172.23
3.94E+09 0.0258 3170.4
3.97E+09 0.0259 3168.62
3.99E+09 0.0254 3166.8
4.02E+09 0.0255 3165.16
4.04E+09 0.0256 3163.45
4.06E+09 0.0251 3161.88
4.09E+09 0.0249 3160.23
4.11E+09 0.0250 3158.48
4.14E+09 0.0251 3156.59
4.17E+09 0.0244 3154.87
4.19E+09 0.0241 3153.03
4.22E+09 0.0245 3151.4
4.24E+09 0.0246 3149.77
4.27E+09 0.0243 3147.99
4.29E+09 0.0238 3146.2
4.32E+09 0.0239 3144.56
4.35E+09 0.0240 3142.85
4.37E+09 0.0237 3141.11
4.40E+09 0.0235 3139.4
4.43E+09 0.0231 3137.53
4.45E+09 0.0233 3135.94
4.48E+09 0.0231 3134.32
4.50E+09 0.0234 3133.02
4.52E+09 0.0233 3131.45
4.55E+09 0.0227 3129.72
4.57E+09 0.0226 3128.19
4.59E+09 0.0228 3126.83
4.62E+09 0.0229 3125.41
4.64E+09 0.0229 3123.86
4.67E+09 0.0224 3122.12
4.70E+09 0.0224 3120.46
4.72E+09 0.0228 3118.92
4.75E+09 0.0225 3117.22
4.78E+09 0.0224 3115.53
4.80E+09 0.0222 3113.88
4.83E+09 0.0220 3112.22
4.86E+09 0.0222 3110.44
4.88E+09 0.0220 3108.88
4.91E+09 0.0220 3107.31
4.93E+09 0.0221 3106.13
4.95E+09 0.0218 3104.87
4.97E+09 0.0218 3103.59
5.00E+09 0.0216 3102.14
