0.00E+00 -0.7118 5640.75
1.39E+08 0.2254 5568.79
1.82E+08 0.2248 5541.66
2.19E+08 0.2098 5519.78
2.44E+08 0.2098 5504.55
2.61E+08 0.2058 5494.66
2.63E+08 0.2068 5493.45
2.64E+08 0.2218 5492.89
2.65E+08 0.2510 5491.68
2.71E+08 0.2653 5487.42
2.81E+08 0.2751 5479.79
2.84E+08 0.2845 5477.02
2.86E+08 0.3051 5476.04
2.87E+08 0.3288 5474.67
2.92E+08 0.3112 5470.19
3.06E+08 0.2941 5458.3
3.33E+08 0.3213 5435.27
3.39E+08 0.3694 5428.97
3.62E+08 0.3124 5406.9
4.00E+08 0.2830 5375.24
4.36E+08 0.2738 5346.96
4.70E+08 0.2964 5318.96
4.86E+08 0.3280 5304.9
5.05E+08 0.3479 5286.75
5.36E+08 0.3310 5256.82
5.73E+08 0.3069 5223.41
6.09E+08 0.2905 5192.86
6.41E+08 0.2825 5166.9
6.61E+08 0.2838 5150.06
6.79E+08 0.2900 5135.4
6.96E+08 0.2937 5121.3
7.12E+08 0.2862 5108.02
7.27E+08 0.2837 5095.78
7.42E+08 0.2788 5084.4
7.55E+08 0.2685 5073.83
7.68E+08 0.2676 5063.77
7.83E+08 0.2748 5052.54
7.96E+08 0.2604 5042.55
8.06E+08 0.2691 5034.94
8.21E+08 0.2566 5023.63
8.29E+08 0.2640 5017.52
8.40E+08 0.2578 5009.33
8.53E+08 0.2567 5000.02
8.64E+08 0.2512 4992.14
8.71E+08 0.2511 4986.71
8.85E+08 0.2505 4977.18
8.96E+08 0.2460 4969.36
9.06E+08 0.2420 4962.29
9.15E+08 0.2336 4956.17
9.25E+08 0.2440 4949.12
9.36E+08 0.2369 4941.8
9.45E+08 0.2317 4936.04
9.54E+08 0.2279 4929.89
9.63E+08 0.2293 4924.18
9.72E+08 0.2312 4918.32
9.80E+08 0.2402 4912.82
9.90E+08 0.2318 4906.22
9.96E+08 0.2218 4902.12
1.00E+09 0.2225 4898.32
1.01E+09 0.2074 4894.21
1.02E+09 0.2188 4890.06
1.02E+09 0.2121 4885.35
1.03E+09 0.2280 4880.86
1.04E+09 0.2248 4874.31
1.05E+09 0.2258 4868.12
1.06E+09 0.2253 4863.2
1.07E+09 0.2145 4858.07
1.07E+09 0.2038 4854.24
1.08E+09 0.2101 4850.61
1.08E+09 0.2172 4846.93
1.09E+09 0.2174 4842.37
1.10E+09 0.2114 4837.72
1.11E+09 0.2113 4833.41
1.11E+09 0.2126 4828.98
1.12E+09 0.2086 4824.15
1.13E+09 0.2163 4818.99
1.14E+09 0.2085 4814.37
1.15E+09 0.2058 4809.68
1.15E+09 0.2064 4806.02
1.16E+09 0.1960 4801.92
1.17E+09 0.2004 4797.77
1.18E+09 0.2049 4793.07
1.18E+09 0.1999 4787.89
1.19E+09 0.2072 4783.69
1.20E+09 0.1997 4779.58
1.21E+09 0.2032 4775.31
1.21E+09 0.1984 4771.67
1.22E+09 0.1992 4766.88
1.23E+09 0.2003 4763.08
1.24E+09 0.1997 4757.48
1.24E+09 0.2038 4753.21
1.25E+09 0.1987 4747.77
1.26E+09 0.1932 4742.86
1.27E+09 0.1950 4738.42
1.28E+09 0.1961 4733.43
1.29E+09 0.1997 4728.86
1.30E+09 0.1927 4723.98
1.30E+09 0.1820 4719.54
1.31E+09 0.1956 4714.88
1.32E+09 0.1879 4710.54
1.33E+09 0.1778 4706.55
1.34E+09 0.1830 4703.12
1.34E+09 0.1667 4699.02
1.35E+09 0.1793 4695.6
1.36E+09 0.1945 4691.05
1.37E+09 0.1889 4686.55
1.38E+09 0.1771 4682.22
1.38E+09 0.1830 4678.05
1.39E+09 0.1854 4673.47
1.40E+09 0.1750 4669.37
1.41E+09 0.1675 4665.45
1.42E+09 0.1717 4661.18
1.43E+09 0.1769 4657.33
1.43E+09 0.1732 4652.72
1.44E+09 0.1682 4648.58
1.45E+09 0.1731 4644.37
1.46E+09 0.1748 4640.4
1.47E+09 0.1717 4636.23
1.48E+09 0.1710 4631.7
1.49E+09 0.1724 4627.32
1.50E+09 0.1643 4622.76
1.50E+09 0.1768 4618.79
1.51E+09 0.1683 4614.59
1.52E+09 0.1621 4611.08
1.53E+09 0.1600 4606.7
1.54E+09 0.1639 4602.98
1.55E+09 0.1663 4598.72
1.55E+09 0.1612 4594.75
1.56E+09 0.1639 4590.58
1.57E+09 0.1578 4586.73
1.58E+09 0.1612 4582.36
1.59E+09 0.1550 4578.27
1.60E+09 0.1552 4574.35
1.61E+09 0.1489 4570.88
1.62E+09 0.1433 4566.97
1.63E+09 0.1594 4562.97
1.64E+09 0.1593 4559.01
1.64E+09 0.1570 4555.04
1.65E+09 0.1497 4550.83
1.66E+09 0.1546 4546.66
1.67E+09 0.1484 4542.26
1.68E+09 0.1494 4538.27
1.69E+09 0.1475 4534.6
1.70E+09 0.1470 4531.38
1.71E+09 0.1395 4527.68
1.72E+09 0.1503 4524.11
1.73E+09 0.1507 4520.22
1.74E+09 0.1406 4516.37
1.74E+09 0.1384 4512.78
1.75E+09 0.1341 4509.31
1.76E+09 0.1488 4506
1.77E+09 0.1450 4501.51
1.78E+09 0.1415 4497.24
1.79E+09 0.1413 4493.22
1.80E+09 0.1393 4489.92
1.81E+09 0.1272 4486.55
1.82E+09 0.1332 4482.84
1.83E+09 0.1324 4479.45
1.84E+09 0.1340 4475.53
1.85E+09 0.1320 4471.64
1.86E+09 0.1252 4467.89
1.87E+09 0.1242 4464.45
1.88E+09 0.1401 4460.88
1.89E+09 0.1395 4456.47
1.90E+09 0.1338 4452.13
1.91E+09 0.1308 4448.09
1.92E+09 0.1376 4444.66
1.93E+09 0.1298 4440.19
1.94E+09 0.1278 4435.86
1.96E+09 0.1290 4431.9
1.97E+09 0.1321 4427.74
1.98E+09 0.1230 4423.53
1.99E+09 0.1231 4419.98
2.00E+09 0.1250 4416.85
2.01E+09 0.1285 4413.36
2.02E+09 0.1244 4409.34
2.03E+09 0.1217 4405.52
2.04E+09 0.1299 4402.05
2.05E+09 0.1246 4398.32
2.06E+09 0.1160 4394.14
2.07E+09 0.1100 4391.08
2.08E+09 0.1170 4388.03
2.09E+09 0.1202 4384.48
2.10E+09 0.1174 4380.84
2.11E+09 0.1102 4377.07
2.12E+09 0.1261 4373.08
2.14E+09 0.1186 4367.8
2.15E+09 0.1121 4364.26
2.16E+09 0.1212 4360.3
2.17E+09 0.1183 4356.62
2.18E+09 0.1154 4352.59
2.20E+09 0.1095 4348.63
2.21E+09 0.1086 4344.97
2.22E+09 0.1171 4341.42
2.23E+09 0.1105 4337.48
2.25E+09 0.1124 4333.23
2.26E+09 0.1146 4328.87
2.27E+09 0.1053 4324.71
2.29E+09 0.1080 4320.52
2.30E+09 0.1121 4315.68
2.32E+09 0.1091 4310.59
2.34E+09 0.1064 4305.21
2.35E+09 0.1092 4300.13
2.37E+09 0.1036 4295.87
2.38E+09 0.1044 4290.92
2.40E+09 0.1047 4285.9
2.42E+09 0.1039 4280.56
2.44E+09 0.1002 4275.27
2.45E+09 0.0960 4271.16
2.47E+09 0.0980 4266.79
2.48E+09 0.0984 4261.93
2.50E+09 0.0975 4257.68
2.52E+09 0.1024 4252.99
2.53E+09 0.0985 4248.56
2.55E+09 0.0908 4244.19
2.56E+09 0.1002 4239.89
2.58E+09 0.0926 4235.65
2.60E+09 0.0958 4231.24
2.61E+09 0.0917 4227.08
2.62E+09 0.0907 4223.88
2.64E+09 0.0869 4220.36
2.65E+09 0.0855 4217.45
2.66E+09 0.0867 4214.77
2.67E+09 0.0832 4211.43
2.69E+09 0.0900 4208.14
2.70E+09 0.0888 4204.85
2.72E+09 0.0821 4200.3
2.74E+09 0.0811 4196.5
2.75E+09 0.0843 4192.68
2.77E+09 0.0783 4188.54
2.78E+09 0.0791 4185.05
2.80E+09 0.0814 4182.46
2.81E+09 0.0820 4179.42
2.82E+09 0.0832 4175.92
2.84E+09 0.0830 4172.53
2.85E+09 0.0777 4169.19
2.87E+09 0.0707 4166.26
2.88E+09 0.0833 4163.39
2.90E+09 0.0853 4159.77
2.91E+09 0.0808 4156.19
2.93E+09 0.0758 4152.4
2.94E+09 0.0737 4149.02
2.96E+09 0.0713 4145.83
2.97E+09 0.0744 4143.03
2.99E+09 0.0712 4139.84
3.00E+09 0.0733 4136.45
3.02E+09 0.0721 4133.04
3.04E+09 0.0680 4129.46
3.06E+09 0.0729 4125.86
3.07E+09 0.0696 4122.65
3.09E+09 0.0675 4119.23
3.10E+09 0.0639 4116.53
3.12E+09 0.0727 4113.47
3.14E+09 0.0680 4110.12
3.15E+09 0.0687 4106.63
3.17E+09 0.0635 4103.51
3.19E+09 0.0642 4100.17
3.20E+09 0.0706 4097.08
3.22E+09 0.0647 4094.41
3.23E+09 0.0577 4091.53
3.25E+09 0.0620 4088.67
3.27E+09 0.0639 4085.54
3.29E+09 0.0665 4082.44
3.30E+09 0.0609 4079.62
3.32E+09 0.0635 4076.21
3.34E+09 0.0662 4073.37
3.35E+09 0.0607 4070.43
3.37E+09 0.0569 4067.95
3.39E+09 0.0541 4065.23
3.40E+09 0.0571 4062.7
3.42E+09 0.0538 4060.06
3.43E+09 0.0532 4057.61
3.45E+09 0.0554 4055.4
3.47E+09 0.0548 4052.65
3.48E+09 0.0539 4050.09
3.50E+09 0.0494 4047.24
3.52E+09 0.0554 4045.03
3.53E+09 0.0594 4042.17
3.55E+09 0.0541 4039.26
3.57E+09 0.0537 4036.71
3.59E+09 0.0550 4033.76
3.61E+09 0.0516 4030.81
3.63E+09 0.0502 4027.98
3.64E+09 0.0496 4025.33
3.66E+09 0.0550 4022.65
3.68E+09 0.0565 4020.08
3.70E+09 0.0505 4016.82
3.72E+09 0.0486 4013.81
3.74E+09 0.0449 4011.09
3.76E+09 0.0482 4008.73
3.78E+09 0.0486 4006.5
3.79E+09 0.0492 4003.91
3.81E+09 0.0434 4001.23
3.83E+09 0.0453 3998.85
3.85E+09 0.0487 3996.18
3.87E+09 0.0494 3993.42
3.89E+09 0.0449 3990.51
3.92E+09 0.0455 3987.73
3.94E+09 0.0413 3985.09
3.96E+09 0.0468 3982.57
3.98E+09 0.0418 3979.94
4.00E+09 0.0422 3977.3
4.02E+09 0.0456 3974.62
4.05E+09 0.0412 3971.71
4.07E+09 0.0408 3969.23
4.09E+09 0.0379 3966.84
4.11E+09 0.0458 3963.97
4.14E+09 0.0463 3960.81
4.16E+09 0.0429 3957.39
4.18E+09 0.0399 3954.85
4.21E+09 0.0403 3952.32
4.23E+09 0.0384 3950.13
4.25E+09 0.0355 3947.31
4.27E+09 0.0379 3945.26
4.30E+09 0.0392 3942.66
4.32E+09 0.0397 3939.99
4.34E+09 0.0435 3937.16
4.37E+09 0.0393 3934.06
4.40E+09 0.0426 3930.99
4.42E+09 0.0435 3928.24
4.45E+09 0.0398 3925.17
4.47E+09 0.0379 3922.13
4.50E+09 0.0399 3919.29
4.52E+09 0.0353 3916.86
4.55E+09 0.0345 3914.6
4.56E+09 0.0346 3912.6
4.59E+09 0.0315 3910.42
4.61E+09 0.0389 3908.06
4.63E+09 0.0349 3905.65
4.66E+09 0.0351 3903.32
4.68E+09 0.0322 3901.02
4.70E+09 0.0332 3898.91
4.73E+09 0.0342 3896.98
4.75E+09 0.0318 3894.82
4.78E+09 0.0299 3892.46
4.80E+09 0.0327 3890.6
4.82E+09 0.0322 3888.25
4.84E+09 0.0318 3886.35
4.87E+09 0.0298 3884.08
4.89E+09 0.0298 3881.95
4.92E+09 0.0328 3880.04
4.94E+09 0.0297 3877.93
4.96E+09 0.0301 3875.82
4.99E+09 0.0282 3873.78
