0.00E+00 -0.7812 5948.72
2.48E+08 0.1761 5662.35
3.29E+08 0.1726 5570.83
4.03E+08 0.1574 5491.53
4.73E+08 0.1464 5421.1
5.28E+08 0.1392 5369.12
5.77E+08 0.1343 5325.44
6.26E+08 0.1270 5283.78
6.76E+08 0.1232 5243.43
7.23E+08 0.1196 5205.89
7.71E+08 0.1137 5170.55
8.15E+08 0.1087 5138.66
8.57E+08 0.1076 5109
8.96E+08 0.1092 5081.65
9.29E+08 0.1153 5057.78
9.44E+08 0.1538 5046.34
9.54E+08 0.1971 5034.49
9.87E+08 0.1565 4996.52
1.10E+09 0.1310 4893.43
1.23E+09 0.1282 4781.3
1.33E+09 0.1009 4712.68
1.47E+09 0.0865 4625.38
1.62E+09 0.0666 4548.51
1.79E+09 0.0801 4460.87
1.94E+09 0.0630 4394.34
2.04E+09 0.0530 4357.13
2.12E+09 0.0478 4328.84
2.20E+09 0.0541 4303.06
2.28E+09 0.0501 4275.16
2.33E+09 0.0441 4259.87
2.37E+09 0.0468 4248.67
2.40E+09 0.0515 4239.1
2.43E+09 0.0405 4230.68
2.47E+09 0.0391 4219.51
2.51E+09 0.0446 4208.53
2.55E+09 0.0378 4198.42
2.60E+09 0.0332 4187.74
2.64E+09 0.0329 4177.96
2.69E+09 0.0356 4168.6
2.72E+09 0.0345 4159.56
2.77E+09 0.0299 4149.46
2.82E+09 0.0280 4140.87
2.86E+09 0.0260 4132.91
2.91E+09 0.0293 4124.33
2.95E+09 0.0313 4116.48
3.00E+09 0.0262 4107.47
3.06E+09 0.0242 4098.13
3.11E+09 0.0229 4090.26
3.16E+09 0.0245 4082.39
3.21E+09 0.0233 4074.79
3.26E+09 0.0217 4066.96
3.32E+09 0.0202 4059.96
3.37E+09 0.0203 4052.93
3.42E+09 0.0213 4046.17
3.47E+09 0.0198 4039.18
3.53E+09 0.0182 4032.07
3.59E+09 0.0174 4025.26
3.65E+09 0.0173 4018.52
3.71E+09 0.0165 4011.9
3.77E+09 0.0141 4005.65
3.84E+09 0.0157 3999.64
3.90E+09 0.0148 3993.45
3.96E+09 0.0137 3987.64
4.02E+09 0.0134 3982.14
4.09E+09 0.0121 3976.76
4.16E+09 0.0115 3971.5
4.22E+09 0.0118 3966.77
4.29E+09 0.0118 3961.72
4.35E+09 0.0113 3956.55
4.42E+09 0.0103 3951.78
4.50E+09 0.0100 3947.03
4.57E+09 0.0096 3942.49
4.64E+09 0.0098 3938.21
4.71E+09 0.0089 3933.89
4.79E+09 0.0078 3929.68
4.87E+09 0.0080 3925.59
4.94E+09 0.0082 3921.83
