0.00E+00 -0.6437 5439
2.50E+08 0.1495 5244.34
3.39E+08 0.1321 5174.99
4.09E+08 0.1291 5123.46
4.68E+08 0.1204 5082.65
5.15E+08 0.1157 5052.1
5.60E+08 0.1114 5024.18
6.06E+08 0.1068 4997.06
6.48E+08 0.1046 4972.88
6.87E+08 0.1035 4950.71
7.25E+08 0.1013 4929.55
7.57E+08 0.1031 4912
7.69E+08 0.1152 4904.89
7.75E+08 0.1636 4900.15
7.88E+08 0.1732 4888.56
8.55E+08 0.1549 4829.55
9.29E+08 0.1540 4768
9.89E+08 0.1267 4720.73
1.14E+09 0.1061 4626.94
1.28E+09 0.0863 4549.4
1.42E+09 0.1069 4476.54
1.55E+09 0.0852 4412.91
1.68E+09 0.0937 4346.34
1.78E+09 0.0730 4301.91
1.85E+09 0.0669 4274.26
1.88E+09 0.0593 4262.75
1.91E+09 0.0567 4253.54
1.94E+09 0.0511 4244.53
1.98E+09 0.0577 4235.67
2.00E+09 0.0562 4227.21
2.04E+09 0.0562 4216.75
2.07E+09 0.0610 4206.73
2.10E+09 0.0537 4195.64
2.13E+09 0.0543 4187.71
2.16E+09 0.0471 4180.43
2.19E+09 0.0463 4173.4
2.22E+09 0.0448 4166.03
2.25E+09 0.0423 4158.25
2.28E+09 0.0464 4151.18
2.31E+09 0.0504 4143.61
2.34E+09 0.0451 4135.76
2.37E+09 0.0424 4128.21
2.40E+09 0.0370 4120.5
2.44E+09 0.0450 4113.14
2.46E+09 0.0387 4107.87
2.50E+09 0.0403 4099.28
2.54E+09 0.0382 4090.47
2.58E+09 0.0338 4082.95
2.62E+09 0.0260 4076.94
2.66E+09 0.0339 4070.79
2.69E+09 0.0343 4065.05
2.73E+09 0.0291 4057.93
2.77E+09 0.0350 4049.95
2.82E+09 0.0304 4042.03
2.86E+09 0.0308 4034.71
2.90E+09 0.0280 4029.21
2.94E+09 0.0230 4023.11
2.97E+09 0.0247 4018.94
3.01E+09 0.0251 4013.57
3.05E+09 0.0261 4008.17
3.09E+09 0.0243 4003.45
3.14E+09 0.0254 3996.61
3.18E+09 0.0234 3990.59
3.22E+09 0.0219 3985.67
3.27E+09 0.0236 3980.07
3.32E+09 0.0207 3974.43
3.36E+09 0.0190 3969.06
3.42E+09 0.0206 3963.6
3.45E+09 0.0196 3959.33
3.50E+09 0.0184 3954.03
3.56E+09 0.0152 3949.04
3.60E+09 0.0159 3945.37
3.66E+09 0.0180 3940.45
3.71E+09 0.0166 3935.8
3.77E+09 0.0167 3930.41
3.81E+09 0.0153 3926.66
3.87E+09 0.0149 3921.79
3.93E+09 0.0110 3917.84
3.98E+09 0.0125 3914.64
4.03E+09 0.0130 3910.94
4.10E+09 0.0125 3906.05
4.16E+09 0.0124 3901.81
4.24E+09 0.0130 3896.65
4.30E+09 0.0116 3892.35
4.37E+09 0.0105 3888.19
4.42E+09 0.0113 3884.91
4.49E+09 0.0109 3880.46
4.56E+09 0.0093 3876.99
4.63E+09 0.0099 3873.23
4.70E+09 0.0087 3869.49
4.76E+09 0.0083 3866.63
4.84E+09 0.0090 3862.9
4.93E+09 0.0088 3858.5
