0.00E+00 -0.4105 4519.17
3.29E+07 0.2447 4507.59
4.10E+07 0.2954 4501.26
5.11E+07 0.3158 4492.08
6.27E+07 0.2988 4481.75
8.69E+07 0.2748 4461.51
1.15E+08 0.2770 4440.12
1.46E+08 0.2794 4414.23
1.80E+08 0.2984 4386.09
2.11E+08 0.2755 4360.08
2.31E+08 0.2673 4344.59
2.43E+08 0.2588 4335.26
2.52E+08 0.2571 4328.59
2.61E+08 0.2519 4322.12
2.69E+08 0.2491 4315.87
2.81E+08 0.2490 4307.73
2.93E+08 0.2445 4299.02
3.04E+08 0.2382 4290.89
3.15E+08 0.2359 4283.37
3.25E+08 0.2326 4276.92
3.36E+08 0.2293 4269.63
3.44E+08 0.2243 4264.13
3.52E+08 0.2233 4258.97
3.61E+08 0.2204 4253.06
3.71E+08 0.2161 4246.68
3.81E+08 0.2140 4240.47
3.89E+08 0.2082 4235.41
3.97E+08 0.2082 4230.91
4.06E+08 0.2067 4225.44
4.13E+08 0.2016 4221.47
4.20E+08 0.2008 4217.39
4.28E+08 0.1979 4212.33
4.37E+08 0.1942 4207.35
4.46E+08 0.1917 4202.37
4.54E+08 0.1885 4197.85
4.63E+08 0.1864 4192.92
4.72E+08 0.1839 4188.05
4.81E+08 0.1802 4183.65
4.89E+08 0.1772 4179.28
4.97E+08 0.1745 4175.14
5.05E+08 0.1731 4171.31
5.13E+08 0.1711 4167.4
5.23E+08 0.1689 4162.17
5.31E+08 0.1670 4158.6
5.41E+08 0.1633 4153.51
5.51E+08 0.1594 4148.77
5.63E+08 0.1572 4143.31
5.74E+08 0.1545 4138.46
5.86E+08 0.1519 4133.22
5.96E+08 0.1484 4128.87
6.06E+08 0.1459 4124.63
6.15E+08 0.1447 4120.49
6.25E+08 0.1426 4116.45
6.35E+08 0.1413 4112.56
6.43E+08 0.1384 4109.21
6.50E+08 0.1375 4106.35
6.56E+08 0.1364 4104.05
6.62E+08 0.1362 4101.64
6.68E+08 0.1331 4099.25
6.73E+08 0.1339 4097.32
6.78E+08 0.1327 4095.39
6.83E+08 0.1312 4093.41
6.88E+08 0.1314 4091.4
6.96E+08 0.1310 4088.52
7.03E+08 0.1300 4085.77
7.11E+08 0.1298 4082.87
7.18E+08 0.1281 4080.25
7.25E+08 0.1282 4077.75
7.33E+08 0.1275 4074.7
7.39E+08 0.1273 4072.38
7.46E+08 0.1265 4069.98
7.53E+08 0.1264 4067.19
7.62E+08 0.1271 4064.14
7.69E+08 0.1250 4061.35
7.76E+08 0.1257 4058.79
7.84E+08 0.1252 4055.81
7.91E+08 0.1261 4053.26
8.00E+08 0.1250 4050.06
8.09E+08 0.1237 4046.97
8.18E+08 0.1232 4043.79
8.25E+08 0.1225 4041.17
8.33E+08 0.1222 4038.2
8.41E+08 0.1223 4035.41
8.50E+08 0.1205 4032.42
8.58E+08 0.1205 4029.44
8.67E+08 0.1204 4026.35
8.76E+08 0.1202 4023.32
8.86E+08 0.1193 4019.91
8.95E+08 0.1195 4016.69
9.04E+08 0.1177 4013.43
9.11E+08 0.1173 4011
9.20E+08 0.1187 4008.2
9.28E+08 0.1172 4005.31
9.37E+08 0.1164 4002.22
9.46E+08 0.1172 3999.34
9.54E+08 0.1155 3996.59
9.62E+08 0.1146 3993.69
9.72E+08 0.1147 3990.53
9.82E+08 0.1146 3987.27
9.90E+08 0.1130 3984.61
9.98E+08 0.1134 3981.85
1.01E+09 0.1129 3978.95
1.01E+09 0.1127 3976.58
1.02E+09 0.1118 3974.14
1.03E+09 0.1115 3971.27
1.04E+09 0.1100 3968.42
1.05E+09 0.1090 3965.93
1.05E+09 0.1086 3963.69
1.06E+09 0.1104 3961.21
1.07E+09 0.1094 3958.26
1.08E+09 0.1075 3955.96
1.08E+09 0.1079 3954.11
1.09E+09 0.1067 3951.66
1.10E+09 0.1085 3948.82
1.11E+09 0.1063 3945.83
1.12E+09 0.1047 3943.65
1.13E+09 0.1040 3941.45
1.13E+09 0.1051 3938.93
1.14E+09 0.1052 3936.08
1.15E+09 0.1028 3933.43
1.16E+09 0.1044 3931.17
1.17E+09 0.1039 3928.47
1.18E+09 0.1028 3925.56
1.19E+09 0.1032 3922.54
1.20E+09 0.1026 3920
1.21E+09 0.1018 3917.37
1.22E+09 0.1016 3914.66
1.23E+09 0.0999 3911.38
1.24E+09 0.0998 3908.78
1.25E+09 0.1000 3905.93
1.25E+09 0.0977 3903.21
1.26E+09 0.0988 3900.42
1.27E+09 0.0985 3897.52
1.29E+09 0.0985 3894.46
1.29E+09 0.0971 3891.8
1.30E+09 0.0958 3889.18
1.31E+09 0.0964 3886.45
1.32E+09 0.0960 3883.55
1.34E+09 0.0955 3880.55
1.34E+09 0.0955 3878
1.35E+09 0.0940 3875.19
1.36E+09 0.0943 3872.73
1.37E+09 0.0938 3869.96
1.39E+09 0.0934 3866.91
1.39E+09 0.0930 3864.26
1.40E+09 0.0924 3861.51
1.42E+09 0.0919 3858.72
1.43E+09 0.0917 3855.77
1.44E+09 0.0905 3852.84
1.45E+09 0.0898 3849.86
1.46E+09 0.0899 3847.01
1.47E+09 0.0897 3844.13
1.48E+09 0.0891 3841.02
1.49E+09 0.0880 3837.93
1.51E+09 0.0887 3834.85
1.52E+09 0.0880 3832
1.53E+09 0.0876 3828.96
1.54E+09 0.0877 3825.88
1.55E+09 0.0862 3823.13
1.57E+09 0.0858 3820.05
1.58E+09 0.0854 3817.61
1.59E+09 0.0844 3814.44
1.60E+09 0.0842 3811.3
1.61E+09 0.0839 3808.62
1.62E+09 0.0833 3806.18
1.63E+09 0.0826 3803.14
1.64E+09 0.0822 3800.74
1.66E+09 0.0826 3797.75
1.67E+09 0.0817 3794.64
1.68E+09 0.0813 3791.65
1.70E+09 0.0806 3788.51
1.71E+09 0.0803 3785.63
1.72E+09 0.0795 3782.62
1.73E+09 0.0792 3780
1.75E+09 0.0785 3777.03
1.76E+09 0.0789 3774.13
1.77E+09 0.0780 3771.37
1.78E+09 0.0770 3768.44
1.80E+09 0.0770 3765.49
1.81E+09 0.0779 3762.76
1.82E+09 0.0767 3759.91
1.83E+09 0.0749 3757.16
1.85E+09 0.0764 3754.47
1.86E+09 0.0757 3751.62
1.87E+09 0.0746 3748.96
1.89E+09 0.0744 3745.97
1.90E+09 0.0735 3743.23
1.91E+09 0.0739 3740.83
1.92E+09 0.0729 3737.92
1.94E+09 0.0733 3735.45
1.95E+09 0.0731 3732.65
1.96E+09 0.0713 3729.59
1.98E+09 0.0709 3726.88
1.99E+09 0.0703 3724.14
2.00E+09 0.0696 3721.13
2.02E+09 0.0696 3718.19
2.03E+09 0.0697 3715.48
2.05E+09 0.0693 3712.55
2.06E+09 0.0688 3709.39
2.08E+09 0.0682 3706.36
2.09E+09 0.0675 3703.44
2.11E+09 0.0669 3700.78
2.12E+09 0.0661 3698.07
2.13E+09 0.0667 3695.43
2.15E+09 0.0665 3692.74
2.16E+09 0.0655 3690.03
2.18E+09 0.0659 3687.13
2.19E+09 0.0643 3684.11
2.21E+09 0.0640 3681.11
2.22E+09 0.0637 3678.47
2.24E+09 0.0638 3675.83
2.25E+09 0.0638 3673.12
2.27E+09 0.0622 3670.27
2.29E+09 0.0627 3667.28
2.30E+09 0.0614 3664.36
2.32E+09 0.0607 3661.59
2.33E+09 0.0611 3658.65
2.35E+09 0.0608 3655.74
2.37E+09 0.0601 3652.95
2.38E+09 0.0599 3650.45
2.40E+09 0.0593 3647.38
2.41E+09 0.0593 3644.7
2.43E+09 0.0588 3642.09
2.45E+09 0.0589 3639.32
2.46E+09 0.0576 3636.59
2.48E+09 0.0576 3633.94
2.50E+09 0.0573 3630.74
2.52E+09 0.0567 3627.58
2.53E+09 0.0562 3624.91
2.55E+09 0.0555 3622.22
2.56E+09 0.0561 3619.95
2.58E+09 0.0543 3617.16
2.60E+09 0.0552 3614.48
2.61E+09 0.0544 3611.73
2.63E+09 0.0545 3609.21
2.65E+09 0.0536 3606.23
2.67E+09 0.0533 3603.33
2.68E+09 0.0523 3600.81
2.70E+09 0.0516 3598.22
2.72E+09 0.0523 3595.69
2.74E+09 0.0524 3593
2.75E+09 0.0511 3590.36
2.77E+09 0.0515 3588.01
2.79E+09 0.0507 3585.45
2.80E+09 0.0510 3583.06
2.82E+09 0.0498 3580.6
2.84E+09 0.0497 3578.2
2.85E+09 0.0498 3575.68
2.87E+09 0.0494 3572.97
2.89E+09 0.0489 3570.52
2.91E+09 0.0485 3567.81
2.93E+09 0.0483 3565.26
2.95E+09 0.0481 3562.84
2.96E+09 0.0473 3560.36
2.98E+09 0.0473 3558.04
3.00E+09 0.0477 3555.49
3.02E+09 0.0468 3552.96
3.04E+09 0.0465 3550.36
3.06E+09 0.0470 3547.74
3.07E+09 0.0455 3545.38
3.09E+09 0.0458 3542.93
3.11E+09 0.0451 3540.61
3.13E+09 0.0448 3538.06
3.15E+09 0.0454 3535.39
3.17E+09 0.0436 3532.63
3.19E+09 0.0439 3530.21
3.21E+09 0.0441 3527.57
3.23E+09 0.0432 3524.92
3.25E+09 0.0431 3522.86
3.27E+09 0.0418 3520.64
3.28E+09 0.0427 3518.67
3.30E+09 0.0423 3516.36
3.32E+09 0.0417 3514.01
3.34E+09 0.0415 3511.86
3.36E+09 0.0418 3509.49
3.38E+09 0.0411 3507.06
3.40E+09 0.0403 3504.41
3.42E+09 0.0404 3502.1
3.44E+09 0.0400 3499.95
3.46E+09 0.0400 3497.64
3.48E+09 0.0398 3495.03
3.50E+09 0.0387 3492.5
3.53E+09 0.0383 3490.13
3.55E+09 0.0391 3487.83
3.57E+09 0.0384 3485.26
3.59E+09 0.0375 3482.75
3.62E+09 0.0375 3480.08
3.64E+09 0.0370 3477.75
3.65E+09 0.0369 3475.94
3.68E+09 0.0363 3473.41
3.70E+09 0.0366 3470.7
3.73E+09 0.0364 3468.07
3.75E+09 0.0359 3465.72
3.78E+09 0.0351 3463.23
3.80E+09 0.0351 3461
3.82E+09 0.0347 3458.52
3.85E+09 0.0343 3455.96
3.87E+09 0.0341 3453.88
3.89E+09 0.0338 3451.44
3.92E+09 0.0338 3449.23
3.94E+09 0.0336 3446.79
3.97E+09 0.0328 3444.32
3.99E+09 0.0324 3441.94
4.02E+09 0.0320 3439.71
4.04E+09 0.0319 3437.47
4.06E+09 0.0324 3435.28
4.09E+09 0.0314 3432.92
4.11E+09 0.0315 3430.94
4.13E+09 0.0309 3428.88
4.16E+09 0.0306 3426.49
4.19E+09 0.0306 3424.09
4.21E+09 0.0306 3421.85
4.24E+09 0.0298 3419.52
4.27E+09 0.0296 3417.29
4.29E+09 0.0297 3415.14
4.32E+09 0.0291 3413.06
4.34E+09 0.0288 3410.73
4.37E+09 0.0289 3408.42
4.40E+09 0.0284 3406.16
4.42E+09 0.0285 3404.04
4.45E+09 0.0280 3401.74
4.48E+09 0.0279 3399.67
4.51E+09 0.0273 3397.34
4.53E+09 0.0269 3395.25
4.56E+09 0.0270 3393.05
4.59E+09 0.0264 3390.91
4.62E+09 0.0264 3388.76
4.64E+09 0.0258 3386.61
4.67E+09 0.0256 3384.66
4.70E+09 0.0257 3382.68
4.73E+09 0.0253 3380.58
4.76E+09 0.0254 3378.31
4.79E+09 0.0257 3376.19
4.81E+09 0.0250 3374.06
4.84E+09 0.0247 3371.94
4.87E+09 0.0243 3369.9
4.90E+09 0.0242 3367.66
4.94E+09 0.0241 3365.36
4.97E+09 0.0237 3363.21
5.00E+09 0.0235 3361.15
