0.00E+00 -0.3543 4334.1
5.11E+07 0.2278 4307.73
7.64E+07 0.2514 4280.71
1.19E+08 0.2240 4238.15
1.70E+08 0.2199 4192.53
2.30E+08 0.2212 4137.27
2.93E+08 0.2170 4078.55
3.39E+08 0.2002 4037.52
3.77E+08 0.1895 4006.84
4.01E+08 0.1814 3988.06
4.22E+08 0.1778 3971.49
4.44E+08 0.1722 3956.05
4.64E+08 0.1683 3941.18
4.81E+08 0.1644 3929.42
5.09E+08 0.1590 3910.17
5.31E+08 0.1556 3895.39
5.54E+08 0.1497 3880.73
5.72E+08 0.1457 3869.66
5.93E+08 0.1388 3857
6.12E+08 0.1381 3846.2
6.31E+08 0.1317 3835.08
6.48E+08 0.1291 3825.67
6.69E+08 0.1258 3814.4
6.87E+08 0.1217 3805.06
7.04E+08 0.1171 3796.58
7.23E+08 0.1140 3786.86
7.39E+08 0.1109 3779.66
7.58E+08 0.1080 3770.73
7.74E+08 0.1046 3763.47
7.94E+08 0.1019 3754.44
8.10E+08 0.0991 3747.97
8.33E+08 0.0954 3738.46
8.49E+08 0.0932 3731.81
8.65E+08 0.0906 3725.76
8.82E+08 0.0866 3719.37
9.05E+08 0.0839 3711.14
9.25E+08 0.0807 3704.19
9.47E+08 0.0775 3697.04
9.70E+08 0.0738 3689.65
9.92E+08 0.0715 3682.86
1.01E+09 0.0697 3678.1
1.03E+09 0.0656 3671.07
1.06E+09 0.0629 3664.77
1.08E+09 0.0600 3657.46
1.11E+09 0.0576 3651.45
1.13E+09 0.0550 3645.37
1.16E+09 0.0526 3639.22
1.18E+09 0.0526 3634.67
1.20E+09 0.0518 3630.81
1.22E+09 0.0498 3626.08
1.24E+09 0.0494 3621.88
1.26E+09 0.0489 3617.32
1.28E+09 0.0469 3613.19
1.30E+09 0.0466 3609.67
1.32E+09 0.0468 3606.2
1.34E+09 0.0463 3601.8
1.37E+09 0.0439 3596.71
1.39E+09 0.0444 3593.29
1.40E+09 0.0448 3590.14
1.42E+09 0.0459 3586.93
1.44E+09 0.0431 3583.15
1.46E+09 0.0423 3579.48
1.48E+09 0.0421 3575.59
1.51E+09 0.0423 3571.29
1.52E+09 0.0412 3568.43
1.54E+09 0.0416 3565
1.56E+09 0.0417 3561.48
1.59E+09 0.0401 3556.73
1.61E+09 0.0397 3552.62
1.64E+09 0.0387 3547.81
1.67E+09 0.0372 3543.5
1.69E+09 0.0372 3539.89
1.71E+09 0.0372 3536.48
1.73E+09 0.0369 3533.81
1.75E+09 0.0354 3531.19
1.77E+09 0.0350 3527.9
1.79E+09 0.0361 3524.63
1.81E+09 0.0353 3521.3
1.84E+09 0.0339 3517.72
1.86E+09 0.0337 3514.5
1.89E+09 0.0328 3510.7
1.91E+09 0.0328 3506.88
1.94E+09 0.0322 3503.12
1.97E+09 0.0312 3499.16
1.99E+09 0.0303 3496.05
2.02E+09 0.0299 3493.16
2.04E+09 0.0299 3490.7
2.06E+09 0.0306 3488.17
2.08E+09 0.0306 3485.35
2.10E+09 0.0301 3482.37
2.13E+09 0.0293 3479.34
2.15E+09 0.0293 3476.45
2.18E+09 0.0281 3473.16
2.20E+09 0.0283 3470.22
2.23E+09 0.0278 3467.15
2.26E+09 0.0268 3463.86
2.29E+09 0.0262 3460.63
2.31E+09 0.0261 3457.43
2.34E+09 0.0259 3454.14
2.38E+09 0.0253 3450.45
2.41E+09 0.0255 3447.14
2.44E+09 0.0243 3443.61
2.48E+09 0.0240 3439.92
2.51E+09 0.0234 3436.42
2.55E+09 0.0228 3433.32
2.57E+09 0.0218 3430.75
2.60E+09 0.0226 3428.17
2.63E+09 0.0227 3425.66
2.66E+09 0.0223 3422.54
2.70E+09 0.0220 3419.17
2.73E+09 0.0212 3415.74
2.77E+09 0.0213 3412.84
2.80E+09 0.0213 3409.78
2.83E+09 0.0208 3407
2.86E+09 0.0201 3404.58
2.89E+09 0.0199 3401.75
2.93E+09 0.0197 3398.6
2.97E+09 0.0197 3395.55
3.01E+09 0.0193 3392.52
3.04E+09 0.0190 3389.57
3.08E+09 0.0182 3386.42
3.12E+09 0.0176 3383.32
3.16E+09 0.0186 3380.53
3.20E+09 0.0180 3377.6
3.23E+09 0.0176 3374.74
3.27E+09 0.0173 3372.05
3.31E+09 0.0169 3369.08
3.35E+09 0.0162 3366.16
3.39E+09 0.0164 3363.6
3.43E+09 0.0161 3360.61
3.47E+09 0.0158 3357.78
3.52E+09 0.0160 3355.01
3.56E+09 0.0156 3352.24
3.60E+09 0.0151 3349.37
3.64E+09 0.0149 3346.59
3.69E+09 0.0149 3343.88
3.73E+09 0.0146 3341.16
3.77E+09 0.0144 3338.62
3.82E+09 0.0139 3335.87
3.86E+09 0.0139 3333.2
3.91E+09 0.0138 3330.64
3.95E+09 0.0138 3327.97
4.00E+09 0.0134 3325.41
4.04E+09 0.0136 3322.81
4.09E+09 0.0134 3320.25
4.14E+09 0.0131 3317.56
4.18E+09 0.0131 3314.94
4.23E+09 0.0129 3312.17
4.28E+09 0.0126 3309.54
4.33E+09 0.0123 3306.96
4.39E+09 0.0121 3304.27
4.43E+09 0.0120 3301.74
4.48E+09 0.0122 3299.16
4.54E+09 0.0118 3296.51
4.59E+09 0.0121 3293.94
4.64E+09 0.0116 3291.29
4.69E+09 0.0113 3288.72
4.75E+09 0.0112 3286.24
4.80E+09 0.0112 3283.73
4.86E+09 0.0108 3281.11
4.91E+09 0.0102 3278.58
4.97E+09 0.0102 3276.14
