0.00E+00 -0.4200 4615.3
2.77E+07 0.2302 4608.6
3.31E+07 0.2769 4605.43
3.76E+07 0.3123 4602.38
4.42E+07 0.3336 4597.38
5.05E+07 0.3213 4592.54
6.32E+07 0.3076 4583.45
8.24E+07 0.2852 4570.19
1.03E+08 0.2705 4557.08
1.20E+08 0.2735 4546.37
1.35E+08 0.2830 4536.24
1.48E+08 0.3018 4527.49
1.62E+08 0.3024 4518.14
1.73E+08 0.2982 4510.32
1.83E+08 0.2905 4503.64
1.90E+08 0.2861 4498.97
1.96E+08 0.2819 4494.97
2.03E+08 0.2819 4490.26
2.10E+08 0.2772 4485.54
2.17E+08 0.2724 4481.55
2.23E+08 0.2703 4477.56
2.29E+08 0.2680 4474.06
2.36E+08 0.2676 4469.69
2.42E+08 0.2643 4465.46
2.49E+08 0.2621 4461.52
2.56E+08 0.2599 4457.37
2.61E+08 0.2560 4454.26
2.67E+08 0.2554 4450.89
2.74E+08 0.2514 4446.66
2.81E+08 0.2487 4442.71
2.87E+08 0.2461 4438.96
2.92E+08 0.2435 4436.19
2.98E+08 0.2432 4433.18
3.03E+08 0.2394 4430.08
3.09E+08 0.2369 4426.97
3.14E+08 0.2355 4424.05
3.20E+08 0.2324 4420.68
3.27E+08 0.2307 4416.97
3.34E+08 0.2269 4413.58
3.40E+08 0.2241 4410.19
3.46E+08 0.2229 4406.92
3.53E+08 0.2204 4403.41
3.60E+08 0.2182 4400.11
3.66E+08 0.2150 4397
3.72E+08 0.2127 4393.98
3.78E+08 0.2106 4391.18
3.84E+08 0.2091 4388.18
3.90E+08 0.2074 4385.4
3.95E+08 0.2061 4382.79
4.00E+08 0.2025 4380.3
4.06E+08 0.2025 4377.78
4.11E+08 0.1999 4375.33
4.16E+08 0.1989 4373.01
4.21E+08 0.1976 4370.69
4.27E+08 0.1953 4367.92
4.33E+08 0.1953 4365.46
4.38E+08 0.1933 4362.93
4.44E+08 0.1915 4360.32
4.49E+08 0.1897 4358.01
4.55E+08 0.1888 4355.5
4.61E+08 0.1872 4352.91
4.66E+08 0.1869 4350.91
4.70E+08 0.1839 4348.86
4.76E+08 0.1839 4346.47
4.81E+08 0.1839 4344.31
4.87E+08 0.1825 4341.9
4.93E+08 0.1813 4339.2
4.98E+08 0.1801 4337.13
5.04E+08 0.1796 4334.69
5.10E+08 0.1788 4332.04
5.16E+08 0.1773 4329.52
5.21E+08 0.1765 4327.47
5.26E+08 0.1774 4325.49
5.32E+08 0.1748 4323.21
5.37E+08 0.1751 4321.23
5.41E+08 0.1746 4319.47
5.47E+08 0.1741 4317.25
5.51E+08 0.1738 4315.42
5.57E+08 0.1728 4313.18
5.62E+08 0.1728 4311.03
5.67E+08 0.1715 4309.08
5.72E+08 0.1707 4306.94
5.78E+08 0.1706 4304.81
5.84E+08 0.1704 4302.54
5.89E+08 0.1697 4300.29
5.95E+08 0.1682 4298.14
6.00E+08 0.1686 4296.06
6.06E+08 0.1685 4293.6
6.14E+08 0.1680 4290.81
6.20E+08 0.1669 4288.13
6.26E+08 0.1676 4286.16
6.31E+08 0.1663 4284.06
6.37E+08 0.1649 4281.91
6.43E+08 0.1651 4279.59
6.49E+08 0.1652 4277.05
6.55E+08 0.1654 4275
6.60E+08 0.1645 4272.98
6.65E+08 0.1644 4271.07
6.70E+08 0.1644 4269.14
6.75E+08 0.1640 4267.09
6.80E+08 0.1633 4265.22
6.86E+08 0.1632 4263.14
6.91E+08 0.1626 4261.21
6.97E+08 0.1630 4258.75
7.03E+08 0.1625 4256.6
7.09E+08 0.1611 4254.37
7.14E+08 0.1606 4252.35
7.19E+08 0.1612 4250.67
7.24E+08 0.1607 4248.7
7.29E+08 0.1599 4246.77
7.35E+08 0.1603 4244.81
7.41E+08 0.1601 4242.36
7.47E+08 0.1586 4240.27
7.53E+08 0.1583 4238.09
7.58E+08 0.1572 4236.22
7.63E+08 0.1584 4234.29
7.70E+08 0.1567 4231.92
7.76E+08 0.1576 4229.6
7.82E+08 0.1565 4227.5
7.88E+08 0.1573 4225.28
7.94E+08 0.1577 4223.29
7.99E+08 0.1555 4221.23
8.05E+08 0.1558 4219.07
8.11E+08 0.1557 4217.1
8.17E+08 0.1555 4214.92
8.23E+08 0.1546 4212.63
8.30E+08 0.1545 4210.3
8.36E+08 0.1539 4207.97
8.42E+08 0.1532 4205.84
8.48E+08 0.1527 4203.82
8.54E+08 0.1529 4201.64
8.60E+08 0.1530 4199.58
8.67E+08 0.1516 4197.21
8.73E+08 0.1518 4194.97
8.79E+08 0.1507 4192.76
8.86E+08 0.1503 4190.52
8.92E+08 0.1513 4188.33
8.98E+08 0.1499 4186.11
9.04E+08 0.1502 4183.95
9.11E+08 0.1492 4181.8
9.16E+08 0.1482 4179.9
9.22E+08 0.1487 4177.86
9.27E+08 0.1489 4176.05
9.33E+08 0.1487 4174.01
9.40E+08 0.1479 4171.72
9.46E+08 0.1469 4169.58
9.52E+08 0.1469 4167.46
9.60E+08 0.1470 4164.81
9.67E+08 0.1467 4162.35
9.73E+08 0.1451 4160.31
9.79E+08 0.1450 4158.33
9.86E+08 0.1453 4156.07
9.94E+08 0.1447 4153.54
1.00E+09 0.1447 4151.4
1.01E+09 0.1439 4149.28
1.01E+09 0.1434 4147.26
1.02E+09 0.1438 4145.12
1.03E+09 0.1434 4142.8
1.03E+09 0.1427 4141.09
1.04E+09 0.1430 4139.09
1.04E+09 0.1429 4136.86
1.05E+09 0.1428 4134.64
1.06E+09 0.1418 4132.41
1.06E+09 0.1412 4130.07
1.07E+09 0.1402 4127.7
1.08E+09 0.1407 4125.42
1.08E+09 0.1407 4123.37
1.09E+09 0.1401 4121.19
1.10E+09 0.1394 4118.67
1.11E+09 0.1391 4116.51
1.11E+09 0.1388 4114.43
1.12E+09 0.1377 4112.42
1.12E+09 0.1386 4110.46
1.13E+09 0.1382 4108.58
1.14E+09 0.1369 4106.58
1.14E+09 0.1365 4104.69
1.15E+09 0.1370 4102.7
1.16E+09 0.1365 4100.62
1.16E+09 0.1353 4098.4
1.17E+09 0.1359 4096.28
1.18E+09 0.1362 4093.92
1.18E+09 0.1363 4091.67
1.19E+09 0.1344 4089.34
1.20E+09 0.1343 4087.31
1.20E+09 0.1342 4085.42
1.21E+09 0.1333 4083.46
1.22E+09 0.1335 4081.62
1.22E+09 0.1328 4079.93
1.23E+09 0.1325 4078.02
1.23E+09 0.1317 4076.08
1.24E+09 0.1326 4074.62
1.25E+09 0.1319 4072.56
1.25E+09 0.1315 4070.46
1.26E+09 0.1306 4068.31
1.27E+09 0.1299 4066.55
1.27E+09 0.1299 4064.54
1.28E+09 0.1298 4062.63
1.28E+09 0.1294 4060.92
1.29E+09 0.1289 4059.21
1.30E+09 0.1286 4057.6
1.30E+09 0.1293 4055.68
1.31E+09 0.1286 4053.56
1.32E+09 0.1294 4051.65
1.32E+09 0.1289 4049.67
1.33E+09 0.1285 4047.58
1.34E+09 0.1274 4045.73
1.34E+09 0.1274 4043.95
1.35E+09 0.1265 4041.99
1.36E+09 0.1268 4039.65
1.36E+09 0.1263 4037.42
1.37E+09 0.1262 4035.28
1.38E+09 0.1257 4032.82
1.39E+09 0.1257 4030.6
1.39E+09 0.1247 4028.41
1.40E+09 0.1246 4026.38
1.41E+09 0.1243 4024.19
1.42E+09 0.1237 4022.01
1.42E+09 0.1234 4019.9
1.43E+09 0.1222 4017.86
1.44E+09 0.1233 4015.85
1.45E+09 0.1217 4013.8
1.45E+09 0.1220 4011.9
1.46E+09 0.1220 4009.81
1.47E+09 0.1218 4007.94
1.47E+09 0.1213 4005.73
1.48E+09 0.1207 4003.94
1.49E+09 0.1200 4001.75
1.50E+09 0.1202 3999.63
1.50E+09 0.1198 3997.59
1.51E+09 0.1198 3995.63
1.52E+09 0.1193 3993.34
1.53E+09 0.1190 3991.11
1.53E+09 0.1187 3988.96
1.54E+09 0.1185 3987.09
1.55E+09 0.1180 3984.97
1.56E+09 0.1171 3982.93
1.56E+09 0.1166 3980.97
1.57E+09 0.1166 3978.93
1.58E+09 0.1166 3976.91
1.59E+09 0.1161 3974.95
1.59E+09 0.1166 3973.05
1.60E+09 0.1166 3971.06
1.61E+09 0.1154 3968.95
1.62E+09 0.1157 3967.01
1.62E+09 0.1148 3964.96
1.63E+09 0.1153 3962.8
1.64E+09 0.1138 3960.49
1.65E+09 0.1141 3958.39
1.66E+09 0.1137 3955.98
1.67E+09 0.1128 3953.94
1.67E+09 0.1130 3951.98
1.68E+09 0.1123 3949.77
1.69E+09 0.1124 3947.8
1.70E+09 0.1110 3945.62
1.71E+09 0.1104 3943.42
1.71E+09 0.1105 3941.44
1.72E+09 0.1101 3939.36
1.73E+09 0.1104 3937.27
1.74E+09 0.1097 3935.25
1.75E+09 0.1099 3933.24
1.75E+09 0.1096 3930.87
1.76E+09 0.1092 3928.96
1.77E+09 0.1087 3926.82
1.78E+09 0.1081 3924.72
1.79E+09 0.1083 3922.71
1.80E+09 0.1076 3920.58
1.80E+09 0.1082 3918.45
1.81E+09 0.1072 3916.24
1.82E+09 0.1069 3914.11
1.83E+09 0.1064 3912.01
1.84E+09 0.1065 3909.51
1.85E+09 0.1054 3907.59
1.86E+09 0.1045 3905.57
1.87E+09 0.1048 3903.54
1.87E+09 0.1048 3901.64
1.88E+09 0.1046 3899.82
1.89E+09 0.1038 3897.94
1.90E+09 0.1031 3896.23
1.90E+09 0.1039 3894.37
1.91E+09 0.1035 3892.2
1.92E+09 0.1032 3890.02
1.93E+09 0.1023 3887.89
1.94E+09 0.1027 3886.07
1.95E+09 0.1015 3883.89
1.96E+09 0.1016 3881.94
1.96E+09 0.1013 3879.99
1.97E+09 0.1011 3877.94
1.98E+09 0.1015 3875.95
1.99E+09 0.1006 3874.05
2.00E+09 0.0994 3872.38
2.00E+09 0.1007 3870.42
2.01E+09 0.1002 3868.56
2.02E+09 0.0995 3866.73
2.03E+09 0.0993 3864.85
2.04E+09 0.0989 3862.89
2.05E+09 0.0984 3860.5
2.06E+09 0.0992 3858.36
2.07E+09 0.0976 3856.34
2.08E+09 0.0981 3854.22
2.08E+09 0.0981 3852.13
2.09E+09 0.0965 3850.19
2.10E+09 0.0962 3848.06
2.11E+09 0.0962 3846.27
2.12E+09 0.0964 3844.62
2.13E+09 0.0966 3842.69
2.14E+09 0.0958 3840.68
2.14E+09 0.0950 3838.74
2.15E+09 0.0952 3836.95
2.16E+09 0.0947 3834.78
2.17E+09 0.0942 3832.84
2.18E+09 0.0942 3831.44
2.19E+09 0.0940 3829.69
2.19E+09 0.0941 3828.06
2.20E+09 0.0937 3826.27
2.21E+09 0.0930 3824.48
2.22E+09 0.0928 3822.47
2.23E+09 0.0932 3820.58
2.24E+09 0.0927 3818.41
2.25E+09 0.0918 3816.18
2.26E+09 0.0913 3814.17
2.27E+09 0.0902 3812.21
2.27E+09 0.0906 3810.65
2.28E+09 0.0912 3809.04
2.29E+09 0.0906 3807.35
2.30E+09 0.0904 3805.35
2.31E+09 0.0899 3803.26
2.32E+09 0.0898 3801.62
2.33E+09 0.0896 3799.82
2.34E+09 0.0901 3797.77
2.35E+09 0.0899 3795.76
2.36E+09 0.0888 3793.62
2.37E+09 0.0882 3791.65
2.38E+09 0.0877 3789.61
2.39E+09 0.0876 3787.59
2.40E+09 0.0873 3785.56
2.41E+09 0.0874 3783.36
2.42E+09 0.0870 3781.52
2.43E+09 0.0865 3779.48
2.44E+09 0.0871 3777.29
2.45E+09 0.0861 3775.14
2.46E+09 0.0852 3773.23
2.47E+09 0.0850 3771.52
2.48E+09 0.0855 3769.65
2.49E+09 0.0856 3767.81
2.50E+09 0.0847 3765.81
2.51E+09 0.0849 3763.83
2.52E+09 0.0845 3761.92
2.52E+09 0.0843 3760.27
2.53E+09 0.0834 3758.24
2.54E+09 0.0830 3756.43
2.55E+09 0.0824 3754.68
2.56E+09 0.0829 3752.76
2.57E+09 0.0816 3751.07
2.58E+09 0.0817 3749.46
2.59E+09 0.0821 3747.73
2.60E+09 0.0815 3746.16
2.61E+09 0.0810 3744.68
2.61E+09 0.0808 3743.19
2.62E+09 0.0803 3741.28
2.63E+09 0.0807 3739.61
2.64E+09 0.0805 3737.9
2.65E+09 0.0799 3736.2
2.66E+09 0.0801 3734.29
2.67E+09 0.0797 3732.26
2.68E+09 0.0788 3730.32
2.69E+09 0.0786 3728.37
2.70E+09 0.0790 3726.34
2.71E+09 0.0790 3724.43
2.73E+09 0.0786 3722.57
2.74E+09 0.0769 3720.64
2.75E+09 0.0775 3718.91
2.76E+09 0.0777 3717.09
2.77E+09 0.0771 3715.22
2.78E+09 0.0768 3713.37
2.79E+09 0.0763 3711.58
2.80E+09 0.0766 3709.86
2.81E+09 0.0754 3707.79
2.82E+09 0.0760 3706.01
2.83E+09 0.0754 3704.57
2.84E+09 0.0755 3702.68
2.85E+09 0.0750 3700.64
2.86E+09 0.0749 3698.88
2.87E+09 0.0747 3696.82
2.88E+09 0.0748 3695.06
2.89E+09 0.0741 3693.36
2.90E+09 0.0742 3691.81
2.91E+09 0.0738 3690.37
2.92E+09 0.0738 3688.84
2.93E+09 0.0738 3687.34
2.93E+09 0.0735 3685.94
2.94E+09 0.0733 3684.15
2.95E+09 0.0727 3682.46
2.97E+09 0.0724 3680.73
2.98E+09 0.0722 3678.74
2.99E+09 0.0721 3676.97
3.00E+09 0.0718 3675.12
3.01E+09 0.0717 3673.14
3.02E+09 0.0715 3671.19
3.03E+09 0.0708 3669.17
3.05E+09 0.0711 3667.29
3.06E+09 0.0703 3665.42
3.07E+09 0.0705 3663.58
3.08E+09 0.0698 3661.86
3.09E+09 0.0694 3660.1
3.10E+09 0.0690 3658.24
3.11E+09 0.0698 3656.58
3.12E+09 0.0685 3654.61
3.14E+09 0.0683 3652.83
3.15E+09 0.0679 3651.06
3.16E+09 0.0688 3649.4
3.17E+09 0.0678 3647.58
3.18E+09 0.0680 3645.71
3.19E+09 0.0673 3644.04
3.20E+09 0.0671 3642.41
3.21E+09 0.0670 3640.75
3.23E+09 0.0668 3638.72
3.24E+09 0.0667 3636.73
3.25E+09 0.0666 3634.62
3.27E+09 0.0661 3632.58
3.28E+09 0.0658 3630.88
3.29E+09 0.0658 3629.13
3.30E+09 0.0653 3627.32
3.31E+09 0.0648 3625.53
3.33E+09 0.0653 3623.55
3.34E+09 0.0649 3621.6
3.35E+09 0.0645 3619.41
3.37E+09 0.0646 3617.27
3.38E+09 0.0640 3615.37
3.39E+09 0.0633 3613.43
3.40E+09 0.0631 3611.83
3.42E+09 0.0636 3610.16
3.43E+09 0.0626 3608.34
3.44E+09 0.0627 3606.62
3.45E+09 0.0623 3604.75
3.46E+09 0.0621 3603.06
3.48E+09 0.0615 3601.32
3.49E+09 0.0622 3599.6
3.50E+09 0.0613 3597.65
3.51E+09 0.0611 3595.92
3.53E+09 0.0608 3594.07
3.54E+09 0.0605 3592.37
3.55E+09 0.0604 3590.51
3.57E+09 0.0601 3588.64
3.58E+09 0.0598 3586.75
3.59E+09 0.0600 3584.91
3.61E+09 0.0592 3582.91
3.62E+09 0.0589 3581.01
3.63E+09 0.0584 3579.3
3.65E+09 0.0584 3577.43
3.66E+09 0.0583 3575.81
3.67E+09 0.0585 3573.95
3.69E+09 0.0577 3571.95
3.70E+09 0.0570 3570.19
3.71E+09 0.0574 3568.78
3.72E+09 0.0571 3567.19
3.74E+09 0.0568 3565.66
3.75E+09 0.0570 3563.91
3.76E+09 0.0567 3561.98
3.78E+09 0.0559 3560.04
3.79E+09 0.0564 3558.02
3.81E+09 0.0555 3556.18
3.82E+09 0.0558 3554.39
3.84E+09 0.0555 3552.67
3.85E+09 0.0550 3550.9
3.86E+09 0.0553 3549.23
3.88E+09 0.0543 3547.39
3.89E+09 0.0542 3545.76
3.90E+09 0.0542 3544.07
3.92E+09 0.0535 3542.35
3.93E+09 0.0541 3540.79
3.95E+09 0.0534 3538.85
3.96E+09 0.0533 3537.15
3.97E+09 0.0527 3535.23
3.99E+09 0.0523 3533.42
4.00E+09 0.0525 3531.7
4.02E+09 0.0521 3530.05
4.03E+09 0.0522 3528.42
4.04E+09 0.0523 3526.71
4.06E+09 0.0516 3525.15
4.07E+09 0.0521 3523.6
4.08E+09 0.0512 3522.05
4.10E+09 0.0513 3520.37
4.11E+09 0.0512 3518.56
4.13E+09 0.0509 3516.73
4.14E+09 0.0506 3514.84
4.16E+09 0.0504 3512.96
4.18E+09 0.0503 3511.08
4.19E+09 0.0497 3509.28
4.21E+09 0.0496 3507.46
4.22E+09 0.0494 3505.68
4.24E+09 0.0496 3503.95
4.26E+09 0.0489 3502.06
4.27E+09 0.0488 3500.21
4.29E+09 0.0485 3498.38
4.30E+09 0.0485 3496.55
4.32E+09 0.0473 3494.8
4.34E+09 0.0474 3493.08
4.35E+09 0.0475 3491.37
4.37E+09 0.0474 3489.68
4.38E+09 0.0475 3487.9
4.40E+09 0.0469 3486.18
4.41E+09 0.0463 3484.6
4.43E+09 0.0466 3482.78
4.44E+09 0.0465 3481.2
4.46E+09 0.0460 3479.38
4.48E+09 0.0463 3477.85
4.49E+09 0.0456 3476.05
4.51E+09 0.0457 3474.38
4.53E+09 0.0454 3472.6
4.54E+09 0.0453 3470.66
4.56E+09 0.0451 3468.93
4.58E+09 0.0452 3467.24
4.59E+09 0.0448 3465.51
4.61E+09 0.0440 3463.84
4.63E+09 0.0443 3461.93
4.64E+09 0.0435 3460.19
4.66E+09 0.0440 3458.44
4.68E+09 0.0434 3456.89
4.69E+09 0.0433 3455.13
4.71E+09 0.0430 3453.52
4.73E+09 0.0432 3451.69
4.75E+09 0.0426 3449.86
4.76E+09 0.0424 3448.15
4.78E+09 0.0421 3446.41
4.80E+09 0.0421 3444.68
4.82E+09 0.0418 3442.78
4.84E+09 0.0422 3441.12
4.85E+09 0.0416 3439.41
4.87E+09 0.0415 3437.5
4.89E+09 0.0409 3435.74
4.91E+09 0.0409 3433.96
4.93E+09 0.0407 3432.15
4.95E+09 0.0405 3430.47
4.97E+09 0.0402 3428.88
4.98E+09 0.0398 3427.19
