0.00E+00 -0.2624 3713.87
5.31E+07 0.1336 3704.13
6.46E+07 0.1665 3699.04
7.79E+07 0.1660 3692.35
1.07E+08 0.1522 3679
1.44E+08 0.1364 3663.04
1.77E+08 0.1459 3649.42
2.04E+08 0.1480 3638.05
2.33E+08 0.1538 3625.04
2.59E+08 0.1498 3613.17
2.80E+08 0.1430 3603.97
2.96E+08 0.1384 3597.5
3.14E+08 0.1339 3590.22
3.28E+08 0.1314 3585
3.44E+08 0.1251 3578.97
3.60E+08 0.1242 3572.85
3.77E+08 0.1194 3567.05
3.90E+08 0.1150 3562.49
4.02E+08 0.1131 3558.56
4.13E+08 0.1103 3554.79
4.26E+08 0.1075 3550.64
4.40E+08 0.1053 3546.38
4.53E+08 0.1029 3542.45
4.62E+08 0.1012 3539.49
4.75E+08 0.0994 3535.89
4.88E+08 0.0954 3532.22
4.98E+08 0.0938 3529.31
5.10E+08 0.0907 3526.15
5.23E+08 0.0880 3522.74
5.35E+08 0.0878 3519.47
5.46E+08 0.0850 3516.66
5.59E+08 0.0831 3513.5
5.71E+08 0.0811 3510.59
5.84E+08 0.0789 3507.51
5.98E+08 0.0756 3504.41
6.12E+08 0.0742 3501.35
6.28E+08 0.0720 3497.82
6.42E+08 0.0692 3494.94
6.53E+08 0.0674 3492.82
6.64E+08 0.0658 3490.71
6.79E+08 0.0638 3487.73
6.95E+08 0.0620 3484.78
7.11E+08 0.0594 3481.96
7.28E+08 0.0579 3479.08
7.45E+08 0.0551 3476.24
7.63E+08 0.0536 3473.5
7.84E+08 0.0500 3470.28
8.02E+08 0.0485 3467.7
8.21E+08 0.0462 3464.96
8.39E+08 0.0447 3462.63
8.55E+08 0.0438 3460.5
8.73E+08 0.0418 3458.26
8.87E+08 0.0416 3456.55
9.00E+08 0.0414 3455.04
9.12E+08 0.0394 3453.61
9.23E+08 0.0391 3452.23
9.37E+08 0.0399 3450.64
9.55E+08 0.0395 3448.62
9.69E+08 0.0394 3446.93
9.84E+08 0.0385 3445.26
9.97E+08 0.0382 3443.77
1.01E+09 0.0376 3442.24
1.03E+09 0.0378 3440.61
1.04E+09 0.0374 3438.81
1.06E+09 0.0370 3436.78
1.08E+09 0.0365 3434.96
1.09E+09 0.0361 3433.12
1.11E+09 0.0358 3431.33
1.13E+09 0.0355 3429.44
1.15E+09 0.0347 3427.49
1.17E+09 0.0347 3425.68
1.18E+09 0.0343 3424.02
1.20E+09 0.0344 3422.33
1.22E+09 0.0337 3420.77
1.23E+09 0.0339 3419.32
1.25E+09 0.0336 3417.52
1.27E+09 0.0333 3415.7
1.28E+09 0.0332 3414.25
1.30E+09 0.0322 3412.71
1.31E+09 0.0331 3411.18
1.33E+09 0.0324 3409.49
1.35E+09 0.0322 3407.65
1.37E+09 0.0319 3406.02
1.39E+09 0.0317 3404.12
1.41E+09 0.0312 3402.29
1.43E+09 0.0307 3400.62
1.44E+09 0.0312 3398.94
1.46E+09 0.0315 3397.18
1.48E+09 0.0309 3395.43
1.50E+09 0.0304 3393.78
1.52E+09 0.0301 3391.99
1.54E+09 0.0301 3390.19
1.56E+09 0.0293 3388.45
1.58E+09 0.0299 3386.88
1.60E+09 0.0294 3385.3
1.62E+09 0.0288 3383.62
1.64E+09 0.0293 3381.91
1.66E+09 0.0292 3380.23
1.68E+09 0.0290 3378.63
1.70E+09 0.0286 3376.99
1.71E+09 0.0288 3375.48
1.73E+09 0.0285 3373.75
1.75E+09 0.0280 3372.25
1.77E+09 0.0276 3370.56
1.79E+09 0.0273 3368.98
1.81E+09 0.0278 3367.39
1.83E+09 0.0278 3365.88
1.85E+09 0.0273 3364.38
1.87E+09 0.0271 3362.61
1.89E+09 0.0271 3360.87
1.92E+09 0.0268 3359.11
1.94E+09 0.0268 3357.48
1.96E+09 0.0267 3355.83
1.98E+09 0.0265 3354.14
2.00E+09 0.0261 3352.49
2.02E+09 0.0262 3350.82
2.04E+09 0.0263 3349.11
2.07E+09 0.0262 3347.31
2.09E+09 0.0254 3345.48
2.12E+09 0.0254 3343.67
2.14E+09 0.0256 3341.96
2.17E+09 0.0248 3340.04
2.19E+09 0.0249 3338.27
2.21E+09 0.0248 3336.58
2.24E+09 0.0245 3334.76
2.26E+09 0.0244 3333.08
2.28E+09 0.0244 3331.48
2.31E+09 0.0236 3329.82
2.33E+09 0.0240 3328.32
2.35E+09 0.0236 3326.77
2.37E+09 0.0231 3325.3
2.40E+09 0.0227 3323.77
2.42E+09 0.0228 3322.32
2.44E+09 0.0230 3320.69
2.47E+09 0.0231 3319.03
2.49E+09 0.0224 3317.25
2.52E+09 0.0227 3315.57
2.54E+09 0.0221 3313.96
2.57E+09 0.0219 3312.23
2.59E+09 0.0221 3310.6
2.62E+09 0.0221 3309.12
2.64E+09 0.0214 3307.4
2.67E+09 0.0214 3306.01
2.69E+09 0.0214 3304.47
2.72E+09 0.0216 3302.83
2.74E+09 0.0214 3301.08
2.77E+09 0.0208 3299.24
2.80E+09 0.0208 3297.65
2.83E+09 0.0211 3295.99
2.85E+09 0.0207 3294.25
2.88E+09 0.0205 3292.58
2.91E+09 0.0204 3290.68
2.94E+09 0.0200 3288.94
2.97E+09 0.0204 3287.19
3.00E+09 0.0202 3285.52
3.03E+09 0.0199 3284
3.05E+09 0.0198 3282.44
3.08E+09 0.0198 3280.73
3.11E+09 0.0195 3279.19
3.14E+09 0.0191 3277.56
3.17E+09 0.0188 3275.84
3.20E+09 0.0192 3274.28
3.23E+09 0.0189 3272.74
3.25E+09 0.0186 3271.25
3.28E+09 0.0187 3269.76
3.31E+09 0.0188 3268.32
3.33E+09 0.0187 3266.75
3.36E+09 0.0187 3265.14
3.39E+09 0.0182 3263.56
3.42E+09 0.0183 3261.97
3.45E+09 0.0186 3260.48
3.48E+09 0.0181 3258.85
3.51E+09 0.0181 3257.12
3.55E+09 0.0178 3255.29
3.58E+09 0.0172 3253.58
3.61E+09 0.0175 3251.95
3.64E+09 0.0174 3250.39
3.67E+09 0.0174 3248.82
3.71E+09 0.0175 3247.15
3.74E+09 0.0172 3245.48
3.77E+09 0.0168 3243.85
3.80E+09 0.0175 3242.38
3.83E+09 0.0169 3240.74
3.87E+09 0.0167 3239.16
3.90E+09 0.0169 3237.69
3.93E+09 0.0170 3236.19
3.96E+09 0.0171 3234.72
3.99E+09 0.0170 3233.18
4.02E+09 0.0169 3231.52
4.05E+09 0.0168 3229.88
4.09E+09 0.0166 3228.22
4.12E+09 0.0163 3226.61
4.15E+09 0.0166 3225.1
4.18E+09 0.0167 3223.42
4.22E+09 0.0165 3221.91
4.24E+09 0.0162 3220.49
4.28E+09 0.0168 3218.94
4.31E+09 0.0165 3217.4
4.34E+09 0.0165 3215.79
4.37E+09 0.0166 3214.31
4.40E+09 0.0166 3212.85
4.43E+09 0.0164 3211.27
4.47E+09 0.0164 3209.67
4.50E+09 0.0168 3208
4.53E+09 0.0166 3206.45
4.57E+09 0.0165 3204.77
4.60E+09 0.0164 3203.19
4.63E+09 0.0168 3201.78
4.66E+09 0.0166 3200.15
4.70E+09 0.0167 3198.5
4.73E+09 0.0167 3196.97
4.76E+09 0.0170 3195.41
4.79E+09 0.0169 3193.8
4.82E+09 0.0170 3192.34
4.85E+09 0.0166 3190.69
4.89E+09 0.0169 3189.12
4.92E+09 0.0168 3187.67
4.94E+09 0.0170 3186.41
4.97E+09 0.0170 3185.06
5.00E+09 0.0169 3183.5
