0.00E+00 -0.6951 5627.03
1.88E+08 0.2066 5492.01
2.42E+08 0.1964 5449.06
2.89E+08 0.1886 5413.66
3.33E+08 0.1699 5381.95
3.66E+08 0.1723 5358.24
4.00E+08 0.1700 5334.82
4.30E+08 0.1598 5315.1
4.58E+08 0.1563 5296.97
4.81E+08 0.1545 5282.65
5.08E+08 0.1482 5265.63
5.33E+08 0.1502 5250.4
5.52E+08 0.1541 5239.03
5.54E+08 0.1711 5237.43
5.58E+08 0.1835 5234.56
5.64E+08 0.2080 5230.09
5.79E+08 0.2450 5215.49
6.05E+08 0.2570 5189.11
6.25E+08 0.2418 5167.38
6.75E+08 0.1985 5124.19
7.37E+08 0.1999 5073.82
7.79E+08 0.2171 5038.72
8.12E+08 0.2583 5008.59
8.77E+08 0.2121 4946.92
9.55E+08 0.1847 4883.75
1.03E+09 0.1619 4832.77
1.09E+09 0.1827 4787.54
1.18E+09 0.1864 4716.46
1.25E+09 0.1641 4669.04
1.26E+09 0.1715 4659.23
1.28E+09 0.1496 4646.22
1.31E+09 0.1558 4633.31
1.32E+09 0.1538 4621.96
1.34E+09 0.1473 4610.04
1.36E+09 0.1465 4598.9
1.38E+09 0.1416 4587.77
1.40E+09 0.1341 4577.24
1.42E+09 0.1336 4567.92
1.43E+09 0.1397 4558.24
1.45E+09 0.1347 4549.38
1.46E+09 0.1261 4540.81
1.48E+09 0.1336 4533.71
1.49E+09 0.1274 4525.08
1.51E+09 0.1192 4516.03
1.53E+09 0.1213 4508.21
1.55E+09 0.1199 4499.13
1.57E+09 0.1184 4490.32
1.58E+09 0.1136 4482.18
1.60E+09 0.1188 4473.25
1.62E+09 0.1211 4464.26
1.64E+09 0.1136 4456.34
1.66E+09 0.1087 4447.59
1.68E+09 0.1052 4438.81
1.69E+09 0.0988 4431.78
1.71E+09 0.1023 4424.34
1.73E+09 0.1110 4414.6
1.75E+09 0.1057 4406.55
1.77E+09 0.0989 4398.86
1.79E+09 0.1042 4391.69
1.81E+09 0.0966 4383.24
1.83E+09 0.1032 4376.27
1.85E+09 0.0926 4367.51
1.87E+09 0.0917 4359.39
1.89E+09 0.0965 4351.64
1.91E+09 0.0868 4343.71
1.93E+09 0.0930 4335.16
1.95E+09 0.0913 4327.6
1.98E+09 0.0850 4319.34
2.00E+09 0.0898 4311.02
2.03E+09 0.0852 4300.89
2.05E+09 0.0837 4293.24
2.08E+09 0.0738 4285.24
2.10E+09 0.0769 4279.15
2.12E+09 0.0817 4272.73
2.14E+09 0.0734 4264.78
2.17E+09 0.0780 4257.01
2.19E+09 0.0785 4250.74
2.22E+09 0.0690 4241.73
2.24E+09 0.0756 4234.07
2.27E+09 0.0689 4225.87
2.29E+09 0.0663 4220.25
2.32E+09 0.0662 4211.82
2.36E+09 0.0622 4203.18
2.38E+09 0.0652 4197.44
2.40E+09 0.0602 4191.61
2.43E+09 0.0601 4183.9
2.46E+09 0.0612 4176.81
2.49E+09 0.0590 4170.72
2.52E+09 0.0603 4162.5
2.55E+09 0.0541 4155.05
2.58E+09 0.0567 4148.96
2.61E+09 0.0531 4142.25
2.65E+09 0.0538 4133.12
2.69E+09 0.0486 4125.9
2.72E+09 0.0493 4119.02
2.76E+09 0.0494 4111.17
2.79E+09 0.0495 4105.7
2.82E+09 0.0450 4098.66
2.86E+09 0.0411 4091.95
2.89E+09 0.0433 4086.29
2.93E+09 0.0427 4079.48
2.97E+09 0.0414 4073.09
3.00E+09 0.0448 4066.85
3.05E+09 0.0374 4060.03
3.09E+09 0.0400 4053.89
3.13E+09 0.0352 4047.37
3.17E+09 0.0351 4041.52
3.21E+09 0.0304 4036.69
3.25E+09 0.0381 4030.29
3.29E+09 0.0333 4024
3.33E+09 0.0336 4018.34
3.38E+09 0.0326 4012.05
3.43E+09 0.0327 4005.56
3.47E+09 0.0276 4000.15
3.52E+09 0.0272 3994.9
3.56E+09 0.0235 3990.77
3.60E+09 0.0328 3985.78
3.66E+09 0.0264 3979.77
3.70E+09 0.0253 3974.34
3.75E+09 0.0265 3969.67
3.80E+09 0.0232 3965.02
3.84E+09 0.0226 3960.8
3.89E+09 0.0241 3955.77
3.95E+09 0.0222 3950.7
4.00E+09 0.0217 3945.94
4.05E+09 0.0196 3941.52
4.10E+09 0.0208 3937.52
4.16E+09 0.0207 3932.49
4.21E+09 0.0193 3928.39
4.26E+09 0.0179 3924.7
4.31E+09 0.0191 3920.89
4.37E+09 0.0156 3917.1
4.41E+09 0.0200 3913.54
4.47E+09 0.0151 3909.8
4.53E+09 0.0169 3905.94
4.58E+09 0.0150 3902.3
4.64E+09 0.0148 3898.79
4.69E+09 0.0159 3895.49
4.75E+09 0.0144 3892.14
4.81E+09 0.0144 3888.66
4.86E+09 0.0142 3885.39
4.92E+09 0.0145 3881.92
4.98E+09 0.0127 3878.66
