0.00E+00 -0.5605 4977.23
2.19E+08 0.1281 4888.18
2.78E+08 0.1275 4862.4
3.28E+08 0.1276 4841.61
3.71E+08 0.1149 4824.2
3.95E+08 0.1154 4814.79
3.97E+08 0.1248 4814.02
4.00E+08 0.1437 4812.68
4.06E+08 0.1572 4809.26
4.14E+08 0.1837 4804.75
4.18E+08 0.2038 4802.35
4.33E+08 0.1802 4792.25
4.82E+08 0.1889 4763.01
5.04E+08 0.2230 4747.96
5.44E+08 0.1885 4720.74
6.10E+08 0.1703 4680.48
6.79E+08 0.1563 4642.3
7.35E+08 0.1466 4613.6
7.75E+08 0.1444 4594
8.24E+08 0.1528 4569.27
8.53E+08 0.1477 4554.07
8.92E+08 0.1365 4535.37
9.30E+08 0.1296 4518.29
9.60E+08 0.1238 4505.23
9.87E+08 0.1359 4493.68
1.01E+09 0.1424 4481.4
1.04E+09 0.1340 4468.71
1.06E+09 0.1251 4458.78
1.08E+09 0.1321 4450.26
1.10E+09 0.1179 4443.17
1.12E+09 0.1310 4432.29
1.15E+09 0.1288 4422.4
1.17E+09 0.1205 4410.52
1.20E+09 0.1148 4400.85
1.22E+09 0.1118 4394.1
1.24E+09 0.1142 4386.48
1.25E+09 0.1128 4379.66
1.28E+09 0.1109 4371.5
1.30E+09 0.1116 4363.45
1.31E+09 0.1020 4358.09
1.33E+09 0.1093 4352.19
1.35E+09 0.1062 4346.06
1.36E+09 0.1060 4339.89
1.38E+09 0.1008 4334.51
1.39E+09 0.1032 4329.89
1.41E+09 0.0982 4324.25
1.42E+09 0.0964 4318.69
1.44E+09 0.1032 4313.64
1.45E+09 0.0929 4308.52
1.47E+09 0.0939 4303.87
1.48E+09 0.0927 4299.18
1.50E+09 0.0938 4294.09
1.52E+09 0.0912 4288.87
1.53E+09 0.0922 4283.75
1.55E+09 0.0910 4278.22
1.57E+09 0.0859 4273.1
1.58E+09 0.0870 4268.38
1.60E+09 0.0903 4263.44
1.62E+09 0.0830 4257.4
1.64E+09 0.0834 4252.77
1.66E+09 0.0828 4247.33
1.68E+09 0.0806 4242.27
1.70E+09 0.0830 4236.97
1.71E+09 0.0773 4232.84
1.73E+09 0.0794 4228.13
1.75E+09 0.0744 4222.51
1.76E+09 0.0761 4218.7
1.78E+09 0.0781 4213.53
1.81E+09 0.0742 4207.94
1.83E+09 0.0757 4202.73
1.85E+09 0.0750 4197.3
1.86E+09 0.0738 4192.85
1.89E+09 0.0699 4187.6
1.91E+09 0.0678 4182.71
1.93E+09 0.0733 4177.22
1.95E+09 0.0641 4171.88
1.97E+09 0.0703 4167.39
1.99E+09 0.0681 4162.92
2.01E+09 0.0649 4158.23
2.03E+09 0.0587 4154.42
2.05E+09 0.0618 4150.71
2.07E+09 0.0624 4146.29
2.09E+09 0.0669 4141.29
2.12E+09 0.0623 4136.15
2.14E+09 0.0631 4131.51
2.16E+09 0.0592 4127.16
2.18E+09 0.0589 4122.7
2.21E+09 0.0557 4117.91
2.23E+09 0.0574 4112.85
2.26E+09 0.0570 4107.89
2.28E+09 0.0504 4103.8
2.30E+09 0.0518 4099.47
2.33E+09 0.0561 4094.76
2.35E+09 0.0525 4090.61
2.38E+09 0.0502 4086.66
2.40E+09 0.0451 4083.24
2.42E+09 0.0494 4079.9
2.44E+09 0.0495 4076.04
2.47E+09 0.0420 4072.41
2.49E+09 0.0461 4068.72
2.51E+09 0.0473 4065.2
2.54E+09 0.0482 4061.38
2.56E+09 0.0459 4056.78
2.59E+09 0.0474 4052.27
2.62E+09 0.0440 4048.58
2.64E+09 0.0462 4044.53
2.67E+09 0.0397 4040.51
2.69E+09 0.0401 4037.24
2.72E+09 0.0447 4033.55
2.75E+09 0.0409 4029.13
2.78E+09 0.0405 4024.9
2.81E+09 0.0444 4020.33
2.85E+09 0.0422 4015.54
2.88E+09 0.0395 4010.62
2.91E+09 0.0385 4006.5
2.94E+09 0.0387 4002.94
2.97E+09 0.0350 3999.43
3.00E+09 0.0365 3995.71
3.03E+09 0.0339 3991.84
3.06E+09 0.0360 3988.41
3.09E+09 0.0309 3985.52
3.12E+09 0.0345 3982.55
3.14E+09 0.0356 3979.61
3.17E+09 0.0356 3975.61
3.21E+09 0.0355 3971.29
3.25E+09 0.0331 3966.84
3.29E+09 0.0321 3962.67
3.32E+09 0.0314 3959.11
3.35E+09 0.0270 3955.56
3.39E+09 0.0307 3952.19
3.42E+09 0.0297 3949.15
3.45E+09 0.0281 3945.73
3.49E+09 0.0300 3942.39
3.53E+09 0.0274 3938.54
3.56E+09 0.0261 3935.41
3.59E+09 0.0287 3932.47
3.63E+09 0.0239 3929.33
3.66E+09 0.0231 3926.98
3.69E+09 0.0275 3924.24
3.73E+09 0.0254 3921.03
3.76E+09 0.0245 3918.19
3.80E+09 0.0253 3914.64
3.84E+09 0.0239 3911.57
3.88E+09 0.0248 3908.33
3.92E+09 0.0223 3904.89
3.97E+09 0.0231 3901.59
4.01E+09 0.0208 3898.55
4.05E+09 0.0232 3895.49
4.09E+09 0.0230 3892.23
4.14E+09 0.0219 3888.54
4.18E+09 0.0211 3885.49
4.22E+09 0.0203 3882.84
4.26E+09 0.0227 3879.97
4.30E+09 0.0181 3877.11
4.35E+09 0.0186 3874.18
4.38E+09 0.0180 3872.01
4.43E+09 0.0178 3869.14
4.47E+09 0.0174 3866.63
4.51E+09 0.0179 3864.38
4.55E+09 0.0176 3861.62
4.60E+09 0.0185 3858.63
4.64E+09 0.0184 3856.07
4.69E+09 0.0181 3852.91
4.74E+09 0.0171 3850.04
4.78E+09 0.0168 3847.58
4.83E+09 0.0173 3844.59
4.88E+09 0.0162 3841.75
4.93E+09 0.0155 3839.38
4.97E+09 0.0161 3836.84
