0.00E+00 -0.4417 4633.58
4.86E+07 0.2383 4606.65
7.01E+07 0.2702 4587.87
9.41E+07 0.2618 4565.91
1.37E+08 0.2311 4530.13
2.09E+08 0.2259 4472.81
2.88E+08 0.2111 4413.17
3.45E+08 0.1983 4373.21
3.75E+08 0.1930 4353.43
3.90E+08 0.1906 4343.45
4.06E+08 0.1825 4333
4.22E+08 0.1763 4323.65
4.34E+08 0.1758 4316.44
4.47E+08 0.1629 4308.73
4.62E+08 0.1564 4300.49
4.77E+08 0.1541 4292.52
4.91E+08 0.1611 4285.07
5.02E+08 0.1578 4279.08
5.15E+08 0.1491 4271.99
5.29E+08 0.1564 4265
5.42E+08 0.1524 4258.03
5.52E+08 0.1515 4252.66
5.66E+08 0.1495 4245.83
5.80E+08 0.1482 4238.82
5.91E+08 0.1455 4232.97
6.02E+08 0.1428 4227.75
6.13E+08 0.1410 4222.21
6.22E+08 0.1415 4217.72
6.38E+08 0.1417 4210.24
6.52E+08 0.1386 4203.35
6.65E+08 0.1397 4197.28
6.76E+08 0.1336 4191.86
6.87E+08 0.1310 4187.22
6.97E+08 0.1259 4182.72
7.06E+08 0.1286 4178.78
7.16E+08 0.1266 4174.4
7.24E+08 0.1278 4170.8
7.37E+08 0.1252 4165.17
7.49E+08 0.1237 4160.19
7.63E+08 0.1244 4154.4
7.76E+08 0.1206 4148.87
7.87E+08 0.1163 4144.36
7.96E+08 0.1153 4140.77
8.08E+08 0.1210 4135.85
8.23E+08 0.1152 4130.05
8.38E+08 0.1114 4124.17
8.52E+08 0.1095 4118.96
8.63E+08 0.1099 4114.76
8.76E+08 0.1033 4110.14
8.88E+08 0.1067 4105.85
9.02E+08 0.1025 4100.75
9.22E+08 0.1025 4093.87
9.39E+08 0.1003 4087.82
9.51E+08 0.1040 4083.66
9.65E+08 0.0955 4079.02
9.76E+08 0.0956 4075.3
9.87E+08 0.0947 4071.69
1.00E+09 0.0942 4066.77
1.02E+09 0.0940 4061.98
1.03E+09 0.0938 4058.12
1.04E+09 0.0897 4053.82
1.06E+09 0.0877 4048.63
1.08E+09 0.0913 4043.4
1.09E+09 0.0856 4039.38
1.10E+09 0.0897 4036.07
1.11E+09 0.0876 4032.16
1.13E+09 0.0838 4028.48
1.14E+09 0.0844 4024.16
1.15E+09 0.0849 4020.59
1.16E+09 0.0859 4017.22
1.18E+09 0.0852 4012.68
1.20E+09 0.0843 4008.19
1.21E+09 0.0839 4004.29
1.23E+09 0.0793 4000.04
1.24E+09 0.0836 3996.08
1.25E+09 0.0822 3992.47
1.27E+09 0.0804 3988.75
1.28E+09 0.0793 3985.02
1.29E+09 0.0784 3981.35
1.31E+09 0.0784 3977.83
1.32E+09 0.0797 3974.25
1.34E+09 0.0778 3969.59
1.35E+09 0.0780 3965.09
1.37E+09 0.0751 3960.9
1.38E+09 0.0768 3957.6
1.40E+09 0.0752 3953.54
1.42E+09 0.0730 3949.31
1.43E+09 0.0727 3945.18
1.45E+09 0.0703 3941.4
1.46E+09 0.0732 3937.76
1.48E+09 0.0710 3934.38
1.49E+09 0.0710 3930.84
1.50E+09 0.0694 3927.43
1.52E+09 0.0683 3923.64
1.54E+09 0.0691 3919.24
1.56E+09 0.0666 3914.46
1.58E+09 0.0655 3910.54
1.59E+09 0.0679 3906.48
1.61E+09 0.0662 3902.17
1.63E+09 0.0638 3898.8
1.64E+09 0.0652 3895.61
1.66E+09 0.0652 3891.58
1.68E+09 0.0638 3887.49
1.70E+09 0.0640 3883.55
1.72E+09 0.0613 3879.56
1.73E+09 0.0606 3875.96
1.75E+09 0.0620 3871.64
1.77E+09 0.0608 3867.32
1.79E+09 0.0608 3863.42
1.81E+09 0.0573 3859.48
1.83E+09 0.0600 3856.02
1.85E+09 0.0586 3851.82
1.87E+09 0.0566 3847.26
1.89E+09 0.0584 3843.26
1.91E+09 0.0577 3839.35
1.93E+09 0.0570 3835.36
1.95E+09 0.0544 3831.77
1.97E+09 0.0541 3828.47
1.99E+09 0.0553 3824.9
2.01E+09 0.0556 3821.78
2.03E+09 0.0506 3818.17
2.05E+09 0.0515 3814.61
2.07E+09 0.0526 3810.89
2.09E+09 0.0500 3807.1
2.11E+09 0.0511 3803.75
2.13E+09 0.0504 3800.66
2.14E+09 0.0484 3797.64
2.16E+09 0.0509 3794.98
2.18E+09 0.0469 3792.13
2.19E+09 0.0489 3789.51
2.21E+09 0.0493 3786.8
2.23E+09 0.0489 3783.48
2.25E+09 0.0455 3780.45
2.27E+09 0.0491 3777.41
2.28E+09 0.0478 3774.64
2.30E+09 0.0454 3771.87
2.32E+09 0.0450 3768.9
2.34E+09 0.0455 3765.9
2.36E+09 0.0438 3762.67
2.38E+09 0.0439 3760.34
2.40E+09 0.0440 3757.52
2.41E+09 0.0450 3754.95
2.43E+09 0.0442 3752.08
2.45E+09 0.0431 3748.84
2.48E+09 0.0426 3745.37
2.50E+09 0.0420 3742.6
2.51E+09 0.0399 3740.16
2.54E+09 0.0426 3737.06
2.56E+09 0.0405 3734.13
2.58E+09 0.0402 3731.48
2.60E+09 0.0379 3728.76
2.61E+09 0.0387 3726.47
2.63E+09 0.0390 3723.85
2.65E+09 0.0387 3721.22
2.67E+09 0.0400 3718.33
2.69E+09 0.0381 3715.81
2.71E+09 0.0386 3713.34
2.74E+09 0.0374 3710.02
2.76E+09 0.0382 3707.02
2.79E+09 0.0362 3703.82
2.81E+09 0.0368 3701.02
2.83E+09 0.0348 3698.06
2.86E+09 0.0346 3695.32
2.88E+09 0.0335 3692.2
2.90E+09 0.0370 3689.78
2.92E+09 0.0341 3687.3
2.95E+09 0.0329 3684.59
2.97E+09 0.0344 3682.09
2.99E+09 0.0330 3679.26
3.02E+09 0.0328 3676.3
3.04E+09 0.0319 3673.69
3.07E+09 0.0326 3670.99
3.09E+09 0.0317 3668.44
3.12E+09 0.0320 3665.15
3.15E+09 0.0318 3662.32
3.17E+09 0.0308 3659.91
3.19E+09 0.0294 3657.42
3.21E+09 0.0313 3655.23
3.24E+09 0.0299 3652.48
3.27E+09 0.0284 3649.86
3.29E+09 0.0297 3647.24
3.32E+09 0.0298 3644.95
3.34E+09 0.0300 3642.59
3.36E+09 0.0282 3640.39
3.39E+09 0.0283 3637.98
3.41E+09 0.0278 3635.27
3.44E+09 0.0283 3632.85
3.46E+09 0.0266 3630.63
3.49E+09 0.0266 3628.16
3.52E+09 0.0264 3625.66
3.54E+09 0.0269 3623.18
3.57E+09 0.0253 3620.45
3.60E+09 0.0256 3617.93
3.63E+09 0.0253 3615.19
3.67E+09 0.0247 3612.19
3.70E+09 0.0259 3609.88
3.73E+09 0.0252 3606.83
3.76E+09 0.0252 3604.3
3.80E+09 0.0237 3601.15
3.83E+09 0.0240 3598.42
3.86E+09 0.0241 3595.76
3.89E+09 0.0225 3593.28
3.92E+09 0.0253 3591.14
3.95E+09 0.0220 3588.51
3.99E+09 0.0227 3586.12
4.01E+09 0.0231 3583.79
4.04E+09 0.0215 3581.57
4.08E+09 0.0212 3579.24
4.11E+09 0.0220 3576.92
4.14E+09 0.0205 3574.7
4.17E+09 0.0213 3572.23
4.21E+09 0.0214 3569.73
4.24E+09 0.0210 3567.22
4.28E+09 0.0201 3564.59
4.31E+09 0.0207 3562.31
4.35E+09 0.0198 3559.73
4.39E+09 0.0198 3557.13
4.42E+09 0.0200 3554.57
4.46E+09 0.0199 3551.9
4.51E+09 0.0192 3549
4.55E+09 0.0185 3546.39
4.59E+09 0.0182 3543.87
4.63E+09 0.0190 3541.19
4.67E+09 0.0186 3538.37
4.71E+09 0.0190 3535.72
4.76E+09 0.0180 3533.19
4.80E+09 0.0175 3530.48
4.85E+09 0.0169 3527.69
4.89E+09 0.0170 3524.99
4.94E+09 0.0175 3522.42
4.99E+09 0.0166 3519.63
