0.00E+00 -0.1654 3223.96
4.91E+07 0.1191 3216.64
9.06E+07 0.1098 3201.48
1.56E+08 0.0977 3180.38
2.17E+08 0.0973 3160.08
2.59E+08 0.0911 3147.53
2.93E+08 0.0845 3137.8
3.26E+08 0.0805 3129.12
3.55E+08 0.0756 3121.72
3.81E+08 0.0718 3115.55
4.08E+08 0.0689 3109.4
4.33E+08 0.0658 3104.09
4.57E+08 0.0629 3099.06
4.80E+08 0.0600 3094.67
5.00E+08 0.0568 3090.93
5.17E+08 0.0556 3087.7
5.36E+08 0.0533 3084.48
5.53E+08 0.0509 3081.55
5.74E+08 0.0493 3078.21
5.92E+08 0.0476 3075.46
6.11E+08 0.0457 3072.56
6.34E+08 0.0433 3069.21
6.55E+08 0.0417 3066.44
6.77E+08 0.0398 3063.5
6.99E+08 0.0380 3060.73
7.24E+08 0.0358 3057.78
7.52E+08 0.0340 3054.67
7.77E+08 0.0320 3052.04
8.02E+08 0.0302 3049.55
8.24E+08 0.0283 3047.44
8.50E+08 0.0275 3045.16
8.78E+08 0.0254 3042.77
9.06E+08 0.0245 3040.47
9.38E+08 0.0226 3038.1
9.69E+08 0.0213 3035.89
1.00E+09 0.0198 3033.69
1.03E+09 0.0186 3031.74
1.07E+09 0.0175 3029.93
1.10E+09 0.0166 3028.16
1.13E+09 0.0162 3026.72
1.15E+09 0.0158 3025.36
1.18E+09 0.0155 3023.94
1.21E+09 0.0154 3022.54
1.24E+09 0.0155 3021.11
1.27E+09 0.0154 3019.69
1.29E+09 0.0155 3018.37
1.32E+09 0.0153 3017.08
1.34E+09 0.0157 3015.89
1.37E+09 0.0155 3014.56
1.39E+09 0.0154 3013.42
1.42E+09 0.0156 3012.16
1.44E+09 0.0153 3010.82
1.47E+09 0.0155 3009.55
1.50E+09 0.0152 3008.14
1.53E+09 0.0149 3006.76
1.56E+09 0.0147 3005.39
1.58E+09 0.0147 3004.02
1.61E+09 0.0146 3002.67
1.64E+09 0.0148 3001.28
1.67E+09 0.0150 2999.92
1.70E+09 0.0150 2998.52
1.73E+09 0.0150 2997.17
1.76E+09 0.0144 2995.69
1.79E+09 0.0144 2994.23
1.82E+09 0.0145 2992.83
1.85E+09 0.0142 2991.47
1.88E+09 0.0144 2990.04
1.91E+09 0.0147 2988.6
1.94E+09 0.0143 2987.16
1.97E+09 0.0144 2985.69
2.00E+09 0.0145 2984.29
2.04E+09 0.0145 2982.79
2.07E+09 0.0144 2981.37
2.10E+09 0.0146 2979.98
2.13E+09 0.0143 2978.51
2.16E+09 0.0148 2977.21
2.18E+09 0.0146 2975.87
2.22E+09 0.0143 2974.41
2.25E+09 0.0145 2972.88
2.28E+09 0.0141 2971.39
2.32E+09 0.0138 2969.9
2.35E+09 0.0140 2968.42
2.38E+09 0.0142 2967.09
2.41E+09 0.0141 2965.72
2.44E+09 0.0141 2964.4
2.47E+09 0.0142 2962.96
2.50E+09 0.0141 2961.52
2.53E+09 0.0138 2959.99
2.57E+09 0.0138 2958.5
2.60E+09 0.0140 2957.09
2.63E+09 0.0137 2955.65
2.66E+09 0.0139 2954.22
2.69E+09 0.0139 2952.86
2.73E+09 0.0138 2951.37
2.76E+09 0.0138 2950.08
2.79E+09 0.0134 2948.69
2.82E+09 0.0138 2947.45
2.85E+09 0.0140 2946.18
2.88E+09 0.0139 2944.7
2.91E+09 0.0136 2943.16
2.94E+09 0.0135 2941.89
2.97E+09 0.0136 2940.6
3.00E+09 0.0136 2939.48
3.03E+09 0.0135 2938.16
3.06E+09 0.0133 2936.69
3.10E+09 0.0132 2935.22
3.13E+09 0.0135 2933.7
3.16E+09 0.0136 2932.31
3.20E+09 0.0135 2930.79
3.23E+09 0.0136 2929.33
3.26E+09 0.0136 2927.82
3.30E+09 0.0137 2926.33
3.33E+09 0.0138 2924.81
3.37E+09 0.0139 2923.26
3.40E+09 0.0138 2921.84
3.43E+09 0.0140 2920.31
3.46E+09 0.0140 2918.95
3.50E+09 0.0141 2917.53
3.53E+09 0.0139 2916.19
3.56E+09 0.0141 2914.83
3.59E+09 0.0144 2913.36
3.62E+09 0.0145 2911.74
3.66E+09 0.0146 2910.19
3.69E+09 0.0144 2908.49
3.73E+09 0.0146 2906.91
3.76E+09 0.0145 2905.23
3.79E+09 0.0147 2903.7
3.83E+09 0.0150 2902.17
3.86E+09 0.0148 2900.52
3.90E+09 0.0149 2898.87
3.93E+09 0.0149 2897.37
3.96E+09 0.0154 2895.93
3.98E+09 0.0150 2894.59
4.01E+09 0.0152 2893.13
4.05E+09 0.0152 2891.6
4.08E+09 0.0154 2890.06
4.11E+09 0.0154 2888.31
4.14E+09 0.0157 2886.74
4.18E+09 0.0154 2885.1
4.21E+09 0.0156 2883.54
4.24E+09 0.0155 2881.96
4.27E+09 0.0158 2880.42
4.30E+09 0.0158 2878.94
4.33E+09 0.0159 2877.43
4.36E+09 0.0160 2875.81
4.40E+09 0.0160 2873.98
4.43E+09 0.0159 2872.26
4.46E+09 0.0158 2870.55
4.50E+09 0.0161 2868.88
4.53E+09 0.0159 2867.23
4.56E+09 0.0162 2865.52
4.60E+09 0.0161 2863.73
4.63E+09 0.0162 2862.12
4.66E+09 0.0160 2860.54
4.69E+09 0.0165 2858.99
4.72E+09 0.0162 2857.22
4.75E+09 0.0161 2855.42
4.79E+09 0.0163 2853.82
4.82E+09 0.0161 2852.19
4.85E+09 0.0167 2850.6
4.88E+09 0.0162 2848.83
4.91E+09 0.0164 2847.12
4.94E+09 0.0166 2845.51
4.98E+09 0.0163 2843.77
