0.00E+00 -0.6271 5484.94
1.50E+08 0.2077 5408.57
1.53E+08 0.2169 5406.13
1.57E+08 0.2423 5403.25
1.65E+08 0.2829 5396.86
1.80E+08 0.2757 5382.55
2.16E+08 0.2469 5353.22
2.31E+08 0.2671 5340.06
2.56E+08 0.3046 5316.5
3.26E+08 0.2741 5250.63
3.86E+08 0.2884 5193.2
4.60E+08 0.2612 5127.06
4.94E+08 0.2789 5097.12
5.19E+08 0.2746 5074.54
5.37E+08 0.2852 5058.08
5.56E+08 0.2774 5040.41
5.75E+08 0.2713 5023.24
5.89E+08 0.2694 5011.47
6.05E+08 0.2700 4997.45
6.19E+08 0.2709 4984.5
6.35E+08 0.2731 4970.84
6.51E+08 0.2633 4956.04
6.66E+08 0.2535 4943.37
6.78E+08 0.2615 4934.05
6.89E+08 0.2550 4924.09
7.01E+08 0.2468 4914.86
7.21E+08 0.2534 4897.97
7.43E+08 0.2444 4879.82
7.60E+08 0.2435 4866.62
7.76E+08 0.2409 4854.36
7.92E+08 0.2245 4841.96
8.06E+08 0.2203 4831.63
8.18E+08 0.2293 4822.83
8.40E+08 0.2239 4806.62
8.57E+08 0.2251 4794.75
8.75E+08 0.2158 4781.49
8.89E+08 0.2126 4772.2
8.99E+08 0.2032 4764.74
9.12E+08 0.2021 4756.76
9.24E+08 0.2104 4748.32
9.35E+08 0.2011 4741.32
9.47E+08 0.1981 4733.22
9.58E+08 0.1901 4725.86
9.67E+08 0.1878 4720.66
9.76E+08 0.1878 4714.83
9.86E+08 0.1933 4708.69
9.94E+08 0.1810 4703.91
1.00E+09 0.1929 4698.89
1.01E+09 0.1976 4691.24
1.03E+09 0.1885 4684.22
1.04E+09 0.1938 4675.67
1.05E+09 0.1921 4669.31
1.06E+09 0.1807 4663.33
1.07E+09 0.1765 4658.76
1.08E+09 0.1913 4651.53
1.09E+09 0.1815 4644.58
1.10E+09 0.1736 4639.64
1.11E+09 0.1782 4633.84
1.12E+09 0.1810 4627.13
1.13E+09 0.1857 4618.85
1.15E+09 0.1802 4611.46
1.16E+09 0.1767 4604.44
1.17E+09 0.1813 4596.48
1.19E+09 0.1774 4588.47
1.20E+09 0.1672 4582.31
1.21E+09 0.1652 4576.65
1.22E+09 0.1677 4571.41
1.23E+09 0.1680 4565.02
1.24E+09 0.1628 4559.2
1.25E+09 0.1659 4553.62
1.26E+09 0.1592 4547.2
1.28E+09 0.1675 4539.96
1.29E+09 0.1629 4531.95
1.30E+09 0.1651 4524.07
1.32E+09 0.1615 4517.02
1.33E+09 0.1584 4509.81
1.34E+09 0.1546 4503.95
1.36E+09 0.1526 4497.58
1.37E+09 0.1570 4491.53
1.38E+09 0.1515 4485.94
1.39E+09 0.1549 4478.83
1.41E+09 0.1499 4472.46
1.42E+09 0.1459 4465.96
1.43E+09 0.1514 4460.89
1.44E+09 0.1456 4455.16
1.46E+09 0.1517 4448.66
1.47E+09 0.1525 4441.78
1.48E+09 0.1495 4435.39
1.50E+09 0.1397 4428.1
1.51E+09 0.1423 4422.04
1.52E+09 0.1367 4416.95
1.54E+09 0.1411 4410
1.55E+09 0.1396 4404.68
1.56E+09 0.1361 4398.82
1.58E+09 0.1453 4391.99
1.59E+09 0.1434 4384.34
1.61E+09 0.1341 4376.97
1.62E+09 0.1226 4371.99
1.64E+09 0.1328 4366.05
1.65E+09 0.1291 4359.67
1.67E+09 0.1174 4353.65
1.68E+09 0.1268 4349.04
1.69E+09 0.1322 4343.35
1.71E+09 0.1283 4337.08
1.72E+09 0.1200 4330.77
1.73E+09 0.1168 4325.49
1.75E+09 0.1190 4319.96
1.76E+09 0.1237 4314.02
1.78E+09 0.1229 4308.29
1.79E+09 0.1095 4302.06
1.81E+09 0.1158 4297.26
1.82E+09 0.1244 4291.36
1.84E+09 0.1163 4284.7
1.86E+09 0.1156 4277.68
1.87E+09 0.1121 4271.61
1.89E+09 0.1097 4266.24
1.90E+09 0.1015 4261.43
1.92E+09 0.1170 4256.32
1.93E+09 0.1116 4250.76
1.95E+09 0.1089 4244.55
1.97E+09 0.1064 4237.92
1.99E+09 0.1091 4230.89
2.01E+09 0.1085 4223.91
2.03E+09 0.1052 4216.97
2.04E+09 0.1090 4211.3
2.06E+09 0.0953 4206.02
2.07E+09 0.0928 4201.7
2.09E+09 0.0990 4197.28
2.10E+09 0.0989 4192.53
2.12E+09 0.1062 4186.71
2.14E+09 0.0964 4179.58
2.16E+09 0.0903 4175.03
2.18E+09 0.0997 4169.41
2.19E+09 0.0976 4163.74
2.21E+09 0.0895 4158.41
2.23E+09 0.0946 4153.22
2.25E+09 0.0947 4147.57
2.27E+09 0.0839 4141.96
2.28E+09 0.0865 4137.4
2.30E+09 0.0926 4131.75
2.32E+09 0.0915 4124.95
2.35E+09 0.0895 4118.04
2.37E+09 0.0852 4112.83
2.38E+09 0.0791 4108.16
2.40E+09 0.0836 4102.84
2.43E+09 0.0833 4096.76
2.45E+09 0.0829 4091.26
2.47E+09 0.0825 4085.82
2.49E+09 0.0764 4080.7
2.50E+09 0.0751 4076.7
2.52E+09 0.0684 4073.03
2.54E+09 0.0862 4068.32
2.56E+09 0.0786 4062.74
2.57E+09 0.0705 4058.91
2.59E+09 0.0767 4054.13
2.61E+09 0.0774 4049.06
2.64E+09 0.0803 4042.99
2.66E+09 0.0746 4037.14
2.69E+09 0.0746 4031.01
2.71E+09 0.0751 4025.34
2.73E+09 0.0703 4019.74
2.76E+09 0.0729 4014.17
2.78E+09 0.0700 4008.49
2.80E+09 0.0704 4003.27
2.82E+09 0.0628 3999.34
2.84E+09 0.0559 3995.93
2.86E+09 0.0682 3991.28
2.88E+09 0.0665 3986.61
2.90E+09 0.0604 3982.47
2.93E+09 0.0563 3978.24
2.95E+09 0.0634 3974.3
2.97E+09 0.0624 3969.79
2.99E+09 0.0625 3964.57
3.02E+09 0.0606 3959.62
3.04E+09 0.0560 3955.01
3.07E+09 0.0613 3950.6
3.09E+09 0.0547 3946.41
3.11E+09 0.0605 3941.47
3.14E+09 0.0594 3936.54
3.17E+09 0.0547 3931.67
3.19E+09 0.0489 3927.84
3.21E+09 0.0568 3923.53
3.24E+09 0.0567 3918.63
3.26E+09 0.0501 3914.92
3.29E+09 0.0476 3911.1
3.31E+09 0.0473 3907.11
3.33E+09 0.0492 3903.66
3.36E+09 0.0534 3899.39
3.38E+09 0.0450 3895.38
3.41E+09 0.0480 3891.16
3.44E+09 0.0524 3886.74
3.47E+09 0.0488 3881.99
3.49E+09 0.0469 3877.76
3.52E+09 0.0394 3874.09
3.55E+09 0.0490 3870.52
3.57E+09 0.0453 3866.18
3.60E+09 0.0407 3862.52
3.63E+09 0.0395 3859.15
3.65E+09 0.0410 3855.72
3.68E+09 0.0422 3851.78
3.71E+09 0.0382 3848.23
3.73E+09 0.0401 3844.74
3.76E+09 0.0422 3840.62
3.79E+09 0.0373 3836.94
3.82E+09 0.0418 3833.36
3.85E+09 0.0416 3829.56
3.88E+09 0.0381 3825.59
3.91E+09 0.0373 3821.77
3.94E+09 0.0357 3818.01
3.97E+09 0.0361 3814.42
4.00E+09 0.0344 3811.26
4.03E+09 0.0322 3808.19
4.06E+09 0.0363 3804.82
4.09E+09 0.0317 3801.51
4.11E+09 0.0309 3798.69
4.14E+09 0.0325 3795.8
4.17E+09 0.0342 3792.91
4.20E+09 0.0337 3789.49
4.23E+09 0.0329 3786.39
4.26E+09 0.0297 3783.39
4.28E+09 0.0321 3780.86
4.31E+09 0.0304 3778.34
4.33E+09 0.0314 3775.98
4.36E+09 0.0304 3773.24
4.38E+09 0.0287 3770.81
4.41E+09 0.0320 3768.04
4.44E+09 0.0305 3765.45
4.47E+09 0.0280 3762.59
4.49E+09 0.0303 3759.89
4.52E+09 0.0293 3757.19
4.55E+09 0.0273 3754.5
4.58E+09 0.0274 3751.86
4.61E+09 0.0278 3749.45
4.64E+09 0.0283 3746.61
4.67E+09 0.0268 3743.99
4.70E+09 0.0266 3741.39
4.73E+09 0.0268 3738.76
4.75E+09 0.0263 3736.44
4.79E+09 0.0244 3733.77
4.82E+09 0.0250 3731.23
4.85E+09 0.0255 3728.76
4.88E+09 0.0259 3726.09
4.91E+09 0.0238 3723.51
4.95E+09 0.0252 3720.75
4.98E+09 0.0244 3718.23
