0.00E+00 -1.0524 6774.74
1.61E+08 0.3140 6528.89
2.15E+08 0.3124 6440.59
2.62E+08 0.2905 6368.09
2.98E+08 0.2786 6315.62
3.31E+08 0.2614 6268.17
3.62E+08 0.2573 6226.65
3.92E+08 0.2459 6187.86
4.18E+08 0.2412 6153.65
4.43E+08 0.2343 6122.91
4.65E+08 0.2307 6096.26
4.86E+08 0.2297 6070.97
5.10E+08 0.2207 6042.83
5.33E+08 0.2204 6016.84
5.55E+08 0.2125 5991.97
5.76E+08 0.2156 5968.17
6.00E+08 0.2053 5941.83
6.22E+08 0.2064 5919.01
6.43E+08 0.2008 5896.35
6.65E+08 0.2003 5873.34
6.85E+08 0.1994 5852.11
7.06E+08 0.1952 5830.53
7.28E+08 0.1933 5808.86
7.46E+08 0.1917 5790.17
7.66E+08 0.1848 5770.98
7.86E+08 0.1827 5751.25
8.05E+08 0.1858 5732.88
8.24E+08 0.1848 5714.37
8.44E+08 0.1894 5695.63
8.61E+08 0.1925 5678.85
8.75E+08 0.2083 5663.62
8.79E+08 0.2304 5659.71
8.84E+08 0.3011 5652.83
8.97E+08 0.3123 5631.45
9.36E+08 0.2701 5572.88
9.79E+08 0.2524 5513.4
1.03E+09 0.2432 5451.1
1.07E+09 0.2553 5395.31
1.14E+09 0.2082 5320.06
1.20E+09 0.1924 5255.49
1.28E+09 0.1774 5182.53
1.36E+09 0.1518 5110.55
1.49E+09 0.1665 5000.15
1.60E+09 0.1346 4909.03
1.71E+09 0.1173 4842.37
1.78E+09 0.1285 4798.24
1.85E+09 0.1223 4747.07
1.92E+09 0.1162 4702.75
1.99E+09 0.1053 4665.09
2.04E+09 0.0869 4642.2
2.07E+09 0.0927 4626.77
2.10E+09 0.0795 4613.14
2.13E+09 0.0833 4600.28
2.16E+09 0.0816 4587.56
2.19E+09 0.0791 4575.65
2.22E+09 0.0727 4563.8
2.25E+09 0.0736 4553.25
2.28E+09 0.0776 4541.46
2.31E+09 0.0633 4530.34
2.35E+09 0.0593 4518.15
2.38E+09 0.0719 4506.29
2.41E+09 0.0724 4494.66
2.44E+09 0.0565 4484.03
2.48E+09 0.0526 4473.76
2.51E+09 0.0676 4463.16
2.54E+09 0.0539 4453.43
2.58E+09 0.0549 4442.81
2.62E+09 0.0485 4433.99
2.66E+09 0.0530 4422.74
2.70E+09 0.0512 4411.23
2.74E+09 0.0519 4401.52
2.77E+09 0.0472 4392.68
2.81E+09 0.0401 4383.13
2.85E+09 0.0410 4375.14
2.89E+09 0.0464 4365.72
2.93E+09 0.0368 4356.76
2.97E+09 0.0458 4348.56
3.01E+09 0.0357 4340.26
3.06E+09 0.0387 4331.25
3.10E+09 0.0351 4324.31
3.15E+09 0.0273 4315.97
3.20E+09 0.0456 4307.73
3.23E+09 0.0340 4300.32
3.29E+09 0.0250 4291.65
3.34E+09 0.0320 4284.53
3.38E+09 0.0328 4277.7
3.44E+09 0.0221 4269.85
3.49E+09 0.0291 4263.65
3.52E+09 0.0302 4257.05
3.59E+09 0.0210 4249.41
3.64E+09 0.0300 4243.14
3.68E+09 0.0265 4236.47
3.74E+09 0.0187 4229.63
3.80E+09 0.0273 4222.69
3.85E+09 0.0227 4216.68
3.91E+09 0.0181 4210.24
3.96E+09 0.0224 4204.65
4.02E+09 0.0197 4198.44
4.08E+09 0.0166 4192.68
4.14E+09 0.0173 4187.59
4.19E+09 0.0184 4182.36
4.26E+09 0.0158 4177.05
4.31E+09 0.0182 4172.01
4.37E+09 0.0132 4167.31
4.45E+09 0.0154 4161.98
4.50E+09 0.0164 4157.81
4.56E+09 0.0118 4153.37
4.63E+09 0.0157 4148.49
4.69E+09 0.0118 4144.15
4.76E+09 0.0120 4139.84
4.82E+09 0.0134 4135.82
4.89E+09 0.0127 4131.51
4.96E+09 0.0105 4127.08
