0.00E+00 -0.2941 3994.14
3.63E+07 0.1858 3985.41
4.96E+07 0.2194 3976.59
7.53E+07 0.1997 3959.71
1.22E+08 0.1802 3931.75
1.60E+08 0.1990 3907.68
2.10E+08 0.1975 3875.82
2.46E+08 0.1833 3853.9
2.65E+08 0.1780 3842.68
2.79E+08 0.1721 3835.14
2.93E+08 0.1725 3827.17
3.14E+08 0.1678 3815.83
3.31E+08 0.1603 3806.86
3.43E+08 0.1598 3800.66
3.58E+08 0.1561 3793.02
3.71E+08 0.1508 3786.55
3.87E+08 0.1499 3779.04
4.01E+08 0.1456 3772.42
4.16E+08 0.1434 3765.55
4.29E+08 0.1410 3759.49
4.42E+08 0.1387 3753.6
4.57E+08 0.1347 3747.01
4.70E+08 0.1318 3741.49
4.81E+08 0.1287 3737.22
4.93E+08 0.1277 3732.24
5.08E+08 0.1247 3726.11
5.22E+08 0.1201 3720.7
5.34E+08 0.1187 3716.18
5.43E+08 0.1158 3712.48
5.54E+08 0.1142 3708.58
5.68E+08 0.1106 3703.68
5.79E+08 0.1091 3699.52
5.89E+08 0.1066 3696.06
6.00E+08 0.1046 3692.42
6.14E+08 0.1019 3687.82
6.25E+08 0.1006 3684.16
6.38E+08 0.0981 3680.07
6.50E+08 0.0972 3676.4
6.64E+08 0.0946 3671.91
6.78E+08 0.0925 3667.85
6.93E+08 0.0901 3663.5
7.09E+08 0.0866 3658.98
7.25E+08 0.0851 3654.55
7.40E+08 0.0831 3650.57
7.58E+08 0.0803 3645.77
7.75E+08 0.0785 3641.52
7.92E+08 0.0761 3637.2
8.08E+08 0.0752 3633.45
8.24E+08 0.0732 3629.61
8.40E+08 0.0713 3625.77
8.54E+08 0.0704 3622.73
8.69E+08 0.0696 3619.43
8.81E+08 0.0695 3616.76
8.95E+08 0.0681 3613.63
9.08E+08 0.0677 3610.72
9.20E+08 0.0665 3608.13
9.32E+08 0.0659 3605.7
9.42E+08 0.0661 3603.6
9.53E+08 0.0661 3601.1
9.66E+08 0.0658 3598.41
9.79E+08 0.0655 3595.71
9.91E+08 0.0650 3593.2
1.00E+09 0.0654 3590.92
1.01E+09 0.0651 3588.44
1.03E+09 0.0649 3585.94
1.04E+09 0.0643 3583.22
1.05E+09 0.0641 3580.8
1.06E+09 0.0641 3578.56
1.07E+09 0.0635 3575.93
1.09E+09 0.0640 3573.56
1.10E+09 0.0637 3571.06
1.11E+09 0.0637 3568.21
1.13E+09 0.0632 3565.41
1.14E+09 0.0636 3563.18
1.15E+09 0.0629 3560.55
1.17E+09 0.0620 3557.61
1.18E+09 0.0629 3555.08
1.19E+09 0.0612 3552.07
1.21E+09 0.0613 3549.25
1.22E+09 0.0607 3546.23
1.24E+09 0.0600 3543.66
1.25E+09 0.0608 3541.41
1.26E+09 0.0603 3538.65
1.28E+09 0.0596 3535.89
1.29E+09 0.0594 3533.38
1.30E+09 0.0587 3531.03
1.32E+09 0.0586 3528.54
1.33E+09 0.0587 3525.63
1.35E+09 0.0584 3522.59
1.36E+09 0.0573 3519.62
1.38E+09 0.0574 3517.07
1.39E+09 0.0571 3514.15
1.41E+09 0.0567 3511.31
1.42E+09 0.0574 3508.69
1.44E+09 0.0563 3505.85
1.45E+09 0.0555 3503.24
1.47E+09 0.0550 3500.32
1.49E+09 0.0543 3497.27
1.50E+09 0.0545 3494.61
1.52E+09 0.0548 3491.97
1.53E+09 0.0543 3489.29
1.55E+09 0.0539 3486.4
1.57E+09 0.0534 3483.48
1.58E+09 0.0530 3480.6
1.60E+09 0.0527 3477.88
1.61E+09 0.0531 3475.31
1.63E+09 0.0521 3472.28
1.65E+09 0.0517 3469.33
1.67E+09 0.0507 3466.7
1.68E+09 0.0505 3464.01
1.70E+09 0.0503 3461.6
1.71E+09 0.0504 3459.24
1.73E+09 0.0506 3456.96
1.74E+09 0.0497 3454.09
1.76E+09 0.0498 3451.6
1.78E+09 0.0487 3448.81
1.79E+09 0.0486 3446.38
1.81E+09 0.0492 3443.49
1.83E+09 0.0483 3440.57
1.85E+09 0.0477 3438.16
1.87E+09 0.0464 3435.25
1.88E+09 0.0472 3432.67
1.90E+09 0.0466 3430.15
1.92E+09 0.0462 3427.6
1.93E+09 0.0460 3425.01
1.95E+09 0.0459 3422.37
1.97E+09 0.0453 3419.81
1.99E+09 0.0448 3416.97
2.01E+09 0.0448 3414.34
2.03E+09 0.0444 3411.61
2.05E+09 0.0436 3408.85
2.06E+09 0.0431 3406.25
2.08E+09 0.0438 3403.73
2.10E+09 0.0428 3400.98
2.12E+09 0.0423 3398.26
2.14E+09 0.0425 3395.61
2.16E+09 0.0413 3392.92
2.18E+09 0.0415 3390.38
2.20E+09 0.0413 3388
2.22E+09 0.0410 3385.19
2.24E+09 0.0402 3382.63
2.26E+09 0.0403 3380.18
2.28E+09 0.0402 3377.44
2.30E+09 0.0400 3374.87
2.32E+09 0.0396 3372.62
2.34E+09 0.0395 3370.08
2.36E+09 0.0395 3367.64
2.38E+09 0.0384 3365.18
2.40E+09 0.0384 3362.56
2.42E+09 0.0383 3360.13
2.44E+09 0.0375 3357.72
2.46E+09 0.0379 3355.33
2.48E+09 0.0370 3352.86
2.50E+09 0.0373 3350.43
2.52E+09 0.0367 3347.98
2.54E+09 0.0367 3345.47
2.56E+09 0.0365 3342.77
2.59E+09 0.0363 3340.38
2.61E+09 0.0354 3337.75
2.63E+09 0.0352 3335.22
2.65E+09 0.0346 3332.6
2.68E+09 0.0350 3329.97
2.70E+09 0.0348 3327.23
2.72E+09 0.0343 3324.72
2.75E+09 0.0331 3321.93
2.77E+09 0.0340 3319.4
2.80E+09 0.0328 3316.73
2.82E+09 0.0332 3314.4
2.85E+09 0.0328 3311.78
2.87E+09 0.0320 3309.26
2.89E+09 0.0314 3307.01
2.91E+09 0.0316 3304.66
2.94E+09 0.0309 3302.12
2.96E+09 0.0307 3299.8
2.99E+09 0.0310 3297.36
3.01E+09 0.0307 3294.93
3.04E+09 0.0305 3292.44
3.06E+09 0.0298 3289.88
3.09E+09 0.0299 3287.53
3.11E+09 0.0299 3285.31
3.14E+09 0.0292 3282.86
3.16E+09 0.0292 3280.45
3.19E+09 0.0286 3277.87
3.22E+09 0.0286 3275.41
3.25E+09 0.0283 3272.91
3.27E+09 0.0279 3270.71
3.29E+09 0.0281 3268.52
3.32E+09 0.0273 3266.2
3.35E+09 0.0275 3264.03
3.37E+09 0.0268 3261.78
3.40E+09 0.0266 3259.34
3.43E+09 0.0267 3256.96
3.46E+09 0.0263 3254.43
3.48E+09 0.0266 3252.15
3.51E+09 0.0261 3249.7
3.54E+09 0.0256 3247.27
3.57E+09 0.0255 3244.87
3.60E+09 0.0253 3242.54
3.63E+09 0.0249 3239.99
3.66E+09 0.0250 3237.61
3.69E+09 0.0249 3235.19
3.72E+09 0.0247 3232.75
3.75E+09 0.0243 3230.49
3.78E+09 0.0239 3228.13
3.81E+09 0.0236 3225.89
3.84E+09 0.0234 3223.65
3.87E+09 0.0236 3221.24
3.91E+09 0.0229 3218.73
3.94E+09 0.0226 3216.51
3.97E+09 0.0225 3214.27
4.00E+09 0.0227 3212.02
4.03E+09 0.0222 3209.65
4.07E+09 0.0220 3207.25
4.10E+09 0.0213 3204.79
4.13E+09 0.0216 3202.46
4.16E+09 0.0212 3200.4
4.19E+09 0.0211 3198.37
4.23E+09 0.0210 3196.28
4.26E+09 0.0210 3193.99
4.29E+09 0.0206 3191.87
4.33E+09 0.0199 3189.62
4.36E+09 0.0199 3187.51
4.39E+09 0.0201 3185.58
4.42E+09 0.0195 3183.76
4.45E+09 0.0196 3181.71
4.49E+09 0.0197 3179.51
4.52E+09 0.0197 3177.48
4.54E+09 0.0198 3175.91
4.57E+09 0.0195 3173.93
4.61E+09 0.0197 3171.95
4.64E+09 0.0197 3169.87
4.67E+09 0.0192 3167.69
4.71E+09 0.0188 3165.5
4.74E+09 0.0191 3163.45
4.78E+09 0.0189 3161.12
4.82E+09 0.0188 3158.97
4.86E+09 0.0186 3156.74
4.89E+09 0.0184 3154.64
4.93E+09 0.0184 3152.35
4.96E+09 0.0184 3150.25
