0.00E+00 -0.8668 5991.4
1.34E+08 0.2578 5885.7
1.77E+08 0.2591 5846.18
2.11E+08 0.2463 5815.98
2.37E+08 0.2512 5793.95
2.64E+08 0.2336 5771.1
2.85E+08 0.2402 5753.75
3.12E+08 0.2276 5733.01
3.31E+08 0.2297 5717.53
3.54E+08 0.2166 5700.48
3.70E+08 0.2184 5688.88
3.87E+08 0.2136 5675.88
4.06E+08 0.2058 5662.27
4.21E+08 0.2083 5651.83
4.38E+08 0.2047 5639.92
4.54E+08 0.1974 5628.66
4.70E+08 0.1997 5618.18
4.88E+08 0.1952 5605.77
5.04E+08 0.1969 5595.38
5.17E+08 0.1924 5586.68
5.28E+08 0.1979 5579.42
5.38E+08 0.2074 5572.3
5.44E+08 0.2431 5567.66
5.46E+08 0.3575 5565.7
5.50E+08 0.4020 5559.96
5.68E+08 0.3331 5538.08
5.91E+08 0.3077 5513.48
6.16E+08 0.2892 5487.82
6.45E+08 0.2820 5459.49
6.77E+08 0.2775 5428.84
7.03E+08 0.2773 5404.43
7.27E+08 0.2839 5380.98
7.48E+08 0.3070 5361.07
7.80E+08 0.2738 5330.08
8.07E+08 0.2702 5304.37
8.36E+08 0.2640 5278.58
8.55E+08 0.2814 5259.92
8.94E+08 0.2944 5222.29
9.45E+08 0.2787 5172.95
9.97E+08 0.2637 5124.43
1.03E+09 0.2555 5091.64
1.06E+09 0.2362 5071.51
1.08E+09 0.2204 5057.42
1.09E+09 0.2190 5047.29
1.10E+09 0.2093 5036.6
1.12E+09 0.2110 5025.32
1.13E+09 0.2154 5014.96
1.15E+09 0.2060 5003.7
1.16E+09 0.2071 4992.91
1.18E+09 0.2062 4982.31
1.19E+09 0.1936 4972.5
1.21E+09 0.1949 4961.4
1.22E+09 0.1916 4952.12
1.24E+09 0.1902 4940.96
1.26E+09 0.1797 4932.34
1.27E+09 0.1828 4923.7
1.28E+09 0.1760 4914.85
1.30E+09 0.1817 4907.77
1.31E+09 0.1791 4899.5
1.32E+09 0.1772 4890.1
1.34E+09 0.1688 4883.05
1.35E+09 0.1731 4876.29
1.36E+09 0.1677 4869.68
1.37E+09 0.1706 4862.72
1.39E+09 0.1646 4854.36
1.40E+09 0.1629 4846.87
1.42E+09 0.1655 4837.89
1.43E+09 0.1616 4829.96
1.44E+09 0.1665 4822.31
1.45E+09 0.1558 4815.83
1.47E+09 0.1588 4807.53
1.48E+09 0.1559 4799.98
1.50E+09 0.1459 4792.53
1.51E+09 0.1523 4785.83
1.52E+09 0.1481 4779.31
1.54E+09 0.1486 4773.42
1.55E+09 0.1506 4766.73
1.57E+09 0.1489 4757.99
1.58E+09 0.1394 4751.07
1.59E+09 0.1436 4745.05
1.61E+09 0.1369 4738.64
1.62E+09 0.1406 4731.65
1.63E+09 0.1398 4726.5
1.65E+09 0.1387 4719.53
1.66E+09 0.1263 4713.16
1.67E+09 0.1296 4707.46
1.69E+09 0.1339 4700.98
1.70E+09 0.1272 4693.46
1.72E+09 0.1279 4685.78
1.74E+09 0.1260 4678.03
1.76E+09 0.1274 4670.38
1.77E+09 0.1235 4663.64
1.80E+09 0.1234 4655.11
1.82E+09 0.1203 4646.88
1.83E+09 0.1126 4640.53
1.85E+09 0.1179 4633.36
1.87E+09 0.1150 4626.29
1.89E+09 0.1097 4617.82
1.91E+09 0.1110 4610.62
1.93E+09 0.1092 4604.05
1.94E+09 0.1029 4598.26
1.96E+09 0.1076 4592.36
1.97E+09 0.1074 4586.3
1.99E+09 0.1037 4579.19
2.01E+09 0.1001 4572.4
2.03E+09 0.0952 4566.29
2.05E+09 0.0975 4560.06
2.06E+09 0.0944 4555.91
2.08E+09 0.0980 4551.15
2.10E+09 0.0927 4544.92
2.12E+09 0.0966 4537.26
2.14E+09 0.0898 4530.61
2.16E+09 0.0913 4525.3
2.18E+09 0.0855 4519.35
2.20E+09 0.0909 4512.96
2.22E+09 0.0892 4505.84
2.25E+09 0.0835 4499.43
2.27E+09 0.0830 4493.11
2.29E+09 0.0797 4485.65
2.32E+09 0.0845 4478.65
2.34E+09 0.0794 4471.95
2.37E+09 0.0768 4465.77
2.39E+09 0.0761 4460.2
2.41E+09 0.0727 4453.69
2.44E+09 0.0743 4447.71
2.46E+09 0.0757 4441.45
2.48E+09 0.0693 4435.56
2.51E+09 0.0712 4430.13
2.53E+09 0.0674 4424.1
2.56E+09 0.0688 4418.59
2.58E+09 0.0663 4412.66
2.61E+09 0.0640 4407.08
2.63E+09 0.0630 4401.4
2.66E+09 0.0607 4396.72
2.68E+09 0.0623 4391.02
2.71E+09 0.0608 4385.21
2.74E+09 0.0603 4379.84
2.77E+09 0.0588 4374.02
2.79E+09 0.0585 4368.56
2.82E+09 0.0563 4362.86
2.85E+09 0.0551 4356.61
2.88E+09 0.0521 4351.27
2.91E+09 0.0560 4346.32
2.93E+09 0.0518 4341.99
2.96E+09 0.0447 4337.1
2.99E+09 0.0494 4333.49
3.01E+09 0.0471 4329.56
3.04E+09 0.0510 4325.26
3.06E+09 0.0461 4320.89
3.09E+09 0.0447 4315.76
3.13E+09 0.0481 4311.02
3.16E+09 0.0455 4306.04
3.19E+09 0.0442 4301.13
3.22E+09 0.0429 4295.87
3.26E+09 0.0442 4291.06
3.29E+09 0.0415 4286.57
3.32E+09 0.0428 4281.64
3.36E+09 0.0380 4276.97
3.39E+09 0.0412 4272.14
3.43E+09 0.0370 4267.57
3.46E+09 0.0358 4263.17
3.50E+09 0.0350 4258.79
3.53E+09 0.0324 4254.51
3.57E+09 0.0347 4250.31
3.61E+09 0.0334 4246.07
3.65E+09 0.0321 4242.1
3.68E+09 0.0310 4238.42
3.72E+09 0.0310 4234.43
3.76E+09 0.0314 4230.56
3.79E+09 0.0315 4226.91
3.83E+09 0.0308 4222.85
3.87E+09 0.0275 4218.99
3.90E+09 0.0273 4215.35
3.94E+09 0.0277 4211.63
3.98E+09 0.0257 4208.03
4.03E+09 0.0275 4204.27
4.07E+09 0.0243 4200.47
4.11E+09 0.0262 4196.89
4.15E+09 0.0250 4193.09
4.20E+09 0.0244 4189.4
4.24E+09 0.0245 4185.64
4.29E+09 0.0226 4182
4.33E+09 0.0236 4178.52
4.38E+09 0.0230 4175.05
4.42E+09 0.0219 4171.49
4.47E+09 0.0227 4168.05
4.51E+09 0.0205 4164.69
4.56E+09 0.0197 4161.59
4.60E+09 0.0205 4158.46
4.65E+09 0.0200 4155.19
4.70E+09 0.0196 4152.1
4.74E+09 0.0197 4149.06
4.79E+09 0.0176 4146.06
4.84E+09 0.0181 4143.07
4.89E+09 0.0178 4139.94
4.94E+09 0.0176 4137.02
4.99E+09 0.0168 4134.21
