0.00E+00 -0.7092 5635.35
2.29E+08 0.1694 5436.51
3.02E+08 0.1545 5372.1
3.64E+08 0.1522 5319.86
4.21E+08 0.1451 5274.08
4.69E+08 0.1388 5237.52
5.14E+08 0.1352 5204.44
5.57E+08 0.1298 5174.52
6.00E+08 0.1232 5145.9
6.38E+08 0.1212 5120.97
6.79E+08 0.1166 5095.01
7.18E+08 0.1152 5071.04
7.53E+08 0.1119 5050.29
7.78E+08 0.1184 5035.15
7.83E+08 0.1339 5032.06
7.89E+08 0.1880 5026.63
8.05E+08 0.1886 5009.87
8.75E+08 0.1707 4944.2
9.36E+08 0.1680 4889.39
9.89E+08 0.1442 4843.23
1.10E+09 0.1251 4760.93
1.24E+09 0.1020 4678.13
1.38E+09 0.1186 4602.74
1.52E+09 0.0968 4525.64
1.65E+09 0.1050 4448.39
1.74E+09 0.0869 4406.05
1.81E+09 0.0709 4375.85
1.86E+09 0.0749 4357.62
1.90E+09 0.0794 4342.62
1.92E+09 0.0710 4335.07
1.95E+09 0.0564 4325.6
1.98E+09 0.0703 4315.75
2.00E+09 0.0591 4307.89
2.03E+09 0.0571 4298.97
2.05E+09 0.0595 4290.68
2.08E+09 0.0524 4282.46
2.12E+09 0.0601 4271.61
2.15E+09 0.0583 4260.85
2.19E+09 0.0556 4250.75
2.22E+09 0.0555 4242.05
2.25E+09 0.0462 4234.1
2.28E+09 0.0436 4226.01
2.31E+09 0.0501 4218.75
2.34E+09 0.0476 4210.31
2.36E+09 0.0478 4204.45
2.40E+09 0.0417 4195.85
2.43E+09 0.0489 4188.81
2.46E+09 0.0386 4182
2.50E+09 0.0364 4174.39
2.53E+09 0.0399 4168.3
2.57E+09 0.0409 4160.24
2.60E+09 0.0353 4154.32
2.64E+09 0.0400 4145.29
2.68E+09 0.0362 4137.47
2.72E+09 0.0321 4130.52
2.76E+09 0.0320 4123.04
2.80E+09 0.0347 4116.27
2.83E+09 0.0299 4111.33
2.88E+09 0.0318 4103.05
2.92E+09 0.0330 4096.9
2.96E+09 0.0249 4090.23
3.02E+09 0.0296 4082.34
3.06E+09 0.0261 4076.29
3.10E+09 0.0249 4070.12
3.15E+09 0.0256 4063.95
3.19E+09 0.0212 4058.78
3.24E+09 0.0248 4053.03
3.29E+09 0.0218 4047.07
3.33E+09 0.0240 4041.99
3.37E+09 0.0212 4037.63
3.41E+09 0.0191 4032.35
3.47E+09 0.0161 4027.21
3.53E+09 0.0158 4022.27
3.58E+09 0.0171 4017.17
3.63E+09 0.0205 4012.78
3.67E+09 0.0189 4008.92
3.71E+09 0.0161 4004.64
3.78E+09 0.0144 3999.84
3.83E+09 0.0151 3995.69
3.88E+09 0.0143 3991.75
3.94E+09 0.0157 3986.82
3.98E+09 0.0151 3983.42
4.03E+09 0.0132 3979.95
4.10E+09 0.0129 3975.35
4.16E+09 0.0126 3970.72
4.22E+09 0.0106 3967.46
4.28E+09 0.0111 3963.82
4.35E+09 0.0101 3959.44
4.42E+09 0.0098 3956
4.50E+09 0.0111 3951.41
4.56E+09 0.0112 3947.56
4.63E+09 0.0096 3944.34
4.68E+09 0.0097 3941.45
4.73E+09 0.0106 3938.89
4.79E+09 0.0112 3935.68
4.85E+09 0.0095 3932.15
4.93E+09 0.0084 3928.23
