0.00E+00 -0.5125 4804.02
6.86E+07 0.2664 4778.77
8.59E+07 0.2570 4768.13
1.01E+08 0.2485 4759.1
1.25E+08 0.2282 4746.25
1.57E+08 0.2230 4729.31
1.95E+08 0.2290 4709.48
2.27E+08 0.2425 4691.89
2.53E+08 0.2389 4677.4
2.69E+08 0.2345 4668.51
2.81E+08 0.2312 4662.05
2.94E+08 0.2323 4655.1
3.05E+08 0.2299 4649.41
3.15E+08 0.2256 4643.84
3.24E+08 0.2240 4639.07
3.32E+08 0.2205 4634.77
3.38E+08 0.2142 4632.14
3.46E+08 0.2210 4627.97
3.52E+08 0.2184 4624.7
3.59E+08 0.2207 4621.19
3.67E+08 0.2241 4617.08
3.73E+08 0.2197 4614.3
3.81E+08 0.2169 4610.2
3.87E+08 0.2166 4606.94
3.94E+08 0.2144 4603.69
4.00E+08 0.2105 4600.67
4.05E+08 0.2081 4598.27
4.10E+08 0.2043 4595.91
4.16E+08 0.2015 4592.98
4.21E+08 0.2110 4590.44
4.27E+08 0.2141 4587.36
4.35E+08 0.2107 4583.85
4.41E+08 0.2125 4580.77
4.45E+08 0.2086 4578.6
4.50E+08 0.2017 4576.4
4.54E+08 0.1998 4574.71
4.59E+08 0.1934 4572.32
4.64E+08 0.1921 4570.13
4.69E+08 0.1931 4567.57
4.75E+08 0.2028 4564.76
4.81E+08 0.2058 4562.24
4.88E+08 0.2003 4559.02
4.93E+08 0.1974 4556.45
4.99E+08 0.1969 4553.54
5.05E+08 0.1968 4550.96
5.11E+08 0.1924 4548.13
5.17E+08 0.1866 4545.45
5.22E+08 0.1817 4543.51
5.27E+08 0.1734 4541.27
5.33E+08 0.1744 4538.97
5.40E+08 0.1903 4536.17
5.46E+08 0.1919 4533.53
5.50E+08 0.1880 4531.35
5.58E+08 0.1820 4528.31
5.66E+08 0.1800 4524.74
5.73E+08 0.1795 4521.65
5.78E+08 0.1725 4519.71
5.87E+08 0.1761 4516.14
5.95E+08 0.1782 4512.96
6.01E+08 0.1758 4510.36
6.10E+08 0.1665 4506.7
6.17E+08 0.1723 4504.27
6.23E+08 0.1692 4501.91
6.28E+08 0.1611 4499.79
6.34E+08 0.1589 4497.44
6.42E+08 0.1642 4494.64
6.49E+08 0.1640 4492.01
6.56E+08 0.1564 4489.27
6.63E+08 0.1637 4486.62
6.70E+08 0.1580 4483.99
6.77E+08 0.1559 4481.36
6.87E+08 0.1582 4478.01
6.94E+08 0.1510 4475.41
7.01E+08 0.1523 4473
7.09E+08 0.1533 4470.14
7.15E+08 0.1531 4467.78
7.22E+08 0.1465 4465.38
7.28E+08 0.1479 4463.38
7.34E+08 0.1454 4461.52
7.39E+08 0.1423 4459.59
7.45E+08 0.1478 4457.8
7.50E+08 0.1437 4455.88
7.56E+08 0.1427 4454.03
7.61E+08 0.1445 4452.25
7.66E+08 0.1428 4450.64
7.71E+08 0.1431 4448.92
7.77E+08 0.1374 4447.08
7.83E+08 0.1406 4445.03
7.89E+08 0.1400 4443.13
7.96E+08 0.1377 4441
8.01E+08 0.1407 4439.27
8.06E+08 0.1397 4437.49
8.12E+08 0.1408 4435.79
8.17E+08 0.1373 4433.9
8.23E+08 0.1407 4432.23
8.28E+08 0.1386 4430.55
8.33E+08 0.1384 4428.96
8.38E+08 0.1379 4427.18
8.44E+08 0.1356 4425.32
8.49E+08 0.1386 4423.72
8.54E+08 0.1370 4422.2
8.60E+08 0.1351 4420.29
8.64E+08 0.1366 4418.99
8.69E+08 0.1359 4417.42
8.74E+08 0.1334 4415.8
8.79E+08 0.1331 4414.27
8.84E+08 0.1368 4412.73
8.88E+08 0.1364 4411.45
8.93E+08 0.1363 4409.99
8.97E+08 0.1367 4408.57
9.02E+08 0.1358 4407.12
9.06E+08 0.1350 4405.74
9.11E+08 0.1352 4404.29
9.16E+08 0.1360 4402.63
9.21E+08 0.1350 4400.99
9.26E+08 0.1350 4399.59
9.30E+08 0.1341 4398.17
9.35E+08 0.1359 4396.57
9.39E+08 0.1361 4395.25
9.44E+08 0.1357 4393.72
9.49E+08 0.1368 4392.19
9.54E+08 0.1341 4390.68
9.58E+08 0.1339 4389.26
9.63E+08 0.1338 4387.95
9.67E+08 0.1370 4386.58
9.72E+08 0.1369 4384.94
9.77E+08 0.1352 4383.32
9.81E+08 0.1347 4382.07
9.86E+08 0.1362 4380.59
9.91E+08 0.1382 4378.82
9.96E+08 0.1395 4377.35
1.00E+09 0.1375 4375.69
1.01E+09 0.1365 4373.63
1.01E+09 0.1367 4371.83
1.02E+09 0.1370 4370.25
1.02E+09 0.1378 4368.28
1.03E+09 0.1371 4366.5
1.04E+09 0.1353 4364.8
1.04E+09 0.1364 4362.91
1.05E+09 0.1349 4360.92
1.05E+09 0.1333 4359.05
1.06E+09 0.1350 4357.14
1.07E+09 0.1360 4355.33
1.07E+09 0.1352 4353.5
1.08E+09 0.1337 4351.28
1.08E+09 0.1345 4349.24
1.09E+09 0.1377 4346.89
1.10E+09 0.1369 4344.54
1.11E+09 0.1383 4342.05
1.11E+09 0.1356 4339.92
1.12E+09 0.1363 4338.02
1.13E+09 0.1335 4335.85
1.13E+09 0.1322 4334.14
1.14E+09 0.1333 4331.94
1.15E+09 0.1339 4329.78
1.15E+09 0.1341 4327.53
1.16E+09 0.1328 4325.14
1.17E+09 0.1350 4322.36
1.18E+09 0.1349 4320.15
1.19E+09 0.1323 4317.68
1.19E+09 0.1339 4315.55
1.20E+09 0.1338 4313.55
1.21E+09 0.1314 4311.39
1.21E+09 0.1276 4309.49
1.22E+09 0.1293 4307.58
1.22E+09 0.1325 4305.91
1.23E+09 0.1296 4304.16
1.24E+09 0.1296 4302.28
1.24E+09 0.1273 4300.18
1.25E+09 0.1313 4298.53
1.26E+09 0.1273 4296.33
1.26E+09 0.1306 4294.45
1.27E+09 0.1302 4292.69
1.28E+09 0.1284 4290.28
1.28E+09 0.1274 4287.78
1.29E+09 0.1300 4285.54
1.30E+09 0.1252 4283.12
1.31E+09 0.1249 4281
1.31E+09 0.1265 4278.77
1.32E+09 0.1254 4276.3
1.33E+09 0.1244 4274.11
1.34E+09 0.1253 4272.24
1.34E+09 0.1225 4270.28
1.35E+09 0.1234 4268.01
1.36E+09 0.1236 4265.46
1.37E+09 0.1245 4263.13
1.38E+09 0.1267 4260.37
1.39E+09 0.1241 4258.11
1.39E+09 0.1232 4256.16
1.40E+09 0.1192 4254.06
1.41E+09 0.1209 4252.05
1.41E+09 0.1184 4250.39
1.42E+09 0.1164 4248.65
1.43E+09 0.1162 4246.77
1.43E+09 0.1193 4244.93
1.44E+09 0.1171 4243.13
1.45E+09 0.1165 4241.24
1.45E+09 0.1195 4239.66
1.46E+09 0.1161 4237.8
1.47E+09 0.1197 4235.88
1.47E+09 0.1184 4234.33
1.48E+09 0.1155 4232.4
1.48E+09 0.1148 4230.91
1.49E+09 0.1135 4229.07
1.50E+09 0.1147 4227.4
1.51E+09 0.1149 4225.3
1.51E+09 0.1167 4223.19
1.52E+09 0.1166 4221.19
1.53E+09 0.1153 4219.45
1.53E+09 0.1127 4217.73
1.54E+09 0.1133 4215.69
1.55E+09 0.1158 4213.76
1.56E+09 0.1095 4211.73
1.56E+09 0.1143 4209.79
1.57E+09 0.1113 4208.29
1.58E+09 0.1081 4206.38
1.59E+09 0.1115 4204.34
1.59E+09 0.1086 4202.21
1.60E+09 0.1138 4200.5
1.61E+09 0.1084 4198.46
1.62E+09 0.1090 4196.55
1.62E+09 0.1120 4194.65
1.63E+09 0.1101 4192.48
1.64E+09 0.1114 4190.67
1.65E+09 0.1095 4188.33
1.66E+09 0.1124 4186.24
1.66E+09 0.1091 4184.24
1.67E+09 0.1052 4182.22
1.68E+09 0.1087 4180.74
1.69E+09 0.1045 4178.87
1.69E+09 0.1055 4177.54
1.70E+09 0.1065 4176.24
1.70E+09 0.1061 4175
1.71E+09 0.1026 4173.65
1.71E+09 0.0998 4172.36
1.72E+09 0.1024 4171.21
1.72E+09 0.1012 4169.81
1.73E+09 0.1001 4168.71
1.73E+09 0.0991 4167.32
1.74E+09 0.1010 4166.07
1.74E+09 0.1009 4164.8
1.75E+09 0.1026 4163.68
1.76E+09 0.1026 4162.22
1.76E+09 0.1032 4161.22
1.77E+09 0.0996 4159.88
1.77E+09 0.1009 4158.56
1.78E+09 0.0972 4157.04
1.78E+09 0.0979 4155.54
1.79E+09 0.0991 4154.28
1.80E+09 0.1005 4152.83
1.80E+09 0.1015 4151.12
1.81E+09 0.1041 4149.7
1.82E+09 0.1038 4148.09
1.82E+09 0.1052 4146.31
1.83E+09 0.1040 4144.63
1.84E+09 0.1001 4142.63
1.85E+09 0.1014 4141.01
1.85E+09 0.1019 4139.42
1.86E+09 0.1004 4137.9
1.87E+09 0.1011 4136.25
1.87E+09 0.0993 4134.27
1.88E+09 0.0991 4132.55
1.89E+09 0.0972 4130.99
1.89E+09 0.0978 4129.55
1.90E+09 0.0956 4127.64
1.91E+09 0.0974 4126.32
1.92E+09 0.0956 4124.85
1.92E+09 0.0936 4123.29
1.93E+09 0.0957 4121.93
1.94E+09 0.0968 4120.19
1.94E+09 0.0981 4118.66
1.95E+09 0.0953 4117.15
1.96E+09 0.0948 4115.84
1.96E+09 0.0910 4114.71
1.97E+09 0.0871 4113.46
1.97E+09 0.0899 4112.34
1.98E+09 0.0915 4111.47
1.98E+09 0.0901 4110.28
1.99E+09 0.0895 4109.12
1.99E+09 0.0935 4107.77
2.00E+09 0.0921 4106.33
2.01E+09 0.0921 4104.95
2.01E+09 0.0939 4103.53
2.02E+09 0.0944 4102.23
2.03E+09 0.0940 4100.97
2.03E+09 0.0910 4099.48
2.04E+09 0.0906 4098.2
2.05E+09 0.0917 4096.81
2.05E+09 0.0912 4095.65
2.06E+09 0.0908 4094.43
2.06E+09 0.0888 4092.91
2.07E+09 0.0889 4091.64
2.08E+09 0.0871 4090.15
2.08E+09 0.0873 4088.83
2.09E+09 0.0890 4086.9
2.10E+09 0.0919 4085.57
2.10E+09 0.0913 4084.51
2.11E+09 0.0856 4083
2.12E+09 0.0902 4081.67
2.13E+09 0.0920 4080.11
2.13E+09 0.0932 4078.6
2.14E+09 0.0879 4077.07
2.15E+09 0.0851 4075.46
2.16E+09 0.0891 4073.99
2.16E+09 0.0886 4072.62
2.17E+09 0.0866 4070.73
2.18E+09 0.0891 4069.3
2.19E+09 0.0871 4067.53
2.20E+09 0.0874 4065.87
2.20E+09 0.0868 4064.16
2.21E+09 0.0884 4062.17
2.22E+09 0.0888 4060.65
2.23E+09 0.0869 4058.88
2.24E+09 0.0835 4057.05
2.25E+09 0.0862 4055.41
2.25E+09 0.0878 4054.03
2.26E+09 0.0849 4051.87
2.27E+09 0.0868 4050.31
2.28E+09 0.0871 4048.53
2.29E+09 0.0840 4046.7
2.30E+09 0.0829 4045.39
2.31E+09 0.0799 4043.8
2.31E+09 0.0817 4042.19
2.32E+09 0.0845 4040.7
2.33E+09 0.0831 4039.29
2.34E+09 0.0848 4037.7
2.35E+09 0.0832 4035.81
2.36E+09 0.0841 4033.96
2.36E+09 0.0839 4032.74
2.37E+09 0.0825 4031
2.38E+09 0.0824 4029.29
2.39E+09 0.0835 4028.02
2.40E+09 0.0798 4025.99
2.41E+09 0.0780 4024.04
2.42E+09 0.0776 4022.29
2.43E+09 0.0791 4020.73
2.43E+09 0.0822 4019.22
2.44E+09 0.0811 4017.61
2.45E+09 0.0838 4015.88
2.46E+09 0.0788 4014.19
2.47E+09 0.0783 4012.46
2.48E+09 0.0758 4010.68
2.49E+09 0.0787 4008.77
2.50E+09 0.0811 4007.17
2.51E+09 0.0816 4005.43
2.52E+09 0.0780 4003.57
2.53E+09 0.0781 4001.64
2.54E+09 0.0767 3999.75
2.55E+09 0.0757 3998.38
2.56E+09 0.0745 3996.93
2.57E+09 0.0741 3995.19
2.57E+09 0.0773 3994.03
2.58E+09 0.0736 3992.51
2.59E+09 0.0722 3991.1
2.60E+09 0.0743 3989.79
2.60E+09 0.0759 3988.6
2.61E+09 0.0735 3987.3
2.62E+09 0.0736 3986.07
2.63E+09 0.0716 3984.71
2.63E+09 0.0694 3983.49
2.64E+09 0.0672 3982.35
2.65E+09 0.0684 3981.28
2.66E+09 0.0698 3980.17
2.66E+09 0.0707 3979.03
2.67E+09 0.0718 3977.65
2.68E+09 0.0753 3976.11
2.69E+09 0.0769 3975.14
2.70E+09 0.0694 3973.39
2.70E+09 0.0695 3972.09
2.71E+09 0.0713 3970.7
2.72E+09 0.0713 3969.19
2.73E+09 0.0698 3967.89
2.74E+09 0.0711 3966.28
2.75E+09 0.0722 3964.72
2.76E+09 0.0702 3963.07
2.77E+09 0.0690 3961.5
2.78E+09 0.0686 3959.92
2.79E+09 0.0714 3958.41
2.80E+09 0.0718 3956.67
2.81E+09 0.0672 3954.93
2.82E+09 0.0667 3953.22
2.83E+09 0.0657 3951.92
2.84E+09 0.0718 3949.99
2.85E+09 0.0713 3948.11
2.86E+09 0.0701 3946.2
2.87E+09 0.0701 3944.46
2.88E+09 0.0672 3942.7
2.89E+09 0.0712 3941.17
2.91E+09 0.0655 3939.22
2.92E+09 0.0667 3937.51
2.93E+09 0.0666 3935.7
2.94E+09 0.0672 3934.07
2.95E+09 0.0660 3932.49
2.96E+09 0.0665 3930.85
2.97E+09 0.0671 3929.14
2.98E+09 0.0675 3927.82
2.99E+09 0.0657 3926.64
3.00E+09 0.0632 3925.23
3.01E+09 0.0619 3923.9
3.01E+09 0.0639 3922.65
3.02E+09 0.0619 3921.43
3.03E+09 0.0620 3920.09
3.04E+09 0.0660 3918.72
3.05E+09 0.0650 3917.37
3.06E+09 0.0642 3915.86
3.07E+09 0.0638 3914.34
3.08E+09 0.0633 3912.75
3.09E+09 0.0618 3911.5
3.10E+09 0.0601 3910.08
3.11E+09 0.0580 3908.64
3.12E+09 0.0593 3907.43
3.13E+09 0.0595 3906.44
3.13E+09 0.0590 3905.53
3.14E+09 0.0596 3904.63
3.15E+09 0.0557 3903.54
3.15E+09 0.0555 3902.64
3.16E+09 0.0571 3901.47
3.17E+09 0.0589 3900.23
3.18E+09 0.0612 3899.07
3.19E+09 0.0608 3898.06
3.20E+09 0.0565 3896.58
3.21E+09 0.0589 3895.45
3.22E+09 0.0576 3894.08
3.23E+09 0.0602 3892.65
3.24E+09 0.0595 3891.23
3.25E+09 0.0590 3889.98
3.26E+09 0.0596 3888.65
3.27E+09 0.0587 3887.07
3.28E+09 0.0566 3885.63
3.29E+09 0.0580 3884.23
3.30E+09 0.0588 3882.83
3.31E+09 0.0577 3881.49
3.32E+09 0.0579 3880.15
3.33E+09 0.0577 3878.51
3.34E+09 0.0593 3877.36
3.35E+09 0.0591 3875.93
3.36E+09 0.0544 3874.46
3.37E+09 0.0532 3873.2
3.38E+09 0.0552 3872.28
3.39E+09 0.0529 3870.84
3.40E+09 0.0540 3869.73
3.41E+09 0.0533 3868.51
3.42E+09 0.0551 3867.26
3.43E+09 0.0588 3865.85
3.44E+09 0.0557 3864.2
3.45E+09 0.0546 3862.69
3.47E+09 0.0530 3861.32
3.48E+09 0.0525 3860.11
3.49E+09 0.0519 3858.81
3.50E+09 0.0561 3857.21
3.51E+09 0.0571 3855.9
3.52E+09 0.0556 3854.58
3.53E+09 0.0533 3853
3.54E+09 0.0561 3851.8
3.55E+09 0.0514 3850.17
3.56E+09 0.0541 3849
3.57E+09 0.0523 3847.61
3.59E+09 0.0500 3846.37
3.60E+09 0.0485 3845.01
3.61E+09 0.0523 3843.84
3.62E+09 0.0553 3842.16
3.63E+09 0.0539 3840.46
3.65E+09 0.0540 3838.44
3.66E+09 0.0543 3836.82
3.68E+09 0.0536 3835.08
3.69E+09 0.0515 3833.65
3.70E+09 0.0497 3832.41
3.71E+09 0.0501 3831.09
3.72E+09 0.0482 3829.63
3.74E+09 0.0497 3828.19
3.75E+09 0.0517 3826.69
3.76E+09 0.0495 3825.12
3.77E+09 0.0486 3823.78
3.79E+09 0.0508 3822.11
3.80E+09 0.0490 3820.39
3.82E+09 0.0500 3818.71
3.83E+09 0.0503 3817.02
3.85E+09 0.0487 3815.26
3.86E+09 0.0491 3813.66
3.87E+09 0.0514 3812.08
3.89E+09 0.0503 3810.29
3.91E+09 0.0485 3808.42
3.92E+09 0.0478 3806.58
3.94E+09 0.0484 3805.08
3.95E+09 0.0490 3803.64
3.96E+09 0.0488 3801.86
3.98E+09 0.0475 3800.1
3.99E+09 0.0467 3798.55
4.01E+09 0.0463 3797.07
4.02E+09 0.0456 3795.68
4.04E+09 0.0466 3793.91
4.05E+09 0.0472 3792.27
4.07E+09 0.0465 3790.8
4.08E+09 0.0463 3789.21
4.10E+09 0.0456 3787.37
4.11E+09 0.0471 3785.71
4.13E+09 0.0451 3784.06
4.14E+09 0.0448 3782.45
4.16E+09 0.0446 3780.94
4.17E+09 0.0432 3779.45
4.18E+09 0.0430 3778.32
4.20E+09 0.0429 3777.09
4.21E+09 0.0425 3775.69
4.22E+09 0.0429 3774.56
4.24E+09 0.0426 3773.12
4.25E+09 0.0431 3771.65
4.27E+09 0.0433 3770.2
4.28E+09 0.0422 3768.67
4.29E+09 0.0435 3767.49
4.31E+09 0.0421 3766.24
4.32E+09 0.0414 3765.24
4.33E+09 0.0406 3763.93
4.34E+09 0.0423 3762.93
4.36E+09 0.0408 3761.32
4.38E+09 0.0399 3759.57
4.39E+09 0.0404 3758.22
4.41E+09 0.0424 3756.68
4.42E+09 0.0409 3755.17
4.44E+09 0.0410 3753.69
4.45E+09 0.0396 3752.18
4.47E+09 0.0396 3750.88
4.48E+09 0.0412 3749.72
4.49E+09 0.0404 3748.43
4.51E+09 0.0391 3747.11
4.52E+09 0.0392 3745.92
4.53E+09 0.0381 3744.65
4.55E+09 0.0375 3743.47
4.56E+09 0.0390 3742.35
4.57E+09 0.0391 3741.32
4.58E+09 0.0382 3740.28
4.60E+09 0.0377 3739.22
4.61E+09 0.0375 3738.1
4.62E+09 0.0376 3736.95
4.64E+09 0.0361 3735.6
4.65E+09 0.0363 3734.38
4.66E+09 0.0371 3733.42
4.67E+09 0.0377 3732.42
4.69E+09 0.0380 3731.44
4.70E+09 0.0378 3730.51
4.71E+09 0.0374 3729.69
4.72E+09 0.0372 3728.78
4.73E+09 0.0363 3727.78
4.74E+09 0.0358 3726.82
4.75E+09 0.0346 3725.85
4.76E+09 0.0355 3724.94
4.77E+09 0.0375 3724.16
4.79E+09 0.0386 3722.83
4.80E+09 0.0387 3721.56
4.82E+09 0.0382 3720.22
4.84E+09 0.0357 3718.41
4.85E+09 0.0365 3716.99
4.87E+09 0.0361 3715.68
4.89E+09 0.0351 3714.35
4.90E+09 0.0355 3713.27
4.91E+09 0.0341 3712.23
4.92E+09 0.0331 3711.14
4.94E+09 0.0335 3710.06
4.95E+09 0.0337 3709.06
4.97E+09 0.0333 3708
4.98E+09 0.0340 3707.03
4.99E+09 0.0340 3706.07
