0.00E+00 -1.2164 7214.02
1.03E+08 0.4621 7070.49
1.40E+08 0.4367 7009.89
1.68E+08 0.4329 6966.53
1.94E+08 0.4268 6926.14
2.19E+08 0.4007 6888.15
2.40E+08 0.3989 6858.54
2.61E+08 0.3925 6828.46
2.78E+08 0.3784 6803.5
2.96E+08 0.3750 6779.35
3.12E+08 0.3715 6757.29
3.29E+08 0.3609 6734.95
3.43E+08 0.3606 6716.75
3.59E+08 0.3532 6696.37
3.72E+08 0.3504 6679.78
3.85E+08 0.3483 6663.27
3.99E+08 0.3403 6645.24
4.10E+08 0.3413 6631.5
4.21E+08 0.3335 6617.83
4.34E+08 0.3347 6602.76
4.44E+08 0.3236 6589.88
4.55E+08 0.3252 6577.53
4.66E+08 0.3233 6564.3
4.76E+08 0.3255 6552.39
4.86E+08 0.3196 6540.87
4.96E+08 0.3212 6529.29
5.06E+08 0.3155 6517.28
5.16E+08 0.3161 6506.16
5.26E+08 0.3121 6494.69
5.36E+08 0.3060 6483.92
5.45E+08 0.3163 6473.64
5.55E+08 0.3111 6462.44
5.64E+08 0.3114 6452.56
5.72E+08 0.3078 6443.1
5.80E+08 0.3106 6433.72
5.88E+08 0.3192 6424.9
5.96E+08 0.3249 6416.02
6.03E+08 0.3337 6407.4
6.06E+08 0.3565 6403.44
6.08E+08 0.3927 6400.02
6.11E+08 0.4304 6396.21
6.14E+08 0.5247 6390.31
6.25E+08 0.4992 6369.54
6.41E+08 0.4840 6342.08
6.59E+08 0.4805 6309.61
6.78E+08 0.4846 6277.09
6.94E+08 0.4854 6248.99
7.10E+08 0.4860 6220.05
7.26E+08 0.5100 6191.84
7.55E+08 0.4335 6144.06
7.88E+08 0.3968 6093.16
8.21E+08 0.3591 6048.26
8.51E+08 0.3464 6009.37
8.79E+08 0.3256 5975.44
9.10E+08 0.3668 5935.93
9.37E+08 0.4020 5897.81
9.64E+08 0.4004 5859.03
9.94E+08 0.4138 5816.02
1.02E+09 0.3950 5774.32
1.08E+09 0.3788 5698.88
1.13E+09 0.3748 5621.99
1.18E+09 0.3518 5559.67
1.20E+09 0.3178 5527.33
1.22E+09 0.3198 5509.24
1.23E+09 0.3204 5493
1.25E+09 0.3060 5472.54
1.27E+09 0.3045 5456.32
1.28E+09 0.2859 5444.64
1.29E+09 0.2958 5428.95
1.31E+09 0.2896 5416.06
1.32E+09 0.2800 5402.11
1.33E+09 0.2916 5385.6
1.35E+09 0.2744 5371.19
1.36E+09 0.2809 5356.4
1.38E+09 0.2697 5344.41
1.39E+09 0.2711 5331.36
1.40E+09 0.2689 5315.92
1.41E+09 0.2642 5305.34
1.43E+09 0.2633 5291.54
1.44E+09 0.2667 5281.75
1.45E+09 0.2473 5269.57
1.46E+09 0.2542 5259.33
1.48E+09 0.2573 5246.02
1.49E+09 0.2479 5232.85
1.51E+09 0.2333 5221.65
1.52E+09 0.2492 5208.27
1.53E+09 0.2375 5196.26
1.55E+09 0.2369 5183.37
1.57E+09 0.2330 5169.2
1.58E+09 0.2225 5154.78
1.60E+09 0.2328 5139.53
1.62E+09 0.2208 5127.01
1.63E+09 0.2159 5117.34
1.65E+09 0.2213 5104.1
1.66E+09 0.2115 5094.18
1.68E+09 0.2180 5080.48
1.69E+09 0.2049 5069.66
1.70E+09 0.2051 5059.6
1.72E+09 0.2118 5047.9
1.73E+09 0.2036 5036.76
1.75E+09 0.2094 5025.01
1.76E+09 0.1909 5015.99
1.78E+09 0.1926 5005.62
1.79E+09 0.1901 4995.42
1.81E+09 0.1942 4983.07
1.83E+09 0.1884 4971.64
1.85E+09 0.1792 4957.83
1.86E+09 0.1783 4949.76
1.88E+09 0.1761 4938.63
1.90E+09 0.1705 4926.52
1.91E+09 0.1723 4915.25
1.93E+09 0.1692 4904.85
1.95E+09 0.1641 4894.34
1.97E+09 0.1605 4883.78
1.99E+09 0.1600 4872.51
2.00E+09 0.1620 4861.88
2.02E+09 0.1568 4851.45
2.04E+09 0.1480 4839.1
2.07E+09 0.1510 4827.33
2.08E+09 0.1442 4817.68
2.11E+09 0.1518 4805.1
2.13E+09 0.1376 4795.66
2.15E+09 0.1447 4784.19
2.17E+09 0.1343 4773.75
2.19E+09 0.1386 4762.03
2.22E+09 0.1285 4751.21
2.24E+09 0.1366 4739.92
2.26E+09 0.1242 4730.29
2.28E+09 0.1244 4718.76
2.31E+09 0.1098 4709.45
2.33E+09 0.1283 4697.82
2.35E+09 0.1203 4691.33
2.37E+09 0.1158 4681.86
2.40E+09 0.1099 4670.08
2.42E+09 0.1095 4660.76
2.44E+09 0.1012 4652.26
2.47E+09 0.1082 4643.67
2.49E+09 0.1003 4634.01
2.52E+09 0.1076 4623.73
2.54E+09 0.1048 4614.1
2.57E+09 0.1007 4604.14
2.59E+09 0.0927 4595.74
2.62E+09 0.0969 4587.56
2.64E+09 0.0943 4578.63
2.67E+09 0.0903 4569.65
2.70E+09 0.0870 4561
2.73E+09 0.0837 4550.74
2.76E+09 0.0844 4541.64
2.79E+09 0.0803 4532.42
2.82E+09 0.0799 4523.7
2.84E+09 0.0851 4516.72
2.88E+09 0.0777 4507.12
2.91E+09 0.0749 4498.31
2.93E+09 0.0751 4491.42
2.97E+09 0.0707 4482.38
3.00E+09 0.0679 4474.08
3.03E+09 0.0672 4466.15
3.07E+09 0.0629 4458.16
3.09E+09 0.0626 4451.89
3.13E+09 0.0672 4444.17
3.15E+09 0.0612 4437.83
3.19E+09 0.0623 4430.53
3.22E+09 0.0551 4422.69
3.26E+09 0.0498 4415.87
3.29E+09 0.0563 4409.97
3.32E+09 0.0543 4403.55
3.36E+09 0.0538 4395.63
3.40E+09 0.0521 4387.69
3.45E+09 0.0488 4379.84
3.49E+09 0.0466 4372.82
3.53E+09 0.0464 4365.76
3.57E+09 0.0439 4359.05
3.61E+09 0.0393 4353.18
3.65E+09 0.0418 4347.52
3.69E+09 0.0447 4340.84
3.73E+09 0.0405 4334.94
3.78E+09 0.0391 4328.19
3.81E+09 0.0389 4322.74
3.86E+09 0.0369 4316.53
3.89E+09 0.0382 4311.92
3.94E+09 0.0342 4305.32
3.99E+09 0.0320 4299.38
4.02E+09 0.0333 4295.33
4.07E+09 0.0328 4289.71
4.11E+09 0.0304 4285.21
4.16E+09 0.0317 4279.48
4.20E+09 0.0313 4274.79
4.24E+09 0.0273 4270.44
4.30E+09 0.0312 4264.68
4.36E+09 0.0260 4258.73
4.41E+09 0.0275 4253.86
4.45E+09 0.0236 4249.19
4.51E+09 0.0237 4244.33
4.56E+09 0.0251 4240.25
4.61E+09 0.0229 4235.65
4.66E+09 0.0208 4231.75
4.71E+09 0.0205 4227.69
4.77E+09 0.0241 4223.14
4.82E+09 0.0191 4219.04
4.88E+09 0.0205 4214.97
4.93E+09 0.0191 4210.76
5.00E+09 0.0204 4206.36
