0.00E+00 -0.4659 4799.23
3.81E+08 0.0835 4605.58
5.10E+08 0.0736 4545.47
5.29E+08 0.1042 4535.61
5.86E+08 0.1095 4498.76
6.43E+08 0.1250 4457.3
7.32E+08 0.0992 4399.53
8.16E+08 0.0887 4352.4
8.99E+08 0.0913 4308.81
9.83E+08 0.1026 4256.95
1.09E+09 0.0890 4199.09
1.18E+09 0.0812 4151.7
1.27E+09 0.0760 4110.07
1.33E+09 0.0714 4080.6
1.39E+09 0.0638 4057.73
1.44E+09 0.0639 4040.48
1.48E+09 0.0557 4023.99
1.54E+09 0.0621 4004.45
1.60E+09 0.0545 3985.05
1.66E+09 0.0498 3964.65
1.73E+09 0.0512 3944.77
1.78E+09 0.0471 3928.27
1.84E+09 0.0418 3912.86
1.91E+09 0.0397 3896.64
1.96E+09 0.0422 3884.11
2.01E+09 0.0387 3871.69
2.06E+09 0.0342 3861.78
2.09E+09 0.0300 3855.71
2.13E+09 0.0280 3848.88
2.17E+09 0.0319 3840.13
2.21E+09 0.0297 3832.71
2.26E+09 0.0305 3825.27
2.30E+09 0.0318 3816.77
2.35E+09 0.0286 3807
2.41E+09 0.0248 3798.55
2.44E+09 0.0249 3793.14
2.48E+09 0.0248 3787.42
2.53E+09 0.0243 3780.34
2.57E+09 0.0214 3774.51
2.62E+09 0.0202 3768.56
2.67E+09 0.0222 3761.77
2.72E+09 0.0225 3755.07
2.77E+09 0.0202 3749.03
2.83E+09 0.0199 3741.9
2.89E+09 0.0204 3735.16
2.93E+09 0.0178 3729.51
3.00E+09 0.0158 3723.43
3.04E+09 0.0182 3718.99
3.09E+09 0.0170 3713.48
3.16E+09 0.0142 3707.11
3.22E+09 0.0147 3702.11
3.27E+09 0.0148 3697.49
3.32E+09 0.0125 3693.25
3.38E+09 0.0126 3689.15
3.45E+09 0.0140 3683.57
3.51E+09 0.0127 3678.86
3.59E+09 0.0136 3672.72
3.66E+09 0.0128 3667.01
3.71E+09 0.0126 3663.02
3.79E+09 0.0111 3657.55
3.87E+09 0.0102 3652.23
3.95E+09 0.0107 3647.34
4.03E+09 0.0093 3642.82
4.09E+09 0.0089 3639.42
4.14E+09 0.0085 3636.78
4.22E+09 0.0094 3632.26
4.30E+09 0.0079 3628.23
4.40E+09 0.0073 3623.92
4.48E+09 0.0070 3620.16
4.58E+09 0.0079 3615.99
4.67E+09 0.0072 3611.75
4.76E+09 0.0068 3607.97
4.85E+09 0.0062 3604.49
4.96E+09 0.0066 3600.44
