0.00E+00 -0.2477 3707.98
4.61E+07 0.1392 3700.42
5.73E+07 0.1725 3695.25
7.56E+07 0.1686 3685.99
1.13E+08 0.1629 3667.82
1.56E+08 0.1653 3648.55
2.02E+08 0.1552 3626.55
2.43E+08 0.1478 3608.81
2.70E+08 0.1403 3597.53
2.86E+08 0.1341 3590.93
3.08E+08 0.1291 3582.73
3.25E+08 0.1246 3576.19
3.41E+08 0.1215 3570.54
3.57E+08 0.1184 3564.95
3.73E+08 0.1138 3559.67
3.87E+08 0.1121 3554.93
4.03E+08 0.1093 3549.91
4.18E+08 0.1065 3545.3
4.34E+08 0.1033 3540.33
4.48E+08 0.1004 3536.26
4.62E+08 0.0969 3532.26
4.77E+08 0.0960 3527.85
4.91E+08 0.0919 3524.09
5.05E+08 0.0898 3520.38
5.19E+08 0.0870 3516.74
5.30E+08 0.0858 3514.16
5.41E+08 0.0833 3511.47
5.54E+08 0.0812 3508.28
5.66E+08 0.0791 3505.42
5.79E+08 0.0771 3502.59
5.93E+08 0.0760 3499.5
6.07E+08 0.0730 3496.48
6.22E+08 0.0703 3493.29
6.34E+08 0.0696 3490.8
6.48E+08 0.0664 3488.06
6.65E+08 0.0647 3484.86
6.80E+08 0.0625 3482
6.94E+08 0.0611 3479.5
7.10E+08 0.0589 3476.66
7.26E+08 0.0574 3473.96
7.42E+08 0.0559 3471.33
7.57E+08 0.0544 3468.89
7.71E+08 0.0527 3466.75
7.83E+08 0.0520 3464.89
7.93E+08 0.0522 3463.43
8.02E+08 0.0499 3462.09
8.09E+08 0.0506 3461.08
8.19E+08 0.0505 3459.6
8.29E+08 0.0499 3458.13
8.39E+08 0.0492 3456.67
8.52E+08 0.0490 3454.89
8.66E+08 0.0483 3452.87
8.78E+08 0.0471 3451.22
8.87E+08 0.0474 3449.88
8.97E+08 0.0460 3448.62
9.06E+08 0.0464 3447.31
9.15E+08 0.0454 3446.11
9.24E+08 0.0451 3444.97
9.33E+08 0.0447 3443.79
9.43E+08 0.0449 3442.48
9.55E+08 0.0445 3440.97
9.68E+08 0.0437 3439.29
9.81E+08 0.0436 3437.66
9.95E+08 0.0435 3435.84
1.01E+09 0.0433 3434.25
1.02E+09 0.0426 3432.9
1.03E+09 0.0423 3431.46
1.04E+09 0.0420 3430.05
1.05E+09 0.0414 3428.72
1.06E+09 0.0417 3427.51
1.07E+09 0.0414 3426.17
1.08E+09 0.0410 3424.86
1.10E+09 0.0409 3423.22
1.11E+09 0.0403 3421.28
1.13E+09 0.0409 3419.3
1.15E+09 0.0404 3417.39
1.16E+09 0.0402 3415.68
1.18E+09 0.0399 3413.79
1.19E+09 0.0401 3412.12
1.21E+09 0.0399 3410.39
1.22E+09 0.0395 3408.63
1.24E+09 0.0400 3406.95
1.25E+09 0.0395 3405.26
1.27E+09 0.0391 3403.33
1.28E+09 0.0385 3401.68
1.30E+09 0.0385 3400.06
1.31E+09 0.0383 3398.32
1.33E+09 0.0386 3396.56
1.35E+09 0.0381 3394.8
1.36E+09 0.0378 3393.01
1.38E+09 0.0378 3391.11
1.40E+09 0.0378 3389.34
1.41E+09 0.0372 3387.36
1.43E+09 0.0370 3385.53
1.45E+09 0.0372 3383.7
1.47E+09 0.0363 3381.81
1.48E+09 0.0364 3380.12
1.50E+09 0.0363 3378.5
1.51E+09 0.0365 3376.66
1.53E+09 0.0363 3374.93
1.55E+09 0.0362 3373.09
1.56E+09 0.0355 3371.35
1.58E+09 0.0353 3369.55
1.60E+09 0.0357 3367.65
1.62E+09 0.0350 3365.77
1.64E+09 0.0351 3363.96
1.66E+09 0.0350 3361.96
1.68E+09 0.0345 3360
1.69E+09 0.0343 3358.27
1.71E+09 0.0340 3356.46
1.73E+09 0.0340 3354.4
1.75E+09 0.0337 3352.36
1.77E+09 0.0337 3350.55
1.79E+09 0.0333 3348.7
1.81E+09 0.0332 3347.05
1.83E+09 0.0330 3345.21
1.85E+09 0.0331 3343.42
1.86E+09 0.0327 3341.87
1.88E+09 0.0324 3340.18
1.90E+09 0.0320 3338.39
1.92E+09 0.0317 3336.53
1.94E+09 0.0315 3334.73
1.96E+09 0.0319 3332.88
1.98E+09 0.0311 3330.87
2.00E+09 0.0313 3328.94
2.02E+09 0.0308 3327.22
2.04E+09 0.0309 3325.43
2.06E+09 0.0305 3323.6
2.08E+09 0.0303 3321.59
2.11E+09 0.0298 3319.57
2.13E+09 0.0299 3317.7
2.15E+09 0.0298 3315.86
2.17E+09 0.0291 3314.03
2.19E+09 0.0292 3312.19
2.21E+09 0.0290 3310.43
2.23E+09 0.0286 3308.76
2.26E+09 0.0290 3306.81
2.28E+09 0.0282 3305.03
2.30E+09 0.0281 3303.12
2.32E+09 0.0280 3301.32
2.35E+09 0.0275 3299.39
2.37E+09 0.0275 3297.71
2.39E+09 0.0274 3295.84
2.41E+09 0.0278 3294.12
2.43E+09 0.0277 3292.42
2.46E+09 0.0271 3290.65
2.48E+09 0.0271 3288.94
2.50E+09 0.0266 3286.98
2.53E+09 0.0262 3285.08
2.55E+09 0.0259 3283.26
2.58E+09 0.0261 3281.46
2.60E+09 0.0261 3279.6
2.62E+09 0.0258 3277.83
2.65E+09 0.0261 3275.96
2.67E+09 0.0251 3274
2.70E+09 0.0253 3272.2
2.72E+09 0.0248 3270.45
2.75E+09 0.0252 3268.68
2.77E+09 0.0252 3266.85
2.80E+09 0.0247 3265.06
2.82E+09 0.0246 3263.37
2.85E+09 0.0244 3261.63
2.87E+09 0.0241 3259.97
2.89E+09 0.0239 3258.35
2.91E+09 0.0237 3256.8
2.94E+09 0.0237 3255.18
2.96E+09 0.0237 3253.44
2.99E+09 0.0233 3251.71
3.01E+09 0.0230 3250.11
3.04E+09 0.0231 3248.5
3.06E+09 0.0234 3246.81
3.09E+09 0.0228 3245.03
3.11E+09 0.0224 3243.4
3.14E+09 0.0228 3241.67
3.17E+09 0.0226 3239.91
3.19E+09 0.0226 3238.18
3.22E+09 0.0225 3236.53
3.24E+09 0.0223 3234.75
3.27E+09 0.0220 3232.94
3.30E+09 0.0218 3231.39
3.32E+09 0.0217 3229.8
3.35E+09 0.0211 3228.13
3.37E+09 0.0214 3226.61
3.40E+09 0.0210 3224.98
3.43E+09 0.0211 3223.21
3.46E+09 0.0210 3221.48
3.48E+09 0.0208 3219.83
3.51E+09 0.0205 3218.24
3.54E+09 0.0203 3216.74
3.56E+09 0.0202 3215.17
3.59E+09 0.0207 3213.7
3.61E+09 0.0203 3212.17
3.64E+09 0.0205 3210.65
3.66E+09 0.0203 3209.16
3.69E+09 0.0201 3207.56
3.72E+09 0.0199 3205.91
3.75E+09 0.0197 3204.24
3.78E+09 0.0197 3202.62
3.81E+09 0.0195 3200.89
3.84E+09 0.0193 3199.21
3.87E+09 0.0193 3197.64
3.89E+09 0.0194 3196.05
3.92E+09 0.0195 3194.42
3.96E+09 0.0193 3192.6
3.99E+09 0.0188 3190.87
4.02E+09 0.0189 3189.26
4.05E+09 0.0188 3187.5
4.08E+09 0.0187 3185.81
4.11E+09 0.0187 3184.09
4.14E+09 0.0184 3182.41
4.17E+09 0.0185 3180.7
4.20E+09 0.0187 3179.09
4.24E+09 0.0180 3177.28
4.27E+09 0.0182 3175.6
4.30E+09 0.0182 3173.85
4.33E+09 0.0184 3172.49
4.35E+09 0.0183 3171.13
4.38E+09 0.0186 3169.75
4.41E+09 0.0183 3168.25
4.44E+09 0.0184 3166.62
4.47E+09 0.0179 3165.04
4.50E+09 0.0182 3163.57
4.53E+09 0.0180 3161.94
4.56E+09 0.0179 3160.38
4.59E+09 0.0178 3158.72
4.62E+09 0.0179 3157.2
4.65E+09 0.0178 3155.48
4.68E+09 0.0180 3154.08
4.71E+09 0.0177 3152.54
4.74E+09 0.0180 3151.02
4.76E+09 0.0178 3149.79
4.79E+09 0.0181 3148.21
4.82E+09 0.0182 3146.67
4.85E+09 0.0178 3145.08
4.88E+09 0.0179 3143.42
4.91E+09 0.0178 3141.8
4.95E+09 0.0180 3140.08
4.98E+09 0.0179 3138.43
