0.00E+00 -0.4349 4700.21
4.16E+07 0.2817 4675.03
5.77E+07 0.3234 4655.74
7.69E+07 0.3128 4631.97
1.16E+08 0.2780 4587.89
1.54E+08 0.2818 4548.49
2.01E+08 0.2847 4496.74
2.44E+08 0.2884 4449.72
2.80E+08 0.2769 4411.83
3.03E+08 0.2656 4387.33
3.25E+08 0.2530 4365.74
3.43E+08 0.2509 4348.52
3.58E+08 0.2447 4334.55
3.74E+08 0.2441 4319.58
3.93E+08 0.2357 4302.05
4.08E+08 0.2316 4288.55
4.24E+08 0.2261 4274.98
4.38E+08 0.2233 4263.01
4.51E+08 0.2191 4251.24
4.64E+08 0.2119 4240.96
4.77E+08 0.2074 4230.31
4.89E+08 0.2032 4221.01
5.02E+08 0.2005 4211.09
5.15E+08 0.1996 4200.74
5.25E+08 0.1989 4193.02
5.38E+08 0.1929 4183.57
5.50E+08 0.1916 4174.93
5.62E+08 0.1869 4165.92
5.73E+08 0.1839 4157.94
5.86E+08 0.1797 4148.87
5.98E+08 0.1765 4140.87
6.11E+08 0.1750 4132.23
6.22E+08 0.1698 4125.12
6.32E+08 0.1672 4118.42
6.44E+08 0.1638 4110.96
6.55E+08 0.1620 4103.84
6.67E+08 0.1592 4096.7
6.80E+08 0.1551 4088.98
6.90E+08 0.1524 4082.66
7.04E+08 0.1503 4074.65
7.17E+08 0.1466 4067.59
7.31E+08 0.1432 4059.61
7.44E+08 0.1419 4052.67
7.58E+08 0.1365 4044.78
7.70E+08 0.1335 4038.62
7.81E+08 0.1351 4033.16
7.96E+08 0.1293 4025.39
8.12E+08 0.1272 4017.48
8.26E+08 0.1227 4010.89
8.39E+08 0.1217 4005.13
8.54E+08 0.1181 3998.11
8.71E+08 0.1149 3990.68
8.90E+08 0.1110 3982.51
9.05E+08 0.1085 3976.2
9.18E+08 0.1072 3970.65
9.33E+08 0.1038 3964.51
9.48E+08 0.1016 3958.62
9.61E+08 0.1014 3953.83
9.73E+08 0.0996 3949.15
9.86E+08 0.0982 3944.08
9.99E+08 0.0982 3939.22
1.01E+09 0.0985 3934.53
1.03E+09 0.0962 3929.3
1.04E+09 0.0969 3925.09
1.05E+09 0.0954 3920.03
1.07E+09 0.0920 3914.77
1.08E+09 0.0915 3910.06
1.09E+09 0.0921 3906.03
1.10E+09 0.0913 3901.08
1.12E+09 0.0897 3895.89
1.13E+09 0.0897 3892.2
1.14E+09 0.0893 3887.97
1.15E+09 0.0881 3884
1.17E+09 0.0872 3879.61
1.18E+09 0.0865 3875.22
1.19E+09 0.0872 3870.5
1.21E+09 0.0860 3866.63
1.22E+09 0.0846 3862.84
1.23E+09 0.0858 3859.1
1.24E+09 0.0844 3854.57
1.26E+09 0.0846 3850.03
1.27E+09 0.0819 3845.55
1.28E+09 0.0826 3841.34
1.30E+09 0.0813 3836.95
1.31E+09 0.0793 3832.64
1.32E+09 0.0800 3829.35
1.33E+09 0.0800 3825.99
1.35E+09 0.0800 3821.97
1.36E+09 0.0797 3817.57
1.37E+09 0.0769 3813.96
1.39E+09 0.0783 3809.67
1.40E+09 0.0767 3806.12
1.41E+09 0.0760 3803.16
1.42E+09 0.0764 3799.85
1.43E+09 0.0760 3796.08
1.45E+09 0.0751 3792.15
1.46E+09 0.0744 3788.25
1.47E+09 0.0741 3784.85
1.49E+09 0.0724 3781.12
1.50E+09 0.0726 3776.69
1.52E+09 0.0717 3773.02
1.53E+09 0.0708 3769.81
1.54E+09 0.0707 3766.54
1.55E+09 0.0706 3763.28
1.57E+09 0.0698 3759.33
1.58E+09 0.0692 3755.87
1.60E+09 0.0676 3752.08
1.61E+09 0.0678 3748.3
1.62E+09 0.0654 3744.82
1.64E+09 0.0654 3740.78
1.65E+09 0.0657 3737.23
1.67E+09 0.0635 3733.37
1.68E+09 0.0644 3729.76
1.70E+09 0.0633 3726.5
1.71E+09 0.0634 3722.78
1.73E+09 0.0627 3719.51
1.74E+09 0.0619 3716.19
1.75E+09 0.0614 3712.71
1.77E+09 0.0602 3709.02
1.78E+09 0.0607 3705.95
1.80E+09 0.0599 3702.46
1.82E+09 0.0592 3698.48
1.83E+09 0.0583 3695.06
1.85E+09 0.0580 3691.44
1.86E+09 0.0579 3687.81
1.88E+09 0.0566 3683.94
1.90E+09 0.0556 3680.43
1.91E+09 0.0567 3677.36
1.93E+09 0.0553 3673.8
1.94E+09 0.0545 3670.61
1.96E+09 0.0552 3667.54
1.98E+09 0.0542 3664.15
1.99E+09 0.0544 3660.97
2.01E+09 0.0527 3657.36
2.03E+09 0.0525 3653.89
2.04E+09 0.0517 3650.95
2.06E+09 0.0502 3647.6
2.07E+09 0.0503 3644.45
2.09E+09 0.0496 3641.28
2.11E+09 0.0499 3638.2
2.12E+09 0.0489 3634.84
2.14E+09 0.0480 3631.58
2.16E+09 0.0479 3628.43
2.18E+09 0.0474 3625.23
2.19E+09 0.0477 3621.98
2.21E+09 0.0459 3618.71
2.23E+09 0.0460 3615.69
2.25E+09 0.0456 3612.13
2.27E+09 0.0444 3608.8
2.29E+09 0.0449 3605.72
2.31E+09 0.0441 3602.56
2.32E+09 0.0434 3599.38
2.34E+09 0.0427 3596.22
2.36E+09 0.0414 3593.12
2.38E+09 0.0422 3589.7
2.41E+09 0.0416 3586.29
2.43E+09 0.0419 3583.24
2.45E+09 0.0406 3579.92
2.47E+09 0.0401 3576.66
2.49E+09 0.0405 3573.42
2.51E+09 0.0401 3570.11
2.53E+09 0.0384 3566.69
2.55E+09 0.0385 3563.73
2.58E+09 0.0375 3560.43
2.60E+09 0.0375 3557.04
2.62E+09 0.0368 3553.63
2.65E+09 0.0368 3550.16
2.67E+09 0.0349 3546.86
2.70E+09 0.0351 3543.26
2.72E+09 0.0346 3539.88
2.75E+09 0.0354 3536.26
2.78E+09 0.0346 3532.31
2.81E+09 0.0339 3528.55
2.84E+09 0.0329 3524.93
2.87E+09 0.0322 3521.23
2.89E+09 0.0319 3518.02
2.92E+09 0.0319 3514.67
2.95E+09 0.0314 3511.05
2.98E+09 0.0317 3508.02
3.01E+09 0.0300 3504.69
3.04E+09 0.0297 3501.08
3.07E+09 0.0297 3497.72
3.10E+09 0.0290 3494.16
3.13E+09 0.0295 3490.73
3.16E+09 0.0285 3487.14
3.19E+09 0.0286 3483.69
3.22E+09 0.0280 3480.27
3.26E+09 0.0271 3476.94
3.29E+09 0.0266 3473.5
3.32E+09 0.0266 3470.15
3.36E+09 0.0260 3466.55
3.39E+09 0.0256 3463.56
3.42E+09 0.0254 3460.49
3.45E+09 0.0252 3457.36
3.48E+09 0.0246 3454.32
3.52E+09 0.0240 3451.39
3.55E+09 0.0236 3448.62
3.58E+09 0.0239 3445.71
3.61E+09 0.0234 3442.51
3.65E+09 0.0232 3439.49
3.68E+09 0.0224 3436.42
3.72E+09 0.0216 3433.3
3.76E+09 0.0211 3430.18
3.79E+09 0.0215 3427.08
3.83E+09 0.0207 3424.2
3.87E+09 0.0208 3421.25
3.90E+09 0.0202 3418.35
3.94E+09 0.0204 3415.61
3.98E+09 0.0196 3412.5
4.02E+09 0.0200 3409.71
4.06E+09 0.0192 3406.82
4.09E+09 0.0188 3404.08
4.14E+09 0.0184 3401.06
4.18E+09 0.0179 3398.36
4.21E+09 0.0180 3395.81
4.25E+09 0.0179 3393
4.30E+09 0.0172 3390.18
4.34E+09 0.0171 3387.11
4.39E+09 0.0165 3384.23
4.43E+09 0.0165 3381.61
4.47E+09 0.0166 3379.09
4.51E+09 0.0158 3376.38
4.55E+09 0.0158 3373.86
4.60E+09 0.0155 3371.19
4.64E+09 0.0152 3368.58
4.69E+09 0.0152 3366.1
4.73E+09 0.0148 3363.55
4.78E+09 0.0144 3360.97
4.83E+09 0.0142 3358.31
4.87E+09 0.0140 3355.76
4.92E+09 0.0140 3353.21
4.97E+09 0.0139 3350.57
