0.00E+00 -0.9725 6580.14
1.73E+08 0.2711 6337.12
2.33E+08 0.2786 6246.19
2.82E+08 0.2639 6176.71
3.25E+08 0.2519 6118.56
3.62E+08 0.2367 6071.12
3.96E+08 0.2247 6028.32
4.29E+08 0.2258 5988.6
4.60E+08 0.2211 5952.17
4.93E+08 0.2100 5914.63
5.21E+08 0.2075 5883.85
5.49E+08 0.2015 5853.37
5.73E+08 0.1960 5827.65
6.00E+08 0.1921 5799.43
6.27E+08 0.1916 5771.84
6.53E+08 0.1847 5745.08
6.82E+08 0.1853 5716.7
7.08E+08 0.1786 5691.51
7.33E+08 0.1755 5668.15
7.55E+08 0.1724 5647.89
7.76E+08 0.1662 5629.18
7.97E+08 0.1636 5610.03
8.19E+08 0.1677 5590.79
8.39E+08 0.1698 5572.62
8.55E+08 0.1814 5557.91
8.65E+08 0.2113 5547.84
8.68E+08 0.2972 5543.84
8.75E+08 0.3160 5532.21
9.08E+08 0.2445 5484.71
9.70E+08 0.2344 5405.32
1.02E+09 0.2235 5339.73
1.08E+09 0.2201 5269.59
1.13E+09 0.1857 5215.07
1.20E+09 0.1762 5146.33
1.29E+09 0.1587 5070.99
1.38E+09 0.1311 4998.99
1.51E+09 0.1527 4894.11
1.63E+09 0.1194 4803.27
1.73E+09 0.1100 4744.36
1.80E+09 0.1218 4701.89
1.87E+09 0.1222 4654.85
1.93E+09 0.0937 4618.37
1.99E+09 0.0984 4586.21
2.04E+09 0.0926 4563.96
2.07E+09 0.0905 4548.48
2.10E+09 0.0687 4533.48
2.14E+09 0.0698 4521.55
2.16E+09 0.0913 4510.1
2.19E+09 0.0681 4497.93
2.23E+09 0.0680 4485.52
2.26E+09 0.0788 4472.12
2.30E+09 0.0584 4459.72
2.34E+09 0.0588 4448.16
2.37E+09 0.0645 4437.6
2.40E+09 0.0693 4426.47
2.43E+09 0.0544 4415.41
2.47E+09 0.0546 4404.97
2.51E+09 0.0539 4394.18
2.54E+09 0.0564 4384.9
2.58E+09 0.0499 4374.53
2.61E+09 0.0492 4365.42
2.65E+09 0.0428 4355.64
2.69E+09 0.0433 4346.44
2.72E+09 0.0525 4339.14
2.76E+09 0.0469 4329.18
2.80E+09 0.0384 4320.48
2.84E+09 0.0502 4310.77
2.88E+09 0.0395 4301.28
2.93E+09 0.0312 4292.08
2.97E+09 0.0335 4285.14
3.00E+09 0.0407 4278.04
3.04E+09 0.0350 4269.97
3.09E+09 0.0371 4261.5
3.13E+09 0.0327 4253.77
3.18E+09 0.0372 4244.57
3.22E+09 0.0300 4236.83
3.28E+09 0.0253 4229.11
3.32E+09 0.0388 4221.6
3.37E+09 0.0275 4213.48
3.43E+09 0.0219 4205.86
3.48E+09 0.0237 4199.73
3.53E+09 0.0271 4193.32
3.57E+09 0.0255 4186.29
3.63E+09 0.0232 4179.34
3.68E+09 0.0272 4171.86
3.74E+09 0.0185 4164.78
3.80E+09 0.0245 4159.05
3.84E+09 0.0218 4153.29
3.90E+09 0.0175 4147.02
3.96E+09 0.0209 4141.4
4.01E+09 0.0191 4136.32
4.06E+09 0.0219 4130.22
4.13E+09 0.0147 4124
4.19E+09 0.0178 4119.02
4.24E+09 0.0185 4114.21
4.30E+09 0.0162 4108.5
4.36E+09 0.0162 4103.22
4.43E+09 0.0128 4098.21
4.50E+09 0.0168 4093.18
4.55E+09 0.0139 4088.34
4.63E+09 0.0114 4083.29
4.70E+09 0.0119 4079.22
4.76E+09 0.0140 4074.84
4.84E+09 0.0106 4069.88
4.91E+09 0.0118 4065.75
4.97E+09 0.0110 4061.69
