0.00E+00 -0.6176 5289.42
7.50E+08 0.0510 4705.39
1.14E+09 0.0377 4528.24
1.35E+09 0.0313 4450.88
1.51E+09 0.0331 4402.39
1.55E+09 0.0715 4374.58
1.63E+09 0.0357 4334.01
1.79E+09 0.0265 4281.98
1.94E+09 0.0214 4244.1
2.08E+09 0.0176 4216.55
2.20E+09 0.0159 4194.61
2.34E+09 0.0183 4170.79
2.47E+09 0.0234 4138.67
2.57E+09 0.0249 4112.62
2.65E+09 0.0210 4093.38
2.73E+09 0.0157 4076.99
2.84E+09 0.0131 4061.41
2.91E+09 0.0138 4050.99
2.97E+09 0.0135 4041.81
3.03E+09 0.0125 4033.98
3.09E+09 0.0123 4026.36
3.14E+09 0.0113 4019.61
3.20E+09 0.0104 4013.12
3.25E+09 0.0113 4006.84
3.31E+09 0.0121 3999.81
3.36E+09 0.0121 3992.52
3.42E+09 0.0112 3985.13
3.48E+09 0.0105 3977.9
3.54E+09 0.0102 3971.23
3.60E+09 0.0103 3964.55
3.66E+09 0.0100 3958.02
3.72E+09 0.0090 3951.9
3.79E+09 0.0081 3946.11
3.85E+09 0.0076 3940.44
3.92E+09 0.0079 3935.19
3.98E+09 0.0078 3929.82
4.05E+09 0.0067 3924.46
4.12E+09 0.0065 3919.49
4.19E+09 0.0065 3914.73
4.25E+09 0.0061 3910.36
4.32E+09 0.0055 3905.8
4.39E+09 0.0055 3901.76
4.46E+09 0.0053 3897.71
4.53E+09 0.0050 3893.82
4.60E+09 0.0049 3890.07
4.68E+09 0.0047 3886.19
4.75E+09 0.0043 3882.53
4.83E+09 0.0040 3879.09
4.91E+09 0.0038 3876
4.99E+09 0.0036 3872.86
