0.00E+00 -0.4881 4844.28
4.18E+08 0.0755 4622.7
6.00E+08 0.0666 4537.66
7.37E+08 0.0600 4482.13
7.55E+08 0.0873 4474.68
7.73E+08 0.0995 4463.25
8.59E+08 0.0849 4414.97
9.65E+08 0.1005 4355
1.09E+09 0.0677 4293.77
1.24E+09 0.0575 4233.2
1.38E+09 0.0620 4184.18
1.48E+09 0.0619 4141.29
1.58E+09 0.0538 4103.48
1.67E+09 0.0471 4074.49
1.76E+09 0.0414 4049.16
1.84E+09 0.0403 4028.61
1.92E+09 0.0379 4008
1.97E+09 0.0340 3995.66
2.05E+09 0.0278 3981.71
2.11E+09 0.0357 3969.15
2.16E+09 0.0306 3958.15
2.20E+09 0.0295 3950.21
2.26E+09 0.0315 3939.79
2.30E+09 0.0298 3931.2
2.34E+09 0.0298 3924.2
2.38E+09 0.0252 3917.19
2.42E+09 0.0296 3909.84
2.46E+09 0.0276 3902.46
2.51E+09 0.0239 3894.44
2.55E+09 0.0217 3888.76
2.60E+09 0.0198 3882.96
2.64E+09 0.0235 3876.11
2.68E+09 0.0229 3871.14
2.72E+09 0.0187 3865.39
2.78E+09 0.0205 3858.7
2.81E+09 0.0217 3854.08
2.86E+09 0.0168 3848.61
2.91E+09 0.0201 3842.42
2.96E+09 0.0198 3836.22
3.01E+09 0.0179 3829.83
3.06E+09 0.0170 3824.29
3.11E+09 0.0159 3818.58
3.17E+09 0.0159 3813.37
3.21E+09 0.0131 3809.46
3.26E+09 0.0135 3804.95
3.32E+09 0.0154 3800.09
3.36E+09 0.0128 3796.33
3.42E+09 0.0141 3791.52
3.48E+09 0.0140 3785.83
3.54E+09 0.0124 3780.48
3.60E+09 0.0124 3775.77
3.66E+09 0.0118 3771.57
3.71E+09 0.0113 3767.37
3.77E+09 0.0094 3763.43
3.85E+09 0.0113 3758.39
3.91E+09 0.0097 3754.02
3.97E+09 0.0091 3750.49
4.05E+09 0.0091 3746.4
4.12E+09 0.0095 3741.85
4.19E+09 0.0083 3738.04
4.26E+09 0.0088 3734.32
4.32E+09 0.0086 3730.84
4.38E+09 0.0077 3727.63
4.46E+09 0.0083 3723.61
4.53E+09 0.0081 3720.06
4.61E+09 0.0073 3716.27
4.68E+09 0.0069 3712.95
4.77E+09 0.0069 3709.05
4.83E+09 0.0069 3706.27
4.91E+09 0.0057 3703.05
4.99E+09 0.0063 3700.21
