0.00E+00 -0.5241 4982.65
6.78E+07 0.2893 4949.48
8.38E+07 0.2712 4937.43
9.79E+07 0.2531 4927.49
1.25E+08 0.2485 4909.6
1.42E+08 0.2472 4897.91
1.88E+08 0.2653 4867.02
2.37E+08 0.2624 4832.97
2.70E+08 0.2525 4810.57
2.93E+08 0.2507 4794.45
3.06E+08 0.2474 4786.28
3.16E+08 0.2407 4779.46
3.27E+08 0.2428 4772.46
3.37E+08 0.2446 4765.81
3.50E+08 0.2463 4757.84
3.61E+08 0.2429 4750.06
3.74E+08 0.2402 4741.99
3.84E+08 0.2357 4735.71
3.93E+08 0.2275 4730.07
3.99E+08 0.2240 4726.27
4.07E+08 0.2256 4721.41
4.18E+08 0.2369 4714.98
4.27E+08 0.2323 4709.37
4.36E+08 0.2282 4703.31
4.41E+08 0.2205 4700.28
4.49E+08 0.2219 4695.89
4.57E+08 0.2266 4691.13
4.64E+08 0.2212 4686.74
4.69E+08 0.2161 4683.73
4.77E+08 0.2196 4679.06
4.89E+08 0.2292 4671.96
4.99E+08 0.2151 4666.07
5.04E+08 0.2116 4663.03
5.09E+08 0.2061 4660.17
5.18E+08 0.2073 4655.55
5.26E+08 0.2126 4651.12
5.32E+08 0.2105 4647.56
5.38E+08 0.2070 4644.3
5.46E+08 0.2103 4639.53
5.55E+08 0.2059 4634.44
5.62E+08 0.2036 4630.79
5.70E+08 0.2037 4626.49
5.81E+08 0.2053 4620.6
5.88E+08 0.2006 4616.42
5.97E+08 0.1944 4611.64
6.04E+08 0.1874 4608.06
6.13E+08 0.1955 4603.63
6.20E+08 0.1983 4599.83
6.29E+08 0.1907 4595.18
6.38E+08 0.1868 4590.87
6.44E+08 0.1855 4587.6
6.53E+08 0.1805 4583.36
6.59E+08 0.1794 4580.31
6.67E+08 0.1775 4576.51
6.73E+08 0.1809 4573.59
6.84E+08 0.1846 4568.66
6.91E+08 0.1789 4565.16
6.98E+08 0.1812 4561.61
7.05E+08 0.1716 4558.12
7.13E+08 0.1768 4554.66
7.21E+08 0.1774 4550.86
7.27E+08 0.1753 4547.72
7.34E+08 0.1692 4544.71
7.40E+08 0.1727 4542
7.45E+08 0.1729 4539.76
7.49E+08 0.1682 4537.6
7.55E+08 0.1654 4535.01
7.61E+08 0.1597 4532.47
7.67E+08 0.1700 4529.96
7.73E+08 0.1664 4527.34
7.78E+08 0.1709 4524.73
7.86E+08 0.1629 4521.35
7.93E+08 0.1711 4518.35
8.00E+08 0.1640 4515.13
8.07E+08 0.1619 4511.97
8.15E+08 0.1647 4508.59
8.21E+08 0.1636 4505.94
8.28E+08 0.1604 4502.82
8.36E+08 0.1655 4499.48
8.42E+08 0.1626 4496.55
8.52E+08 0.1626 4492.44
8.59E+08 0.1590 4489.2
8.68E+08 0.1643 4485.57
8.76E+08 0.1629 4481.77
8.86E+08 0.1543 4477.88
8.94E+08 0.1589 4474.3
9.02E+08 0.1570 4470.82
9.11E+08 0.1587 4466.89
9.21E+08 0.1578 4463.04
9.28E+08 0.1568 4459.73
9.36E+08 0.1517 4456.49
9.43E+08 0.1513 4453.75
9.49E+08 0.1503 4451.19
9.55E+08 0.1457 4448.96
9.61E+08 0.1558 4446.42
9.68E+08 0.1550 4443.69
9.76E+08 0.1506 4440.33
9.84E+08 0.1566 4437.21
9.92E+08 0.1503 4433.95
1.00E+09 0.1498 4430.24
1.01E+09 0.1468 4427.03
1.02E+09 0.1497 4424.08
1.02E+09 0.1491 4420.86
1.03E+09 0.1474 4418.16
1.04E+09 0.1500 4414.99
1.05E+09 0.1494 4411.61
1.06E+09 0.1459 4408.4
1.06E+09 0.1448 4405.45
1.07E+09 0.1460 4402.17
1.08E+09 0.1452 4398.46
1.09E+09 0.1439 4395.81
1.10E+09 0.1428 4393.09
1.10E+09 0.1421 4390.46
1.11E+09 0.1450 4387.93
1.12E+09 0.1420 4384.4
1.13E+09 0.1405 4380.72
1.14E+09 0.1370 4377.4
1.14E+09 0.1436 4374.28
1.15E+09 0.1387 4371.54
1.16E+09 0.1413 4368.49
1.17E+09 0.1403 4366.35
1.17E+09 0.1346 4364.02
1.18E+09 0.1370 4361.22
1.19E+09 0.1418 4357.93
1.20E+09 0.1375 4354.17
1.21E+09 0.1351 4351.34
1.21E+09 0.1340 4348.49
1.22E+09 0.1339 4346.07
1.23E+09 0.1344 4343.49
1.23E+09 0.1301 4341.47
1.24E+09 0.1350 4338.86
1.25E+09 0.1338 4336.29
1.26E+09 0.1296 4333.76
1.26E+09 0.1339 4330.97
1.27E+09 0.1330 4328.43
1.28E+09 0.1315 4326.26
1.28E+09 0.1324 4323.42
1.29E+09 0.1284 4320.7
1.30E+09 0.1285 4317.71
1.31E+09 0.1276 4315.36
1.31E+09 0.1252 4313.23
1.32E+09 0.1233 4311.29
1.33E+09 0.1291 4309.13
1.33E+09 0.1313 4306.79
1.34E+09 0.1255 4304.32
1.35E+09 0.1251 4301.88
1.35E+09 0.1210 4300.05
1.36E+09 0.1234 4298.08
1.37E+09 0.1270 4295.67
1.37E+09 0.1258 4293.51
1.38E+09 0.1250 4291.29
1.39E+09 0.1255 4289.02
1.39E+09 0.1206 4286.46
1.40E+09 0.1239 4284.41
1.41E+09 0.1221 4282.1
1.41E+09 0.1239 4279.99
1.42E+09 0.1207 4277.67
1.43E+09 0.1254 4275.73
1.43E+09 0.1204 4273.36
1.44E+09 0.1202 4271.25
1.45E+09 0.1244 4268.58
1.46E+09 0.1246 4266.24
1.46E+09 0.1187 4263.84
1.47E+09 0.1201 4261.71
1.48E+09 0.1236 4258.93
1.48E+09 0.1220 4256.85
1.49E+09 0.1181 4254.62
1.50E+09 0.1165 4252.82
1.50E+09 0.1142 4250.47
1.51E+09 0.1168 4248.75
1.52E+09 0.1145 4246.53
1.53E+09 0.1163 4244.15
1.53E+09 0.1186 4242.32
1.54E+09 0.1121 4239.94
1.54E+09 0.1148 4238.42
1.55E+09 0.1117 4236.03
1.56E+09 0.1081 4233.98
1.57E+09 0.1131 4232.15
1.57E+09 0.1144 4229.92
1.58E+09 0.1105 4227.59
1.59E+09 0.1122 4225.59
1.59E+09 0.1129 4223.45
1.60E+09 0.1102 4221.18
1.61E+09 0.1113 4219.3
1.62E+09 0.1079 4217.08
1.62E+09 0.1084 4214.96
1.63E+09 0.1092 4213.04
1.64E+09 0.1076 4210.76
1.64E+09 0.1103 4209.1
1.65E+09 0.1049 4207.04
1.66E+09 0.1117 4204.48
1.67E+09 0.1117 4202.53
1.67E+09 0.1066 4200.2
1.68E+09 0.1045 4198.04
1.69E+09 0.1050 4196.4
1.69E+09 0.1106 4194.09
1.70E+09 0.1087 4192.1
1.71E+09 0.1063 4189.96
1.72E+09 0.1089 4187.68
1.72E+09 0.1088 4185.43
1.73E+09 0.1062 4183.63
1.74E+09 0.1041 4181.55
1.74E+09 0.1051 4180
1.75E+09 0.1050 4177.83
1.76E+09 0.1036 4175.9
1.77E+09 0.1008 4173.97
1.77E+09 0.0991 4172.03
1.78E+09 0.1031 4170.09
1.79E+09 0.1025 4168.08
1.79E+09 0.1019 4166.55
1.80E+09 0.1011 4164.63
1.81E+09 0.1012 4162.34
1.82E+09 0.1011 4160.45
1.82E+09 0.0974 4158.66
1.83E+09 0.0992 4157.12
1.84E+09 0.1000 4155.28
1.84E+09 0.0983 4153.15
1.85E+09 0.1033 4151.01
1.86E+09 0.1020 4149.23
1.87E+09 0.1008 4146.77
1.87E+09 0.0985 4145.18
1.88E+09 0.0945 4143.03
1.89E+09 0.0950 4141.22
1.90E+09 0.0960 4139.42
1.90E+09 0.0970 4137.25
1.91E+09 0.0975 4135.05
1.92E+09 0.0980 4133.24
1.93E+09 0.0988 4131.21
1.93E+09 0.0959 4129.32
1.94E+09 0.0951 4127.43
1.95E+09 0.0925 4125.5
1.96E+09 0.0952 4123.56
1.96E+09 0.0933 4122.06
1.97E+09 0.0951 4119.9
1.98E+09 0.0946 4118.56
1.99E+09 0.0931 4116.5
1.99E+09 0.0926 4114.82
2.00E+09 0.0902 4112.96
2.00E+09 0.0897 4111.65
2.01E+09 0.0918 4109.68
2.02E+09 0.0908 4107.9
2.03E+09 0.0932 4105.75
2.04E+09 0.0944 4104.03
2.04E+09 0.0910 4102.17
2.05E+09 0.0888 4100.08
2.06E+09 0.0916 4098.41
2.07E+09 0.0912 4096.81
2.07E+09 0.0885 4094.75
2.08E+09 0.0897 4092.78
2.09E+09 0.0869 4091.09
2.10E+09 0.0898 4089.15
2.10E+09 0.0890 4087.54
2.11E+09 0.0899 4085.73
2.12E+09 0.0867 4083.6
2.13E+09 0.0908 4082.34
2.14E+09 0.0890 4080.22
2.14E+09 0.0870 4078.18
2.15E+09 0.0862 4076.51
2.16E+09 0.0877 4074.85
2.17E+09 0.0856 4073.2
2.17E+09 0.0890 4071.19
2.18E+09 0.0853 4069.29
2.19E+09 0.0851 4067.76
2.20E+09 0.0875 4065.94
2.20E+09 0.0847 4064.23
2.21E+09 0.0817 4062.24
2.22E+09 0.0855 4060.41
2.23E+09 0.0838 4058.29
2.24E+09 0.0850 4056.8
2.25E+09 0.0853 4054.97
2.25E+09 0.0832 4053.04
2.26E+09 0.0810 4051.23
2.27E+09 0.0813 4049.43
2.28E+09 0.0811 4047.52
2.29E+09 0.0820 4046.01
2.29E+09 0.0817 4044.21
2.30E+09 0.0812 4042.33
2.31E+09 0.0803 4040.45
2.32E+09 0.0810 4038.63
2.33E+09 0.0797 4036.79
2.34E+09 0.0786 4035.15
2.34E+09 0.0798 4033.38
2.35E+09 0.0808 4031.44
2.36E+09 0.0794 4029.45
2.37E+09 0.0792 4027.79
2.38E+09 0.0780 4025.77
2.39E+09 0.0807 4023.8
2.40E+09 0.0802 4022.33
2.41E+09 0.0751 4020.32
2.41E+09 0.0776 4018.88
2.42E+09 0.0775 4016.83
2.43E+09 0.0766 4014.83
2.44E+09 0.0786 4013.46
2.45E+09 0.0755 4011.63
2.46E+09 0.0781 4009.57
2.47E+09 0.0779 4008.17
2.48E+09 0.0734 4006.04
2.48E+09 0.0728 4004.5
2.49E+09 0.0755 4002.85
2.50E+09 0.0766 4001.1
2.51E+09 0.0752 3999.33
2.52E+09 0.0748 3997.4
2.53E+09 0.0756 3995.69
2.54E+09 0.0742 3993.77
2.55E+09 0.0733 3991.99
2.56E+09 0.0709 3990.17
2.57E+09 0.0697 3988.13
2.58E+09 0.0706 3986.52
2.59E+09 0.0721 3984.56
2.59E+09 0.0731 3982.82
2.60E+09 0.0754 3980.94
2.61E+09 0.0724 3978.8
2.62E+09 0.0711 3976.99
2.63E+09 0.0707 3975.12
2.64E+09 0.0696 3973.15
2.65E+09 0.0675 3971.28
2.67E+09 0.0714 3969.31
2.68E+09 0.0711 3967.27
2.69E+09 0.0681 3964.75
2.70E+09 0.0697 3963.39
2.71E+09 0.0675 3961.45
2.72E+09 0.0680 3959.49
2.73E+09 0.0716 3957.92
2.74E+09 0.0686 3956.07
2.75E+09 0.0659 3954.23
2.76E+09 0.0653 3952.71
2.77E+09 0.0647 3951.01
2.77E+09 0.0699 3949.37
2.78E+09 0.0676 3947.78
2.79E+09 0.0651 3946
2.80E+09 0.0675 3944.49
2.81E+09 0.0644 3942.69
2.82E+09 0.0676 3941.24
2.83E+09 0.0633 3939.35
2.84E+09 0.0621 3937.73
2.85E+09 0.0640 3936.13
2.86E+09 0.0636 3934.38
2.87E+09 0.0670 3933.04
2.88E+09 0.0638 3931.33
2.89E+09 0.0615 3929.52
2.90E+09 0.0643 3927.79
2.90E+09 0.0659 3926.73
2.92E+09 0.0610 3924.85
2.93E+09 0.0604 3923.26
2.93E+09 0.0610 3921.82
2.94E+09 0.0594 3920.19
2.95E+09 0.0607 3918.68
2.96E+09 0.0628 3916.99
2.98E+09 0.0614 3915.24
2.98E+09 0.0613 3913.82
2.99E+09 0.0633 3912.06
3.00E+09 0.0628 3910.31
3.02E+09 0.0582 3908.05
3.03E+09 0.0637 3906.65
3.04E+09 0.0589 3904.8
3.05E+09 0.0581 3903.07
3.06E+09 0.0612 3901.79
3.07E+09 0.0573 3900.02
3.08E+09 0.0559 3898.19
3.09E+09 0.0620 3896.69
3.10E+09 0.0584 3894.85
3.11E+09 0.0598 3893.25
3.12E+09 0.0575 3891.22
3.13E+09 0.0579 3889.95
3.14E+09 0.0566 3888.21
3.16E+09 0.0552 3886.61
3.17E+09 0.0573 3885
3.18E+09 0.0554 3883.18
3.19E+09 0.0550 3881.37
3.20E+09 0.0565 3880.13
3.21E+09 0.0560 3878.45
3.22E+09 0.0543 3876.48
3.23E+09 0.0553 3875.14
3.24E+09 0.0549 3873.68
3.25E+09 0.0549 3871.89
3.27E+09 0.0531 3869.63
3.28E+09 0.0539 3867.84
3.29E+09 0.0540 3866.51
3.30E+09 0.0551 3865
3.32E+09 0.0513 3862.8
3.33E+09 0.0523 3861.56
3.34E+09 0.0536 3859.57
3.36E+09 0.0550 3857.49
3.37E+09 0.0555 3855.59
3.38E+09 0.0528 3853.44
3.39E+09 0.0544 3851.87
3.41E+09 0.0515 3850.07
3.42E+09 0.0503 3848.25
3.43E+09 0.0511 3846.52
3.44E+09 0.0536 3844.84
3.46E+09 0.0501 3842.73
3.47E+09 0.0502 3840.75
3.49E+09 0.0513 3839.07
3.50E+09 0.0522 3837.4
3.51E+09 0.0496 3835.27
3.53E+09 0.0502 3833.65
3.54E+09 0.0500 3831.96
3.55E+09 0.0480 3830.03
3.57E+09 0.0493 3828.48
3.58E+09 0.0512 3826.84
3.59E+09 0.0520 3824.99
3.61E+09 0.0471 3822.74
3.62E+09 0.0509 3821.08
3.64E+09 0.0457 3819.15
3.65E+09 0.0482 3817.68
3.66E+09 0.0480 3815.81
3.68E+09 0.0468 3814.08
3.69E+09 0.0465 3812.4
3.70E+09 0.0488 3810.86
3.71E+09 0.0491 3809.28
3.72E+09 0.0494 3808.24
3.73E+09 0.0466 3806.67
3.75E+09 0.0441 3805.15
3.76E+09 0.0429 3803.51
3.77E+09 0.0432 3802.34
3.78E+09 0.0440 3800.92
3.79E+09 0.0443 3799.73
3.81E+09 0.0439 3798.15
3.82E+09 0.0429 3796.47
3.83E+09 0.0456 3795.49
3.84E+09 0.0436 3794.05
3.85E+09 0.0429 3792.61
3.86E+09 0.0439 3791.32
3.88E+09 0.0426 3789.75
3.89E+09 0.0447 3788.68
3.90E+09 0.0441 3787.04
3.91E+09 0.0419 3785.64
3.93E+09 0.0416 3784.19
3.94E+09 0.0421 3782.6
3.95E+09 0.0449 3781.55
3.96E+09 0.0420 3780.04
3.98E+09 0.0416 3778.46
3.99E+09 0.0414 3777.09
4.00E+09 0.0419 3775.75
4.01E+09 0.0413 3774.45
4.03E+09 0.0431 3773.09
4.04E+09 0.0414 3771.67
4.05E+09 0.0428 3770.4
4.06E+09 0.0402 3768.89
4.08E+09 0.0407 3767.54
4.09E+09 0.0403 3766.1
4.10E+09 0.0403 3764.77
4.12E+09 0.0390 3763.22
4.12E+09 0.0399 3762.19
4.14E+09 0.0380 3760.55
4.15E+09 0.0407 3759.51
4.16E+09 0.0394 3758.02
4.18E+09 0.0384 3756.65
4.19E+09 0.0392 3755.57
4.20E+09 0.0387 3754.28
4.22E+09 0.0379 3752.68
4.23E+09 0.0388 3751.27
4.24E+09 0.0393 3749.94
4.26E+09 0.0379 3748.6
4.27E+09 0.0387 3747.08
4.28E+09 0.0396 3745.85
4.30E+09 0.0373 3744.25
4.31E+09 0.0376 3743.07
4.33E+09 0.0384 3741.43
4.34E+09 0.0395 3740.21
4.35E+09 0.0366 3738.46
4.37E+09 0.0353 3737.01
4.38E+09 0.0371 3735.53
4.40E+09 0.0365 3733.73
4.41E+09 0.0376 3732.62
4.43E+09 0.0359 3731.08
4.45E+09 0.0360 3729.39
4.46E+09 0.0370 3728.41
4.47E+09 0.0368 3726.91
4.49E+09 0.0359 3725.38
4.50E+09 0.0390 3724.35
4.52E+09 0.0348 3722.59
4.53E+09 0.0334 3720.97
4.55E+09 0.0341 3719.38
4.57E+09 0.0360 3717.88
4.58E+09 0.0371 3716.44
4.60E+09 0.0355 3715.13
4.61E+09 0.0334 3713.57
4.63E+09 0.0333 3712.13
4.65E+09 0.0321 3710.56
4.67E+09 0.0347 3708.69
4.68E+09 0.0348 3707.21
4.70E+09 0.0334 3705.5
4.72E+09 0.0328 3704.1
4.73E+09 0.0338 3702.77
4.75E+09 0.0340 3701.38
4.77E+09 0.0342 3699.77
4.78E+09 0.0338 3698.47
4.80E+09 0.0325 3696.66
4.82E+09 0.0340 3695.23
4.84E+09 0.0320 3693.46
4.86E+09 0.0316 3691.92
4.87E+09 0.0315 3690.56
4.89E+09 0.0307 3688.63
4.92E+09 0.0325 3686.87
4.94E+09 0.0331 3684.35
4.97E+09 0.0328 3682.53
4.99E+09 0.0315 3680.47
