0.00E+00 -0.3621 4347.15
2.97E+07 0.2131 4341.19
3.57E+07 0.2500 4337.77
4.15E+07 0.2701 4334.13
4.97E+07 0.2775 4328.58
6.34E+07 0.2635 4319.65
8.49E+07 0.2576 4306.05
1.06E+08 0.2537 4292.9
1.32E+08 0.2653 4276.02
1.60E+08 0.2578 4258.56
1.78E+08 0.2490 4247.05
1.90E+08 0.2437 4240.08
2.00E+08 0.2374 4234.25
2.12E+08 0.2365 4227.32
2.24E+08 0.2335 4220.13
2.33E+08 0.2284 4215.17
2.42E+08 0.2256 4210.36
2.52E+08 0.2200 4205.07
2.61E+08 0.2190 4200.26
2.70E+08 0.2153 4195.41
2.79E+08 0.2119 4190.72
2.88E+08 0.2103 4186.23
2.96E+08 0.2070 4182.23
3.04E+08 0.2039 4178.21
3.11E+08 0.2004 4174.61
3.19E+08 0.1994 4170.89
3.27E+08 0.1966 4167.12
3.35E+08 0.1929 4163.22
3.42E+08 0.1906 4159.97
3.49E+08 0.1888 4156.58
3.57E+08 0.1865 4153.16
3.65E+08 0.1836 4149.67
3.73E+08 0.1814 4145.98
3.80E+08 0.1781 4142.68
3.88E+08 0.1762 4139.33
3.96E+08 0.1738 4136.02
4.04E+08 0.1726 4132.59
4.12E+08 0.1697 4129.36
4.20E+08 0.1668 4126.16
4.26E+08 0.1646 4123.84
4.33E+08 0.1632 4120.76
4.41E+08 0.1615 4117.82
4.47E+08 0.1593 4115.35
4.53E+08 0.1579 4113.23
4.58E+08 0.1572 4111.01
4.64E+08 0.1561 4109.03
4.70E+08 0.1541 4106.78
4.76E+08 0.1523 4104.44
4.82E+08 0.1508 4102.04
4.87E+08 0.1498 4100.2
4.92E+08 0.1494 4098.37
4.98E+08 0.1473 4096.48
5.04E+08 0.1472 4094.12
5.11E+08 0.1472 4091.86
5.17E+08 0.1465 4089.72
5.24E+08 0.1465 4087.18
5.29E+08 0.1436 4085.18
5.34E+08 0.1422 4083.58
5.39E+08 0.1426 4081.97
5.43E+08 0.1425 4080.38
5.48E+08 0.1411 4078.69
5.54E+08 0.1414 4076.57
5.60E+08 0.1410 4074.49
5.67E+08 0.1417 4072.38
5.73E+08 0.1404 4070.18
5.79E+08 0.1394 4068.19
5.86E+08 0.1372 4065.89
5.92E+08 0.1384 4063.95
5.98E+08 0.1369 4061.68
6.05E+08 0.1365 4059.41
6.10E+08 0.1364 4057.73
6.16E+08 0.1369 4055.79
6.21E+08 0.1354 4054.04
6.27E+08 0.1347 4052.27
6.33E+08 0.1339 4050.38
6.39E+08 0.1341 4048.34
6.45E+08 0.1341 4046.21
6.51E+08 0.1329 4044.27
6.57E+08 0.1329 4042.35
6.64E+08 0.1321 4040.1
6.71E+08 0.1320 4037.94
6.77E+08 0.1313 4035.95
6.84E+08 0.1309 4033.76
6.90E+08 0.1319 4031.83
6.98E+08 0.1304 4029.4
7.04E+08 0.1302 4027.59
7.10E+08 0.1295 4025.72
7.16E+08 0.1300 4023.57
7.22E+08 0.1291 4021.79
7.28E+08 0.1290 4019.85
7.34E+08 0.1291 4017.95
7.41E+08 0.1287 4015.93
7.48E+08 0.1279 4013.61
7.55E+08 0.1279 4011.38
7.62E+08 0.1269 4009.23
7.70E+08 0.1279 4007.02
7.77E+08 0.1272 4004.76
7.84E+08 0.1264 4002.53
7.91E+08 0.1263 4000.42
7.97E+08 0.1247 3998.51
8.03E+08 0.1260 3996.79
8.08E+08 0.1251 3995.13
8.16E+08 0.1249 3992.71
8.24E+08 0.1250 3990.41
8.31E+08 0.1236 3988.31
8.37E+08 0.1234 3986.39
8.44E+08 0.1232 3984.46
8.50E+08 0.1237 3982.42
8.58E+08 0.1236 3980.2
8.66E+08 0.1227 3977.86
8.73E+08 0.1230 3975.72
8.80E+08 0.1213 3973.66
8.86E+08 0.1221 3971.81
8.92E+08 0.1212 3970.03
8.98E+08 0.1207 3968.28
9.03E+08 0.1206 3966.73
9.09E+08 0.1207 3965.22
9.16E+08 0.1196 3963.18
9.22E+08 0.1190 3961.22
9.28E+08 0.1185 3959.5
9.34E+08 0.1189 3957.8
9.40E+08 0.1190 3956
9.47E+08 0.1194 3954.07
9.54E+08 0.1187 3952.17
9.61E+08 0.1173 3950.15
9.68E+08 0.1180 3948.16
9.75E+08 0.1168 3946.2
9.80E+08 0.1175 3944.6
9.87E+08 0.1166 3942.85
9.93E+08 0.1154 3940.91
9.99E+08 0.1159 3939.33
1.01E+09 0.1151 3937.34
1.01E+09 0.1150 3935.09
1.02E+09 0.1145 3933.14
1.03E+09 0.1149 3931.11
1.03E+09 0.1143 3929.46
1.04E+09 0.1144 3927.42
1.05E+09 0.1140 3925.43
1.06E+09 0.1135 3923.59
1.06E+09 0.1139 3921.99
1.07E+09 0.1121 3920.37
1.07E+09 0.1131 3919.06
1.08E+09 0.1119 3917.49
1.08E+09 0.1114 3916.12
1.09E+09 0.1120 3914.58
1.09E+09 0.1124 3912.97
1.10E+09 0.1122 3911.04
1.11E+09 0.1114 3909.01
1.12E+09 0.1114 3907.04
1.12E+09 0.1106 3905.15
1.13E+09 0.1113 3903.73
1.13E+09 0.1105 3902.13
1.14E+09 0.1098 3900.43
1.15E+09 0.1098 3898.75
1.15E+09 0.1092 3896.78
1.16E+09 0.1094 3894.95
1.17E+09 0.1096 3893
1.18E+09 0.1093 3890.89
1.18E+09 0.1083 3888.78
1.19E+09 0.1080 3886.46
1.20E+09 0.1085 3884.28
1.21E+09 0.1072 3882.27
1.22E+09 0.1080 3880.4
1.23E+09 0.1069 3878.17
1.23E+09 0.1074 3875.96
1.24E+09 0.1068 3873.71
1.25E+09 0.1064 3871.69
1.26E+09 0.1057 3869.59
1.27E+09 0.1058 3867.76
1.27E+09 0.1046 3866.07
1.28E+09 0.1053 3864.25
1.29E+09 0.1051 3862.14
1.29E+09 0.1059 3860.21
1.30E+09 0.1050 3857.94
1.31E+09 0.1038 3855.9
1.32E+09 0.1037 3853.97
1.33E+09 0.1039 3852.15
1.34E+09 0.1034 3849.9
1.34E+09 0.1037 3847.8
1.35E+09 0.1028 3845.61
1.36E+09 0.1030 3843.71
1.37E+09 0.1025 3841.63
1.38E+09 0.1027 3839.43
1.39E+09 0.1024 3837.24
1.39E+09 0.1018 3835.27
1.40E+09 0.1007 3833.37
1.41E+09 0.1014 3831.32
1.42E+09 0.1007 3829.48
1.43E+09 0.1007 3827.63
1.43E+09 0.0998 3825.48
1.44E+09 0.1002 3823.46
1.45E+09 0.0993 3821.27
1.46E+09 0.0997 3819.09
1.47E+09 0.0987 3816.82
1.48E+09 0.0984 3814.82
1.49E+09 0.0988 3812.85
1.49E+09 0.0977 3810.88
1.50E+09 0.0973 3809.05
1.51E+09 0.0980 3806.83
1.52E+09 0.0979 3805.06
1.53E+09 0.0971 3803.07
1.53E+09 0.0970 3801.48
1.54E+09 0.0964 3799.67
1.55E+09 0.0959 3797.79
1.56E+09 0.0951 3795.87
1.57E+09 0.0963 3793.85
1.58E+09 0.0947 3791.86
1.58E+09 0.0942 3789.8
1.59E+09 0.0948 3787.74
1.60E+09 0.0940 3785.75
1.61E+09 0.0934 3784
1.62E+09 0.0943 3782.21
1.63E+09 0.0932 3780.22
1.64E+09 0.0935 3778.23
1.64E+09 0.0922 3776.4
1.65E+09 0.0922 3774.57
1.66E+09 0.0915 3772.5
1.67E+09 0.0918 3770.54
1.68E+09 0.0910 3768.56
1.69E+09 0.0909 3766.73
1.70E+09 0.0911 3764.9
1.70E+09 0.0901 3763.11
1.71E+09 0.0902 3761.33
1.72E+09 0.0898 3759.58
1.73E+09 0.0895 3758.1
1.73E+09 0.0899 3756.52
1.74E+09 0.0896 3754.53
1.75E+09 0.0899 3752.85
1.76E+09 0.0887 3751.17
1.77E+09 0.0890 3749.23
1.78E+09 0.0890 3747.45
1.78E+09 0.0881 3745.61
1.79E+09 0.0884 3743.47
1.80E+09 0.0874 3741.31
1.81E+09 0.0877 3739.41
1.82E+09 0.0880 3737.47
1.83E+09 0.0869 3735.42
1.84E+09 0.0864 3733.57
1.85E+09 0.0864 3731.68
1.86E+09 0.0855 3729.51
1.87E+09 0.0855 3727.74
1.88E+09 0.0856 3725.91
1.89E+09 0.0850 3724.19
1.90E+09 0.0846 3722.19
1.91E+09 0.0844 3720.15
1.91E+09 0.0842 3718.34
1.92E+09 0.0836 3716.26
1.93E+09 0.0840 3714.38
1.94E+09 0.0833 3712.29
1.95E+09 0.0836 3710.41
1.96E+09 0.0831 3708.42
1.97E+09 0.0827 3706.37
1.98E+09 0.0822 3704.56
1.99E+09 0.0831 3702.7
2.00E+09 0.0819 3700.64
2.01E+09 0.0809 3698.38
2.02E+09 0.0818 3696.6
2.03E+09 0.0808 3694.52
2.04E+09 0.0806 3692.57
2.05E+09 0.0800 3690.49
2.06E+09 0.0801 3688.64
2.07E+09 0.0796 3686.62
2.08E+09 0.0793 3684.82
2.09E+09 0.0793 3683.22
2.10E+09 0.0788 3681.37
2.11E+09 0.0787 3679.32
2.12E+09 0.0792 3677.44
2.13E+09 0.0781 3675.48
2.14E+09 0.0776 3673.88
2.15E+09 0.0770 3672.54
2.15E+09 0.0780 3671.1
2.16E+09 0.0771 3669.42
2.17E+09 0.0769 3667.59
2.18E+09 0.0767 3665.88
2.19E+09 0.0764 3664.12
2.20E+09 0.0767 3662.25
2.21E+09 0.0763 3660.29
2.22E+09 0.0760 3658.34
2.23E+09 0.0757 3656.41
2.24E+09 0.0754 3654.37
2.26E+09 0.0749 3652.35
2.27E+09 0.0751 3650.64
2.28E+09 0.0749 3648.63
2.29E+09 0.0738 3646.64
2.30E+09 0.0740 3644.59
2.31E+09 0.0731 3642.52
2.32E+09 0.0737 3640.81
2.33E+09 0.0725 3638.91
2.34E+09 0.0727 3636.91
2.35E+09 0.0725 3634.84
2.37E+09 0.0718 3632.79
2.38E+09 0.0719 3630.84
2.39E+09 0.0711 3629.01
2.40E+09 0.0714 3627.37
2.41E+09 0.0710 3625.4
2.42E+09 0.0710 3623.62
2.43E+09 0.0707 3621.81
2.44E+09 0.0707 3619.85
2.45E+09 0.0698 3617.62
2.46E+09 0.0701 3615.81
2.48E+09 0.0702 3613.73
2.49E+09 0.0696 3611.74
2.50E+09 0.0691 3609.85
2.51E+09 0.0691 3607.84
2.52E+09 0.0686 3605.72
2.54E+09 0.0680 3603.85
2.55E+09 0.0681 3602.14
2.56E+09 0.0681 3600.17
2.57E+09 0.0677 3598.18
2.58E+09 0.0672 3596.18
2.59E+09 0.0674 3594.36
2.60E+09 0.0666 3592.86
2.61E+09 0.0667 3591.49
2.62E+09 0.0656 3589.99
2.63E+09 0.0656 3588.53
2.64E+09 0.0661 3586.84
2.65E+09 0.0662 3584.81
2.67E+09 0.0656 3582.64
2.68E+09 0.0654 3580.82
2.69E+09 0.0649 3578.77
2.70E+09 0.0642 3576.74
2.71E+09 0.0646 3574.97
2.73E+09 0.0642 3573.02
2.74E+09 0.0636 3571.16
2.75E+09 0.0637 3569.29
2.76E+09 0.0632 3567.43
2.77E+09 0.0632 3565.68
2.79E+09 0.0628 3563.7
2.80E+09 0.0625 3562.03
2.81E+09 0.0626 3560.11
2.82E+09 0.0622 3558.34
2.83E+09 0.0620 3556.59
2.84E+09 0.0621 3555.15
2.85E+09 0.0620 3553.68
2.87E+09 0.0614 3551.83
2.88E+09 0.0611 3550
2.89E+09 0.0607 3548.21
2.90E+09 0.0608 3546.48
2.91E+09 0.0603 3544.88
2.93E+09 0.0604 3542.94
2.94E+09 0.0596 3541.14
2.95E+09 0.0605 3539.25
2.97E+09 0.0598 3537.25
2.98E+09 0.0593 3535.42
2.99E+09 0.0589 3533.64
3.00E+09 0.0589 3531.79
3.01E+09 0.0585 3530.19
3.03E+09 0.0587 3528.29
3.04E+09 0.0580 3526.4
3.05E+09 0.0579 3524.89
3.06E+09 0.0576 3523.3
3.07E+09 0.0575 3521.79
3.09E+09 0.0573 3520.2
3.10E+09 0.0572 3518.6
3.11E+09 0.0562 3516.86
3.12E+09 0.0563 3515.12
3.14E+09 0.0562 3513.2
3.15E+09 0.0559 3511.66
3.16E+09 0.0557 3509.83
3.17E+09 0.0554 3508.14
3.19E+09 0.0556 3506.55
3.20E+09 0.0550 3504.84
3.21E+09 0.0549 3503.42
3.22E+09 0.0543 3501.97
3.23E+09 0.0543 3500.24
3.24E+09 0.0543 3498.74
3.26E+09 0.0540 3497.21
3.27E+09 0.0538 3495.36
3.28E+09 0.0538 3493.65
3.30E+09 0.0535 3491.86
3.31E+09 0.0534 3490.07
3.32E+09 0.0533 3488.38
3.34E+09 0.0530 3486.68
3.35E+09 0.0533 3485.07
3.36E+09 0.0527 3483.24
3.38E+09 0.0528 3481.58
3.39E+09 0.0521 3479.75
3.40E+09 0.0522 3478.02
3.42E+09 0.0517 3476.13
3.43E+09 0.0520 3474.29
3.45E+09 0.0516 3472.58
3.46E+09 0.0508 3470.99
3.47E+09 0.0507 3469.32
3.49E+09 0.0506 3467.78
3.50E+09 0.0507 3466.22
3.51E+09 0.0501 3464.87
3.52E+09 0.0497 3463.44
3.53E+09 0.0494 3462.16
3.54E+09 0.0500 3460.77
3.56E+09 0.0495 3458.93
3.57E+09 0.0494 3457.18
3.59E+09 0.0496 3455.52
3.60E+09 0.0484 3454.14
3.61E+09 0.0484 3452.68
3.63E+09 0.0488 3450.96
3.64E+09 0.0481 3449.4
3.65E+09 0.0483 3447.85
3.67E+09 0.0481 3446.18
3.68E+09 0.0477 3444.54
3.70E+09 0.0475 3442.83
3.71E+09 0.0470 3441
3.73E+09 0.0474 3439.02
3.75E+09 0.0472 3437.16
3.76E+09 0.0467 3435.27
3.78E+09 0.0467 3433.55
3.79E+09 0.0464 3431.82
3.81E+09 0.0462 3430.01
3.82E+09 0.0459 3428.28
3.84E+09 0.0458 3426.7
3.85E+09 0.0458 3424.89
3.87E+09 0.0449 3423.1
3.89E+09 0.0447 3421.4
3.90E+09 0.0450 3419.63
3.92E+09 0.0450 3417.91
3.93E+09 0.0445 3416.27
3.95E+09 0.0445 3415.01
3.96E+09 0.0436 3413.83
3.97E+09 0.0443 3412.76
3.98E+09 0.0439 3411.52
3.99E+09 0.0434 3410.32
4.00E+09 0.0430 3409.09
4.01E+09 0.0429 3407.72
4.03E+09 0.0431 3406.32
4.04E+09 0.0433 3404.55
4.06E+09 0.0423 3402.72
4.08E+09 0.0426 3400.99
4.10E+09 0.0423 3399.25
4.11E+09 0.0422 3397.85
4.12E+09 0.0424 3396.34
4.14E+09 0.0417 3394.77
4.15E+09 0.0415 3393.4
4.17E+09 0.0418 3391.91
4.19E+09 0.0417 3390.12
4.20E+09 0.0413 3388.3
4.22E+09 0.0406 3386.37
4.24E+09 0.0405 3384.69
4.26E+09 0.0403 3383.1
4.27E+09 0.0406 3381.45
4.29E+09 0.0402 3379.84
4.31E+09 0.0402 3377.98
4.33E+09 0.0396 3376.31
4.34E+09 0.0394 3374.52
4.36E+09 0.0388 3373.01
4.37E+09 0.0393 3371.72
4.39E+09 0.0389 3370.05
4.41E+09 0.0386 3368.47
4.42E+09 0.0386 3366.98
4.44E+09 0.0382 3365.47
4.46E+09 0.0385 3363.75
4.48E+09 0.0377 3362.04
4.50E+09 0.0382 3360.33
4.51E+09 0.0375 3358.68
4.53E+09 0.0378 3357.08
4.55E+09 0.0372 3355.22
4.57E+09 0.0369 3353.48
4.59E+09 0.0368 3351.96
4.61E+09 0.0365 3350.37
4.63E+09 0.0365 3348.72
4.64E+09 0.0363 3347.04
4.66E+09 0.0363 3345.27
4.68E+09 0.0361 3343.55
4.70E+09 0.0360 3341.93
4.72E+09 0.0354 3340.44
4.74E+09 0.0352 3338.71
4.76E+09 0.0351 3336.96
4.78E+09 0.0348 3335.24
4.80E+09 0.0351 3333.5
4.82E+09 0.0347 3331.86
4.84E+09 0.0348 3330.25
4.86E+09 0.0342 3328.52
4.88E+09 0.0338 3326.97
4.90E+09 0.0339 3325.39
4.92E+09 0.0336 3323.72
4.94E+09 0.0335 3322
4.96E+09 0.0334 3320.25
4.98E+09 0.0333 3318.93
4.99E+09 0.0330 3317.73
