0.00E+00 -0.6028 5246.84
3.03E+08 0.1156 5031.28
4.07E+08 0.1062 4962.74
4.88E+08 0.1038 4911.57
5.70E+08 0.0966 4863.46
6.48E+08 0.0886 4820.44
7.15E+08 0.0829 4785.92
7.79E+08 0.0790 4754.99
8.20E+08 0.0837 4735.18
8.26E+08 0.1230 4731.5
8.38E+08 0.1380 4722.37
8.82E+08 0.1234 4688.03
9.91E+08 0.1114 4612.32
1.06E+09 0.1060 4562.9
1.19E+09 0.0845 4490.93
1.34E+09 0.0685 4422.13
1.48E+09 0.0680 4367.73
1.61E+09 0.0688 4313.79
1.73E+09 0.0571 4268.89
1.82E+09 0.0586 4234.97
1.93E+09 0.0546 4198.21
2.02E+09 0.0405 4171.36
2.08E+09 0.0438 4157.28
2.11E+09 0.0393 4149.65
2.15E+09 0.0363 4140.9
2.18E+09 0.0367 4133.21
2.22E+09 0.0390 4125.69
2.25E+09 0.0349 4118.57
2.29E+09 0.0331 4110.95
2.32E+09 0.0323 4104.88
2.35E+09 0.0348 4098.06
2.38E+09 0.0312 4091.94
2.42E+09 0.0317 4084.75
2.46E+09 0.0329 4076.21
2.50E+09 0.0325 4068.75
2.54E+09 0.0254 4062.24
2.59E+09 0.0226 4055
2.63E+09 0.0276 4049.33
2.66E+09 0.0235 4043.96
2.70E+09 0.0248 4038.12
2.74E+09 0.0276 4032.82
2.79E+09 0.0209 4025.87
2.84E+09 0.0240 4019.06
2.87E+09 0.0247 4013.3
2.92E+09 0.0193 4007.49
2.98E+09 0.0212 4000.57
3.01E+09 0.0224 3995.53
3.06E+09 0.0176 3990.05
3.11E+09 0.0191 3984.4
3.15E+09 0.0180 3979.94
3.20E+09 0.0150 3975.32
3.26E+09 0.0170 3969.63
3.31E+09 0.0160 3964.47
3.36E+09 0.0150 3960.36
3.42E+09 0.0136 3954.98
3.48E+09 0.0135 3949.92
3.54E+09 0.0165 3945
3.59E+09 0.0141 3939.82
3.67E+09 0.0117 3934.33
3.72E+09 0.0125 3930.64
3.77E+09 0.0133 3926.57
3.83E+09 0.0125 3922.25
3.89E+09 0.0138 3917.56
3.94E+09 0.0107 3913.31
4.01E+09 0.0081 3909.57
4.08E+09 0.0093 3906.06
4.15E+09 0.0096 3902.15
4.22E+09 0.0087 3898.12
4.29E+09 0.0098 3893.86
4.35E+09 0.0072 3890.85
4.43E+09 0.0081 3887.48
4.48E+09 0.0097 3884.89
4.54E+09 0.0067 3881.9
4.64E+09 0.0061 3878.47
4.70E+09 0.0089 3875.33
4.78E+09 0.0083 3871.64
4.86E+09 0.0075 3867.79
4.94E+09 0.0080 3864.3
