0.00E+00 -0.4581 4793.55
1.47E+08 0.1908 4724.19
2.20E+08 0.1687 4665.25
3.31E+08 0.1669 4579.09
4.06E+08 0.1734 4523.18
5.01E+08 0.1540 4452.6
5.50E+08 0.1471 4418.69
5.87E+08 0.1462 4393.54
6.25E+08 0.1442 4368.11
6.54E+08 0.1384 4349.06
6.81E+08 0.1385 4332.17
7.07E+08 0.1320 4316.03
7.31E+08 0.1300 4301.38
7.56E+08 0.1314 4286.44
7.84E+08 0.1251 4269.88
8.13E+08 0.1248 4253.03
8.35E+08 0.1226 4240.59
8.60E+08 0.1212 4226.45
8.89E+08 0.1192 4210.13
9.14E+08 0.1129 4197
9.35E+08 0.1123 4186.37
9.61E+08 0.1109 4172.63
9.86E+08 0.1111 4160.14
1.01E+09 0.1055 4148.29
1.04E+09 0.1058 4135.33
1.07E+09 0.1064 4120.31
1.09E+09 0.0974 4107.63
1.11E+09 0.0899 4100.02
1.14E+09 0.0887 4088.36
1.17E+09 0.0940 4077.02
1.19E+09 0.0888 4068.53
1.21E+09 0.0823 4058.19
1.25E+09 0.0915 4045.05
1.29E+09 0.0871 4029.45
1.32E+09 0.0809 4013.91
1.36E+09 0.0778 4001.24
1.40E+09 0.0735 3988.62
1.41E+09 0.0684 3982.86
1.45E+09 0.0667 3972.66
1.48E+09 0.0698 3960.9
1.51E+09 0.0646 3953.63
1.53E+09 0.0564 3947.77
1.56E+09 0.0567 3940.78
1.58E+09 0.0558 3933.79
1.61E+09 0.0525 3926.99
1.64E+09 0.0603 3919.46
1.67E+09 0.0600 3911.28
1.69E+09 0.0565 3906.17
1.72E+09 0.0502 3898.56
1.75E+09 0.0461 3892.16
1.77E+09 0.0522 3886.66
1.80E+09 0.0515 3880.96
1.82E+09 0.0446 3875.62
1.85E+09 0.0415 3870.08
1.87E+09 0.0432 3865.17
1.90E+09 0.0420 3859.66
1.93E+09 0.0444 3853.27
1.95E+09 0.0412 3849.28
1.99E+09 0.0411 3842.43
2.02E+09 0.0425 3836.11
2.06E+09 0.0430 3829
2.08E+09 0.0390 3824.19
2.11E+09 0.0403 3818.68
2.15E+09 0.0423 3811.62
2.17E+09 0.0400 3806.75
2.21E+09 0.0399 3800.35
2.24E+09 0.0376 3794.91
2.27E+09 0.0360 3789.57
2.31E+09 0.0410 3783.09
2.34E+09 0.0388 3777.93
2.37E+09 0.0346 3772.1
2.41E+09 0.0319 3766.6
2.44E+09 0.0292 3762.07
2.48E+09 0.0333 3756.87
2.52E+09 0.0317 3751.24
2.55E+09 0.0308 3746.52
2.58E+09 0.0258 3742.65
2.62E+09 0.0334 3737.9
2.66E+09 0.0319 3731.72
2.69E+09 0.0285 3727.18
2.73E+09 0.0252 3722.15
2.77E+09 0.0272 3716.64
2.82E+09 0.0259 3711.11
2.85E+09 0.0259 3707.43
2.89E+09 0.0217 3702.9
2.93E+09 0.0272 3698.58
2.97E+09 0.0247 3693.68
3.02E+09 0.0216 3688.79
3.07E+09 0.0225 3684.11
3.11E+09 0.0249 3678.77
3.16E+09 0.0218 3673.96
3.21E+09 0.0192 3669.07
3.26E+09 0.0211 3664.67
3.29E+09 0.0191 3661.46
3.35E+09 0.0203 3656.87
3.40E+09 0.0205 3651.49
3.46E+09 0.0185 3646.58
3.51E+09 0.0192 3641.53
3.56E+09 0.0191 3637.52
3.61E+09 0.0159 3633.33
3.67E+09 0.0163 3629.59
3.73E+09 0.0163 3624.88
3.79E+09 0.0178 3620.41
3.84E+09 0.0161 3615.82
3.90E+09 0.0146 3612.09
3.95E+09 0.0162 3608.21
4.01E+09 0.0156 3604.12
4.06E+09 0.0137 3600.75
4.12E+09 0.0131 3597.33
4.17E+09 0.0139 3594.01
4.23E+09 0.0134 3590.02
4.30E+09 0.0132 3586.14
4.37E+09 0.0119 3582.17
4.43E+09 0.0119 3578.78
4.49E+09 0.0107 3575.7
4.55E+09 0.0112 3572.53
4.61E+09 0.0120 3569.27
4.68E+09 0.0112 3565.54
4.75E+09 0.0105 3562.25
4.82E+09 0.0099 3559.07
4.89E+09 0.0108 3555.78
4.95E+09 0.0103 3552.38
