0.00E+00 -0.4026 4559.16
6.32E+07 0.2545 4513.51
9.85E+07 0.2780 4466.09
1.54E+08 0.2407 4398.69
2.24E+08 0.2153 4322.38
2.82E+08 0.2382 4259.08
3.35E+08 0.2197 4201.2
3.89E+08 0.2196 4145.88
4.36E+08 0.2009 4098.43
4.67E+08 0.1929 4069.97
5.01E+08 0.1825 4038.91
5.32E+08 0.1744 4012.11
5.56E+08 0.1664 3993.09
5.82E+08 0.1601 3972.53
6.07E+08 0.1551 3953.07
6.29E+08 0.1522 3937.21
6.55E+08 0.1487 3918.13
6.78E+08 0.1407 3902.51
6.97E+08 0.1384 3889.35
7.20E+08 0.1343 3874.93
7.43E+08 0.1295 3860.14
7.61E+08 0.1259 3849.53
7.85E+08 0.1211 3835.04
8.05E+08 0.1154 3823.77
8.24E+08 0.1123 3813.55
8.45E+08 0.1086 3802.35
8.69E+08 0.1047 3790.26
8.90E+08 0.0997 3779.9
9.15E+08 0.0953 3768.13
9.37E+08 0.0919 3758.17
9.58E+08 0.0886 3749.24
9.76E+08 0.0864 3741.41
9.99E+08 0.0845 3732.35
1.02E+09 0.0790 3723.12
1.04E+09 0.0766 3715.02
1.06E+09 0.0749 3708.1
1.09E+09 0.0704 3700.48
1.11E+09 0.0681 3692.94
1.13E+09 0.0636 3685.57
1.16E+09 0.0617 3678.34
1.18E+09 0.0596 3672.72
1.21E+09 0.0549 3663.94
1.24E+09 0.0519 3656.24
1.27E+09 0.0501 3648.86
1.30E+09 0.0481 3642.76
1.32E+09 0.0468 3637.58
1.34E+09 0.0456 3632.19
1.37E+09 0.0435 3626.07
1.39E+09 0.0439 3621.81
1.42E+09 0.0437 3616.4
1.44E+09 0.0427 3611.62
1.46E+09 0.0424 3607.64
1.48E+09 0.0402 3603.4
1.51E+09 0.0397 3598.42
1.53E+09 0.0388 3593.61
1.56E+09 0.0381 3589.22
1.58E+09 0.0377 3584.41
1.61E+09 0.0380 3580.04
1.63E+09 0.0374 3575.41
1.66E+09 0.0353 3570.23
1.69E+09 0.0359 3565.55
1.72E+09 0.0340 3560.51
1.75E+09 0.0332 3555.85
1.78E+09 0.0332 3550.75
1.81E+09 0.0310 3545.66
1.84E+09 0.0312 3541.48
1.87E+09 0.0307 3537.29
1.90E+09 0.0299 3532.62
1.93E+09 0.0287 3528.2
1.96E+09 0.0286 3524.38
1.99E+09 0.0275 3520.01
2.03E+09 0.0272 3515.9
2.06E+09 0.0261 3511.69
2.09E+09 0.0257 3507.45
2.13E+09 0.0250 3503.46
2.15E+09 0.0247 3500.2
2.19E+09 0.0238 3496.32
2.22E+09 0.0232 3492.74
2.25E+09 0.0227 3489.09
2.28E+09 0.0220 3485.89
2.32E+09 0.0223 3482.42
2.35E+09 0.0218 3478.86
2.38E+09 0.0211 3475.39
2.42E+09 0.0202 3471.73
2.46E+09 0.0202 3468.35
2.49E+09 0.0196 3465.03
2.53E+09 0.0191 3461.46
2.57E+09 0.0182 3457.92
2.61E+09 0.0182 3454.27
2.65E+09 0.0181 3450.49
2.70E+09 0.0166 3446.4
2.75E+09 0.0159 3442.8
2.79E+09 0.0163 3439.54
2.84E+09 0.0153 3436.09
2.88E+09 0.0151 3432.63
2.93E+09 0.0148 3429.07
2.98E+09 0.0136 3425.46
3.03E+09 0.0142 3422.02
3.09E+09 0.0135 3418.52
3.14E+09 0.0139 3415.21
3.19E+09 0.0133 3411.74
3.24E+09 0.0130 3408.45
3.30E+09 0.0119 3405.05
3.36E+09 0.0120 3401.95
3.41E+09 0.0113 3398.71
3.47E+09 0.0116 3395.72
3.52E+09 0.0113 3392.67
3.58E+09 0.0113 3389.62
3.64E+09 0.0107 3386.49
3.70E+09 0.0101 3383.46
3.76E+09 0.0102 3380.42
3.82E+09 0.0100 3377.54
3.88E+09 0.0093 3374.71
3.94E+09 0.0098 3372.02
4.00E+09 0.0094 3369.28
4.06E+09 0.0098 3366.55
4.12E+09 0.0096 3363.7
4.18E+09 0.0093 3360.98
4.24E+09 0.0092 3358.25
4.31E+09 0.0088 3355.59
4.37E+09 0.0091 3352.88
4.43E+09 0.0088 3350.12
4.50E+09 0.0087 3347.4
4.56E+09 0.0089 3344.74
4.63E+09 0.0088 3342.09
4.69E+09 0.0086 3339.53
4.75E+09 0.0085 3336.84
4.82E+09 0.0084 3334.19
4.88E+09 0.0081 3331.62
4.95E+09 0.0080 3329.1
