0.00E+00 -0.6062 5399.08
2.04E+08 0.1807 5276.43
2.65E+08 0.1672 5235.93
3.07E+08 0.1570 5208.55
3.13E+08 0.1631 5204.58
3.17E+08 0.1861 5201.76
3.27E+08 0.1993 5193.83
3.47E+08 0.1960 5178.39
3.74E+08 0.2162 5156.17
3.78E+08 0.2524 5152.06
4.25E+08 0.2003 5112.21
4.71E+08 0.2663 5071.98
5.46E+08 0.2174 5000.33
6.52E+08 0.1930 4913.45
7.56E+08 0.1716 4837.36
8.25E+08 0.1852 4788.7
8.64E+08 0.1803 4759.42
9.05E+08 0.2013 4728.83
9.41E+08 0.1863 4700.94
9.80E+08 0.1873 4671.64
1.01E+09 0.1840 4649.58
1.04E+09 0.1749 4630.94
1.06E+09 0.1742 4615.7
1.08E+09 0.1691 4598.08
1.11E+09 0.1597 4578.6
1.14E+09 0.1620 4561.78
1.16E+09 0.1472 4546.38
1.19E+09 0.1603 4528.77
1.21E+09 0.1567 4516.4
1.23E+09 0.1501 4505.2
1.25E+09 0.1397 4495.23
1.26E+09 0.1497 4483.53
1.28E+09 0.1398 4472.71
1.30E+09 0.1295 4464.92
1.31E+09 0.1341 4457.75
1.33E+09 0.1317 4448.13
1.34E+09 0.1334 4439.76
1.36E+09 0.1377 4429.22
1.38E+09 0.1311 4419.64
1.40E+09 0.1225 4409.8
1.42E+09 0.1252 4401.53
1.43E+09 0.1330 4394.58
1.46E+09 0.1191 4382.56
1.47E+09 0.1248 4373.99
1.49E+09 0.1249 4364.41
1.51E+09 0.1169 4356.04
1.53E+09 0.1085 4346.61
1.55E+09 0.1130 4339.99
1.56E+09 0.1119 4331.56
1.58E+09 0.1141 4322.63
1.61E+09 0.1124 4311.53
1.63E+09 0.1071 4302.09
1.65E+09 0.1112 4294.49
1.67E+09 0.1054 4283.53
1.69E+09 0.0988 4274.34
1.71E+09 0.1089 4266.07
1.74E+09 0.1016 4255.63
1.75E+09 0.0937 4249.65
1.78E+09 0.1015 4241.1
1.80E+09 0.0942 4231.9
1.82E+09 0.0985 4222.3
1.85E+09 0.0932 4212.85
1.88E+09 0.0983 4202.26
1.90E+09 0.0900 4193.07
1.93E+09 0.0917 4184.22
1.95E+09 0.0843 4175.31
1.98E+09 0.0879 4166.92
2.01E+09 0.0888 4155.83
2.04E+09 0.0828 4145.92
2.06E+09 0.0763 4138.65
2.08E+09 0.0806 4130.48
2.12E+09 0.0801 4120.27
2.14E+09 0.0735 4111.58
2.18E+09 0.0682 4102.58
2.21E+09 0.0765 4093.06
2.24E+09 0.0698 4085.08
2.26E+09 0.0640 4078.58
2.29E+09 0.0701 4070.1
2.32E+09 0.0681 4060.96
2.36E+09 0.0694 4051.47
2.39E+09 0.0645 4043.28
2.42E+09 0.0568 4035.94
2.45E+09 0.0634 4028.02
2.48E+09 0.0605 4020.69
2.51E+09 0.0621 4012.68
2.55E+09 0.0586 4003.52
2.59E+09 0.0580 3995.26
2.62E+09 0.0564 3986.94
2.65E+09 0.0491 3979.81
2.69E+09 0.0518 3972.42
2.72E+09 0.0496 3965.7
2.76E+09 0.0518 3958.08
2.80E+09 0.0491 3949.71
2.84E+09 0.0510 3942.4
2.88E+09 0.0444 3935.57
2.91E+09 0.0395 3930.02
2.95E+09 0.0448 3923.57
2.98E+09 0.0396 3917.42
3.02E+09 0.0374 3911.86
3.06E+09 0.0404 3905.66
3.10E+09 0.0381 3899.54
3.14E+09 0.0413 3892.26
3.18E+09 0.0376 3886.18
3.22E+09 0.0367 3879.99
3.26E+09 0.0373 3874.3
3.30E+09 0.0349 3868.64
3.34E+09 0.0365 3863.03
3.38E+09 0.0317 3857.3
3.42E+09 0.0321 3851.98
3.47E+09 0.0362 3845.62
3.52E+09 0.0317 3839.35
3.55E+09 0.0279 3834.9
3.59E+09 0.0324 3830.36
3.64E+09 0.0324 3824.62
3.67E+09 0.0297 3819.75
3.72E+09 0.0240 3815.4
3.76E+09 0.0285 3810.93
3.81E+09 0.0290 3805.68
3.85E+09 0.0262 3800.75
3.89E+09 0.0218 3796.67
3.93E+09 0.0245 3792.76
3.98E+09 0.0221 3788.92
4.02E+09 0.0259 3784.91
4.07E+09 0.0254 3779.79
4.11E+09 0.0216 3775.42
4.16E+09 0.0203 3771.68
4.20E+09 0.0242 3767.89
4.24E+09 0.0213 3763.95
4.29E+09 0.0192 3760.44
4.33E+09 0.0215 3756.96
4.38E+09 0.0226 3752.42
4.43E+09 0.0189 3748.46
4.47E+09 0.0176 3744.93
4.52E+09 0.0185 3741.71
4.57E+09 0.0192 3737.94
4.62E+09 0.0197 3733.84
4.67E+09 0.0201 3729.55
4.72E+09 0.0168 3726.04
4.77E+09 0.0153 3722.83
4.83E+09 0.0178 3719.07
4.88E+09 0.0165 3715.37
4.93E+09 0.0145 3712.24
4.98E+09 0.0161 3709.01
