0.00E+00 -0.6822 5682.42
1.54E+08 0.2051 5594.38
1.99E+08 0.2078 5563.54
2.32E+08 0.2087 5542.28
2.41E+08 0.2114 5536.67
2.42E+08 0.2279 5535.62
2.43E+08 0.2466 5534.75
2.48E+08 0.2674 5531.36
2.56E+08 0.2608 5523.95
2.70E+08 0.2625 5512.91
2.74E+08 0.2978 5508.92
2.77E+08 0.3221 5505.78
2.88E+08 0.2851 5496.03
3.30E+08 0.2867 5459.56
3.44E+08 0.3573 5446.01
3.75E+08 0.2951 5414.08
4.29E+08 0.2715 5366.4
4.65E+08 0.3057 5334.38
5.11E+08 0.3009 5290.62
5.37E+08 0.3235 5264.56
5.84E+08 0.3016 5218.15
6.26E+08 0.2824 5178.45
6.62E+08 0.2759 5147.07
6.90E+08 0.2786 5122.06
7.12E+08 0.2776 5102.42
7.30E+08 0.2855 5086.91
7.49E+08 0.2738 5069.88
7.68E+08 0.2745 5052.84
7.90E+08 0.2568 5034.95
8.08E+08 0.2573 5019.88
8.25E+08 0.2577 5005.29
8.43E+08 0.2475 4991.28
8.57E+08 0.2552 4979.71
8.71E+08 0.2450 4968.52
8.84E+08 0.2404 4958.72
8.95E+08 0.2424 4950.8
9.06E+08 0.2311 4942.13
9.15E+08 0.2295 4935.32
9.26E+08 0.2325 4927.54
9.33E+08 0.2303 4922.36
9.43E+08 0.2255 4915.59
9.52E+08 0.2367 4908.39
9.63E+08 0.2265 4900.26
9.74E+08 0.2352 4892.69
9.86E+08 0.2323 4883.81
9.97E+08 0.2247 4875.23
1.01E+09 0.2170 4868.35
1.02E+09 0.2197 4861
1.03E+09 0.2227 4854.2
1.04E+09 0.2148 4845.22
1.05E+09 0.2133 4837.66
1.06E+09 0.2113 4830.43
1.07E+09 0.2144 4823.08
1.08E+09 0.2106 4815.31
1.09E+09 0.2129 4809.22
1.11E+09 0.2008 4801.28
1.12E+09 0.2099 4794.74
1.13E+09 0.1995 4786.76
1.14E+09 0.2004 4780.16
1.15E+09 0.2041 4773.14
1.16E+09 0.1970 4767.67
1.17E+09 0.2005 4761.13
1.18E+09 0.1982 4754.98
1.19E+09 0.1946 4748.75
1.20E+09 0.1986 4741.29
1.21E+09 0.2013 4734.36
1.22E+09 0.1927 4725.73
1.23E+09 0.1814 4720
1.25E+09 0.1807 4713.42
1.25E+09 0.1904 4707.89
1.27E+09 0.1863 4700.65
1.28E+09 0.1876 4693.97
1.29E+09 0.1771 4686.8
1.30E+09 0.1792 4681.58
1.31E+09 0.1835 4676.3
1.32E+09 0.1834 4670.21
1.33E+09 0.1826 4663.3
1.34E+09 0.1799 4656.09
1.35E+09 0.1791 4651.14
1.37E+09 0.1755 4643.95
1.38E+09 0.1863 4638.32
1.39E+09 0.1749 4630.3
1.40E+09 0.1651 4625.27
1.41E+09 0.1678 4619.17
1.42E+09 0.1709 4613.54
1.43E+09 0.1702 4607.85
1.44E+09 0.1724 4601.54
1.46E+09 0.1735 4593.96
1.47E+09 0.1657 4587.21
1.48E+09 0.1673 4579.62
1.50E+09 0.1670 4572.17
1.51E+09 0.1622 4564.76
1.52E+09 0.1527 4558.28
1.54E+09 0.1702 4552.46
1.55E+09 0.1643 4544.97
1.56E+09 0.1561 4537.61
1.58E+09 0.1548 4530.99
1.59E+09 0.1539 4525.28
1.60E+09 0.1513 4518.37
1.62E+09 0.1480 4513.18
1.63E+09 0.1484 4507.49
1.64E+09 0.1495 4502.09
1.65E+09 0.1462 4495.77
1.66E+09 0.1488 4489.64
1.68E+09 0.1449 4483.3
1.69E+09 0.1460 4476.62
1.71E+09 0.1442 4469.84
1.72E+09 0.1419 4463.33
1.74E+09 0.1500 4456.23
1.76E+09 0.1432 4447.81
1.77E+09 0.1437 4439.95
1.79E+09 0.1434 4432.91
1.81E+09 0.1406 4424.7
1.82E+09 0.1374 4417.36
1.84E+09 0.1292 4410.42
1.86E+09 0.1320 4403.86
1.87E+09 0.1316 4397.54
1.89E+09 0.1218 4390.87
1.90E+09 0.1264 4384.79
1.92E+09 0.1260 4378.72
1.93E+09 0.1267 4371.98
1.95E+09 0.1214 4364.42
1.97E+09 0.1219 4358.2
1.99E+09 0.1216 4351.28
2.01E+09 0.1245 4344.26
2.02E+09 0.1256 4337.02
2.04E+09 0.1230 4328.93
2.07E+09 0.1194 4320.91
2.08E+09 0.1171 4314.02
2.10E+09 0.1139 4306.89
2.12E+09 0.1175 4299.51
2.14E+09 0.1146 4292
2.16E+09 0.1069 4286.04
2.18E+09 0.1076 4280.59
2.19E+09 0.1114 4274.71
2.21E+09 0.1058 4269.92
2.22E+09 0.0963 4265.18
2.24E+09 0.1005 4260.66
2.25E+09 0.1029 4255.43
2.27E+09 0.1043 4248.49
2.29E+09 0.1028 4243.32
2.31E+09 0.1031 4237.35
2.33E+09 0.0971 4231.05
2.35E+09 0.0997 4224.61
2.37E+09 0.1008 4219.37
2.39E+09 0.0961 4212.55
2.41E+09 0.0936 4207.11
2.42E+09 0.0896 4201.71
2.44E+09 0.0958 4196.22
2.46E+09 0.0903 4190.62
2.48E+09 0.0969 4184.59
2.51E+09 0.0936 4177.38
2.52E+09 0.0888 4171.99
2.54E+09 0.0898 4166.83
2.56E+09 0.0882 4161.01
2.59E+09 0.0795 4155.17
2.61E+09 0.0875 4149.71
2.63E+09 0.0808 4143.91
2.65E+09 0.0790 4138.93
2.67E+09 0.0846 4134.09
2.69E+09 0.0832 4128.89
2.70E+09 0.0827 4124.05
2.73E+09 0.0758 4118.65
2.75E+09 0.0803 4113.89
2.77E+09 0.0820 4108.65
2.78E+09 0.0739 4104.33
2.80E+09 0.0658 4100.79
2.82E+09 0.0763 4096.56
2.84E+09 0.0743 4091.69
2.86E+09 0.0703 4087.17
2.88E+09 0.0696 4082.93
2.90E+09 0.0699 4078.82
2.92E+09 0.0714 4074.32
2.94E+09 0.0739 4069.14
2.96E+09 0.0672 4064.08
2.98E+09 0.0613 4059.67
3.00E+09 0.0582 4056.52
3.02E+09 0.0614 4053.2
3.03E+09 0.0669 4049.51
3.06E+09 0.0675 4044.94
3.08E+09 0.0647 4039.87
3.10E+09 0.0562 4036.3
3.12E+09 0.0622 4032.78
3.13E+09 0.0600 4029.29
3.16E+09 0.0608 4025.22
3.17E+09 0.0590 4021.89
3.19E+09 0.0619 4018.12
3.21E+09 0.0617 4014.11
3.23E+09 0.0562 4010.22
3.26E+09 0.0565 4006.32
3.27E+09 0.0635 4002.98
3.30E+09 0.0559 3998.89
3.32E+09 0.0526 3995.29
3.34E+09 0.0554 3992.08
3.36E+09 0.0513 3988.65
3.37E+09 0.0475 3985.69
3.39E+09 0.0530 3982.5
3.42E+09 0.0506 3978.75
3.43E+09 0.0509 3975.97
3.46E+09 0.0547 3972.14
3.48E+09 0.0520 3968.56
3.50E+09 0.0509 3965.15
3.52E+09 0.0479 3962.23
3.54E+09 0.0471 3959.07
3.56E+09 0.0471 3955.93
3.58E+09 0.0534 3952.81
3.60E+09 0.0492 3949.27
3.62E+09 0.0440 3946.36
3.64E+09 0.0447 3943.17
3.67E+09 0.0453 3939.78
3.69E+09 0.0428 3936.92
3.71E+09 0.0467 3933.71
3.73E+09 0.0410 3930.79
3.75E+09 0.0497 3927.84
3.77E+09 0.0426 3924.46
3.80E+09 0.0379 3921.56
3.82E+09 0.0432 3918.54
3.84E+09 0.0444 3915.29
3.87E+09 0.0387 3912.37
3.89E+09 0.0439 3909.33
3.92E+09 0.0417 3905.82
3.94E+09 0.0386 3902.79
3.96E+09 0.0365 3899.95
3.99E+09 0.0390 3897.12
4.01E+09 0.0373 3894.36
4.03E+09 0.0419 3891.58
4.05E+09 0.0384 3888.64
4.08E+09 0.0366 3885.75
4.10E+09 0.0380 3882.98
4.13E+09 0.0368 3880.09
4.15E+09 0.0364 3877.4
4.17E+09 0.0355 3874.49
4.20E+09 0.0372 3871.69
4.22E+09 0.0336 3868.8
4.25E+09 0.0361 3866.19
4.27E+09 0.0348 3863.53
4.30E+09 0.0321 3860.7
4.32E+09 0.0377 3857.95
4.35E+09 0.0323 3854.93
4.37E+09 0.0296 3852.49
4.40E+09 0.0360 3849.62
4.43E+09 0.0326 3846.87
4.45E+09 0.0314 3844.24
4.48E+09 0.0342 3841.57
4.51E+09 0.0342 3838.55
4.53E+09 0.0316 3835.81
4.56E+09 0.0303 3833.21
4.58E+09 0.0296 3830.93
4.61E+09 0.0288 3828.36
4.64E+09 0.0340 3825.67
4.67E+09 0.0315 3822.9
4.70E+09 0.0277 3820.17
4.72E+09 0.0280 3817.85
4.75E+09 0.0279 3815.54
4.78E+09 0.0282 3812.91
4.80E+09 0.0286 3810.49
4.83E+09 0.0267 3807.84
4.86E+09 0.0286 3805.39
4.89E+09 0.0297 3802.77
4.92E+09 0.0260 3800.05
4.95E+09 0.0254 3797.6
4.98E+09 0.0258 3795.42
