0.00E+00 -1.1502 6663.58
3.22E+08 0.1770 6044.37
4.31E+08 0.1523 5878.9
5.29E+08 0.1334 5753.08
6.34E+08 0.1172 5633.8
7.66E+08 0.1034 5500.27
9.37E+08 0.0862 5352.09
1.17E+09 0.0685 5186.63
1.44E+09 0.0529 5042.08
1.51E+09 0.1256 4975.91
1.54E+09 0.0790 4952.36
1.69E+09 0.0505 4877.5
1.94E+09 0.0477 4777.79
2.12E+09 0.0354 4707.12
2.29E+09 0.0270 4658.43
2.44E+09 0.0220 4625
2.61E+09 0.0185 4594.2
2.75E+09 0.0187 4570.7
2.89E+09 0.0176 4546.45
3.02E+09 0.0136 4527.39
3.13E+09 0.0108 4515.61
3.21E+09 0.0092 4508.36
3.29E+09 0.0076 4501.93
3.39E+09 0.0059 4496.24
3.46E+09 0.0055 4492.42
3.55E+09 0.0036 4488.93
3.63E+09 0.0035 4486.62
3.70E+09 0.0038 4484.06
3.78E+09 0.0053 4480.79
3.85E+09 0.0041 4477.74
3.91E+09 0.0048 4475.28
3.99E+09 0.0038 4472.07
4.06E+09 0.0038 4469.79
4.13E+09 0.0034 4467.47
4.20E+09 0.0039 4465.05
4.28E+09 0.0034 4462.42
4.35E+09 0.0032 4460.43
4.42E+09 0.0032 4458.1
4.50E+09 0.0030 4455.94
4.57E+09 0.0030 4453.95
4.65E+09 0.0033 4451.71
4.74E+09 0.0030 4449.19
4.82E+09 0.0028 4446.84
4.91E+09 0.0028 4444.65
