0.00E+00 -0.8588 6233.98
1.19E+08 0.2836 6148.06
1.54E+08 0.2909 6116.94
1.83E+08 0.2984 6092.64
2.13E+08 0.2678 6067.1
2.31E+08 0.2834 6052.39
2.55E+08 0.2619 6032.99
2.70E+08 0.2674 6020.82
2.88E+08 0.2624 6007.09
3.08E+08 0.2547 5991.69
3.22E+08 0.2596 5981.08
3.37E+08 0.2503 5970.19
3.52E+08 0.2491 5959.03
3.65E+08 0.2501 5949.23
3.79E+08 0.2498 5938.94
3.84E+08 0.2718 5934.98
3.85E+08 0.2766 5933.99
3.86E+08 0.2891 5933.36
3.87E+08 0.3102 5932.54
3.89E+08 0.3223 5931.12
3.91E+08 0.3352 5928.62
3.95E+08 0.3457 5924.51
4.01E+08 0.3521 5918.39
4.15E+08 0.3685 5903.69
4.25E+08 0.4335 5892.26
4.31E+08 0.4646 5884.46
4.57E+08 0.4045 5851.28
4.86E+08 0.4015 5817.23
5.03E+08 0.4069 5796.67
5.14E+08 0.4287 5783.23
5.31E+08 0.4173 5762.06
5.62E+08 0.3904 5724.82
5.94E+08 0.3693 5688.47
6.24E+08 0.3520 5657.39
6.52E+08 0.3365 5628.34
6.79E+08 0.3277 5601.62
7.02E+08 0.3209 5579.89
7.25E+08 0.3123 5558.69
7.46E+08 0.3003 5539.26
7.67E+08 0.2886 5520.82
7.84E+08 0.3023 5506.81
8.04E+08 0.3454 5486.81
8.13E+08 0.3442 5477.06
8.22E+08 0.3374 5467.94
8.34E+08 0.3464 5456.31
8.44E+08 0.3260 5446
8.54E+08 0.3324 5436.15
8.66E+08 0.3349 5424.61
8.77E+08 0.3275 5413.69
8.88E+08 0.3269 5403.66
8.98E+08 0.3157 5394.03
9.07E+08 0.3262 5385.42
9.15E+08 0.3226 5377.86
9.26E+08 0.3097 5367.45
9.34E+08 0.3044 5360.58
9.41E+08 0.3146 5354.13
9.49E+08 0.3144 5345.93
9.60E+08 0.3168 5335.88
9.69E+08 0.3057 5327.31
9.78E+08 0.3094 5319.44
9.87E+08 0.3027 5311.05
9.97E+08 0.3063 5302.33
1.01E+09 0.2888 5294.47
1.02E+09 0.3040 5285.77
1.03E+09 0.2953 5277.51
1.03E+09 0.3006 5270.35
1.04E+09 0.3006 5262.53
1.05E+09 0.2900 5254.13
1.06E+09 0.2955 5246.14
1.07E+09 0.2902 5236.72
1.08E+09 0.2859 5228.36
1.09E+09 0.2794 5220.84
1.10E+09 0.2839 5212.95
1.11E+09 0.2880 5204.09
1.12E+09 0.2763 5195.76
1.13E+09 0.2772 5187.15
1.14E+09 0.2716 5180.23
1.15E+09 0.2811 5171.25
1.16E+09 0.2759 5161.84
1.17E+09 0.2739 5153.66
1.18E+09 0.2681 5146.94
1.19E+09 0.2766 5139.27
1.20E+09 0.2625 5130.4
1.21E+09 0.2694 5123.1
1.22E+09 0.2552 5114.77
1.23E+09 0.2637 5107.89
1.24E+09 0.2589 5099.37
1.25E+09 0.2587 5091.57
1.26E+09 0.2576 5082.58
1.27E+09 0.2535 5075.74
1.28E+09 0.2520 5067.12
1.30E+09 0.2556 5058.52
1.30E+09 0.2510 5051.16
1.32E+09 0.2485 5041.44
1.33E+09 0.2415 5034.45
1.34E+09 0.2460 5027.68
1.35E+09 0.2468 5018.16
1.36E+09 0.2418 5009.66
1.37E+09 0.2397 5001.55
1.39E+09 0.2405 4992.31
1.40E+09 0.2274 4984.93
1.41E+09 0.2354 4978.48
1.42E+09 0.2275 4969.77
1.43E+09 0.2290 4962.33
1.44E+09 0.2241 4954.02
1.45E+09 0.2213 4947.01
1.46E+09 0.2219 4939.41
1.48E+09 0.2259 4931.3
1.49E+09 0.2210 4922.41
1.50E+09 0.2162 4915.34
1.51E+09 0.2235 4908.17
1.53E+09 0.2177 4898.87
1.54E+09 0.2136 4890.77
1.55E+09 0.2160 4881.19
1.57E+09 0.2088 4871.91
1.58E+09 0.2059 4865.06
1.59E+09 0.2071 4858.65
1.60E+09 0.2038 4852.86
1.61E+09 0.1981 4846.88
1.62E+09 0.2028 4839.32
1.64E+09 0.1984 4831.18
1.65E+09 0.2032 4823.04
1.67E+09 0.2021 4814.17
1.68E+09 0.1985 4806.27
1.69E+09 0.1910 4798.73
1.71E+09 0.1916 4789.98
1.72E+09 0.1884 4782.27
1.73E+09 0.1891 4775.63
1.75E+09 0.1867 4768.38
1.76E+09 0.1772 4761.94
1.77E+09 0.1890 4754.88
1.79E+09 0.1789 4747.37
1.80E+09 0.1844 4739.78
1.81E+09 0.1720 4733.33
1.82E+09 0.1853 4726.7
1.84E+09 0.1744 4719.5
1.85E+09 0.1760 4713.23
1.86E+09 0.1772 4705.44
1.88E+09 0.1693 4698.93
1.89E+09 0.1697 4692.24
1.91E+09 0.1740 4684.88
1.92E+09 0.1643 4677.53
1.93E+09 0.1645 4670.79
1.95E+09 0.1702 4664.16
1.96E+09 0.1614 4657.07
1.98E+09 0.1599 4650.4
1.99E+09 0.1543 4643.97
2.00E+09 0.1583 4637.31
2.02E+09 0.1497 4631.06
2.03E+09 0.1620 4624.04
2.05E+09 0.1529 4616.56
2.07E+09 0.1514 4609.29
2.08E+09 0.1483 4602.2
2.09E+09 0.1486 4596.25
2.11E+09 0.1423 4589.61
2.12E+09 0.1485 4583.57
2.14E+09 0.1447 4576.66
2.16E+09 0.1455 4569.87
2.17E+09 0.1447 4563.25
2.19E+09 0.1402 4556.9
2.20E+09 0.1414 4550.67
2.22E+09 0.1390 4544.68
2.23E+09 0.1375 4537.87
2.25E+09 0.1346 4532.12
2.26E+09 0.1333 4525.63
2.28E+09 0.1404 4519.79
2.29E+09 0.1296 4513.28
2.31E+09 0.1347 4507.16
2.33E+09 0.1278 4501.12
2.34E+09 0.1228 4494.96
2.36E+09 0.1281 4488.81
2.38E+09 0.1244 4482.71
2.39E+09 0.1237 4476.48
2.41E+09 0.1214 4470.42
2.43E+09 0.1169 4464.03
2.45E+09 0.1217 4457.93
2.46E+09 0.1196 4451.48
2.48E+09 0.1187 4445.69
2.50E+09 0.1173 4439.8
2.51E+09 0.1155 4433.58
2.53E+09 0.1141 4427.95
2.55E+09 0.1082 4421.59
2.57E+09 0.1137 4415.74
2.58E+09 0.1117 4410.14
2.60E+09 0.1037 4404.59
2.62E+09 0.1064 4399.25
2.64E+09 0.1040 4393.68
2.65E+09 0.1087 4388.15
2.67E+09 0.1007 4382.97
2.69E+09 0.1083 4377.25
2.71E+09 0.0966 4372.02
2.73E+09 0.1020 4366.54
2.74E+09 0.1007 4361.2
2.76E+09 0.0998 4355.91
2.78E+09 0.0936 4350.36
2.80E+09 0.0982 4344.82
2.82E+09 0.0906 4339.81
2.84E+09 0.0943 4334.88
2.85E+09 0.0910 4329.94
2.87E+09 0.0894 4325.37
2.89E+09 0.0857 4321.72
2.90E+09 0.0924 4317.54
2.92E+09 0.0884 4312.84
2.93E+09 0.0907 4309.07
2.95E+09 0.0903 4304.53
2.97E+09 0.0842 4300.1
2.98E+09 0.0799 4296.54
3.00E+09 0.0848 4292.24
3.02E+09 0.0812 4287.27
3.04E+09 0.0820 4281.86
3.06E+09 0.0822 4276.8
3.08E+09 0.0890 4271.57
3.11E+09 0.0809 4266.11
3.13E+09 0.0809 4261.43
3.15E+09 0.0750 4256.85
3.16E+09 0.0796 4252.7
3.18E+09 0.0760 4248.79
3.20E+09 0.0689 4244.75
3.21E+09 0.0772 4241.6
3.23E+09 0.0716 4237.32
3.25E+09 0.0789 4233.32
3.27E+09 0.0686 4229.13
3.29E+09 0.0714 4225.06
3.31E+09 0.0660 4221.79
3.33E+09 0.0694 4217.96
3.35E+09 0.0665 4213.82
3.37E+09 0.0659 4209.89
3.38E+09 0.0678 4206.59
3.41E+09 0.0661 4202.36
3.42E+09 0.0681 4198.95
3.44E+09 0.0650 4195.24
3.46E+09 0.0599 4191.6
3.48E+09 0.0620 4188.61
3.50E+09 0.0625 4185.04
3.52E+09 0.0619 4181.04
3.54E+09 0.0577 4177.69
3.56E+09 0.0610 4174.55
3.58E+09 0.0587 4170.41
3.60E+09 0.0548 4167.25
3.62E+09 0.0586 4163.84
3.64E+09 0.0605 4160.34
3.66E+09 0.0567 4156.53
3.68E+09 0.0550 4153.03
3.70E+09 0.0551 4149.89
3.72E+09 0.0584 4146.03
3.74E+09 0.0567 4142.49
3.76E+09 0.0501 4139.38
3.79E+09 0.0534 4136.19
3.80E+09 0.0563 4133.32
3.83E+09 0.0521 4129.46
3.85E+09 0.0573 4125.58
3.88E+09 0.0534 4121.5
3.90E+09 0.0494 4118.26
3.92E+09 0.0450 4115.16
3.94E+09 0.0532 4112.06
3.96E+09 0.0535 4109.11
3.98E+09 0.0456 4105.37
4.01E+09 0.0480 4102.42
4.03E+09 0.0481 4099.43
4.05E+09 0.0462 4096.23
4.07E+09 0.0433 4093.26
4.09E+09 0.0442 4090.45
4.12E+09 0.0457 4087.31
4.14E+09 0.0428 4084.51
4.16E+09 0.0403 4081.34
4.19E+09 0.0465 4078.27
4.21E+09 0.0485 4075.16
4.24E+09 0.0429 4071.24
4.26E+09 0.0420 4068.33
4.29E+09 0.0429 4065.24
4.31E+09 0.0451 4062.1
4.34E+09 0.0448 4058.37
4.37E+09 0.0441 4054.82
4.39E+09 0.0444 4051.63
4.42E+09 0.0401 4047.85
4.45E+09 0.0406 4044.74
4.47E+09 0.0363 4042.14
4.50E+09 0.0376 4039.17
4.53E+09 0.0395 4035.96
4.55E+09 0.0426 4032.71
4.58E+09 0.0364 4029.44
4.61E+09 0.0398 4026.55
4.63E+09 0.0399 4023.72
4.66E+09 0.0354 4020.57
4.69E+09 0.0329 4017.6
4.72E+09 0.0335 4014.93
4.74E+09 0.0371 4012.3
4.77E+09 0.0355 4008.93
4.80E+09 0.0317 4006.16
4.83E+09 0.0369 4003.04
4.86E+09 0.0326 4000.17
4.89E+09 0.0295 3997.23
4.92E+09 0.0321 3994.47
4.96E+09 0.0300 3991.65
4.99E+09 0.0356 3988.61
