0.00E+00 -1.0005 6575.51
1.03E+08 0.3382 6488.38
1.36E+08 0.3433 6454.41
1.59E+08 0.3584 6430.5
1.83E+08 0.3510 6406.89
2.03E+08 0.3394 6387.35
2.21E+08 0.3360 6370.23
2.37E+08 0.3316 6355.39
2.56E+08 0.3154 6338.12
2.68E+08 0.3268 6326.77
2.83E+08 0.3172 6312.77
2.99E+08 0.3072 6298.72
3.11E+08 0.3091 6287.92
3.25E+08 0.3035 6275.98
3.39E+08 0.2958 6263.49
3.51E+08 0.3000 6253.87
3.62E+08 0.2952 6244.29
3.72E+08 0.2943 6235.75
3.82E+08 0.2910 6227.1
3.93E+08 0.2899 6218.64
4.02E+08 0.2898 6211.21
4.10E+08 0.2936 6204.34
4.17E+08 0.3062 6198.36
4.20E+08 0.3343 6196.02
4.21E+08 0.3751 6194.55
4.23E+08 0.4604 6192.63
4.25E+08 0.5148 6188.76
4.35E+08 0.4812 6175.21
4.53E+08 0.4513 6151.31
4.73E+08 0.4449 6125.51
4.89E+08 0.4490 6105.78
5.00E+08 0.4556 6091.55
5.08E+08 0.4910 6080.53
5.29E+08 0.4537 6053.31
5.53E+08 0.4420 6022.55
5.76E+08 0.4368 5993.19
5.92E+08 0.4378 5973.85
6.05E+08 0.4390 5956.83
6.15E+08 0.4457 5944.6
6.31E+08 0.4292 5924.73
6.55E+08 0.3923 5897.2
6.78E+08 0.3746 5871.2
7.02E+08 0.3576 5846.84
7.23E+08 0.3480 5824.76
7.45E+08 0.3394 5803.2
7.64E+08 0.3361 5785.1
7.80E+08 0.4109 5767.89
8.03E+08 0.4244 5740.09
8.08E+08 0.4254 5733.49
8.16E+08 0.4027 5724.54
8.24E+08 0.4088 5715.07
8.35E+08 0.3971 5703.06
8.45E+08 0.3965 5691.9
8.55E+08 0.3967 5680.49
8.63E+08 0.3845 5671.63
8.68E+08 0.3869 5665.05
8.78E+08 0.3899 5654.17
8.86E+08 0.3720 5645.96
8.94E+08 0.3756 5637.55
9.00E+08 0.3829 5630.55
9.07E+08 0.3755 5622.86
9.15E+08 0.3794 5615.29
9.22E+08 0.3690 5607.14
9.30E+08 0.3688 5598.96
9.37E+08 0.3639 5591.53
9.45E+08 0.3720 5583.6
9.53E+08 0.3690 5574.53
9.61E+08 0.3607 5566.87
9.69E+08 0.3566 5559.01
9.75E+08 0.3653 5552.5
9.83E+08 0.3542 5544.58
9.91E+08 0.3574 5535.61
9.99E+08 0.3581 5527.8
1.01E+09 0.3512 5520.3
1.01E+09 0.3488 5512.64
1.02E+09 0.3496 5504.52
1.03E+09 0.3448 5496.05
1.04E+09 0.3501 5488.47
1.05E+09 0.3407 5479.39
1.06E+09 0.3455 5471.77
1.07E+09 0.3383 5462.34
1.08E+09 0.3367 5452.84
1.08E+09 0.3303 5444.86
1.09E+09 0.3394 5437.12
1.10E+09 0.3288 5428.4
1.11E+09 0.3319 5421.14
1.12E+09 0.3307 5413.2
1.13E+09 0.3268 5404.59
1.13E+09 0.3257 5397.56
1.14E+09 0.3196 5389.93
1.15E+09 0.3222 5382.37
1.16E+09 0.3173 5375.1
1.17E+09 0.3109 5367.71
1.17E+09 0.3124 5360.34
1.18E+09 0.3187 5351.92
1.19E+09 0.3110 5343.34
1.20E+09 0.3060 5335.51
1.21E+09 0.3070 5328.91
1.22E+09 0.3091 5319.85
1.23E+09 0.3019 5311.75
1.24E+09 0.3015 5303.28
1.25E+09 0.3035 5297.56
1.26E+09 0.3008 5288.69
1.27E+09 0.2964 5280.84
1.27E+09 0.2986 5274.01
1.28E+09 0.2984 5266.37
1.29E+09 0.2952 5258.94
1.30E+09 0.2871 5252.3
1.31E+09 0.2909 5245.44
1.32E+09 0.2859 5236.6
1.33E+09 0.2865 5228.26
1.34E+09 0.2839 5222.18
1.35E+09 0.2867 5214.86
1.36E+09 0.2759 5206.04
1.37E+09 0.2817 5196.7
1.38E+09 0.2724 5188.09
1.39E+09 0.2737 5180.32
1.40E+09 0.2704 5172.49
1.41E+09 0.2659 5165.05
1.42E+09 0.2641 5158.02
1.43E+09 0.2645 5150.66
1.44E+09 0.2666 5142.77
1.45E+09 0.2604 5134.16
1.46E+09 0.2593 5126.27
1.47E+09 0.2558 5119.8
1.48E+09 0.2544 5112.08
1.49E+09 0.2540 5104.74
1.50E+09 0.2533 5097.18
1.51E+09 0.2528 5089.31
1.52E+09 0.2509 5083.68
1.53E+09 0.2463 5076.48
1.54E+09 0.2436 5070.13
1.55E+09 0.2459 5062.94
1.56E+09 0.2423 5056.38
1.57E+09 0.2398 5049
1.58E+09 0.2360 5040.91
1.59E+09 0.2361 5032.85
1.61E+09 0.2370 5024.78
1.61E+09 0.2295 5018.69
1.63E+09 0.2345 5011.52
1.64E+09 0.2324 5003.75
1.65E+09 0.2274 4996.46
1.66E+09 0.2285 4988.79
1.67E+09 0.2201 4980.19
1.68E+09 0.2200 4973.01
1.69E+09 0.2236 4966.78
1.71E+09 0.2197 4958.61
1.72E+09 0.2156 4950.34
1.73E+09 0.2165 4942.76
1.74E+09 0.2123 4935.73
1.76E+09 0.2103 4928.78
1.77E+09 0.2115 4922.29
1.78E+09 0.2067 4915.26
1.79E+09 0.2079 4908.29
1.80E+09 0.1999 4901.22
1.82E+09 0.2058 4893.04
1.83E+09 0.1972 4885.56
1.84E+09 0.2018 4878.65
1.85E+09 0.2016 4871.37
1.87E+09 0.1939 4864.87
1.88E+09 0.2011 4857.59
1.89E+09 0.1913 4850.17
1.90E+09 0.1965 4844.59
1.92E+09 0.1884 4837.98
1.93E+09 0.1832 4832.03
1.94E+09 0.1861 4826.24
1.95E+09 0.1877 4819.39
1.96E+09 0.1834 4812.21
1.98E+09 0.1844 4805.83
1.99E+09 0.1811 4799.22
2.00E+09 0.1756 4793.22
2.01E+09 0.1759 4786.71
2.03E+09 0.1735 4780.24
2.04E+09 0.1744 4773.45
2.05E+09 0.1748 4767.27
2.07E+09 0.1720 4761.13
2.08E+09 0.1711 4755.74
2.09E+09 0.1711 4749.11
2.10E+09 0.1664 4744.14
2.11E+09 0.1672 4738.29
2.12E+09 0.1648 4732.59
2.14E+09 0.1587 4726.56
2.15E+09 0.1606 4721.73
2.16E+09 0.1632 4715.51
2.17E+09 0.1574 4709.57
2.19E+09 0.1573 4703.96
2.20E+09 0.1578 4698.27
2.21E+09 0.1523 4692.7
2.23E+09 0.1574 4686.43
2.24E+09 0.1499 4680.24
2.25E+09 0.1519 4674.34
2.27E+09 0.1535 4669.06
2.28E+09 0.1458 4663.68
2.29E+09 0.1437 4658.37
2.30E+09 0.1454 4653.4
2.32E+09 0.1470 4647.53
2.33E+09 0.1391 4642.1
2.35E+09 0.1377 4636.7
2.36E+09 0.1391 4632.06
2.37E+09 0.1406 4627.48
2.38E+09 0.1366 4621.81
2.40E+09 0.1369 4616.77
2.41E+09 0.1333 4611.36
2.42E+09 0.1393 4606.65
2.44E+09 0.1311 4601.14
2.45E+09 0.1362 4596.25
2.46E+09 0.1313 4591.17
2.48E+09 0.1293 4586.4
2.49E+09 0.1300 4580.88
2.50E+09 0.1232 4576.11
2.52E+09 0.1258 4570.94
2.53E+09 0.1244 4565.93
2.55E+09 0.1256 4561.37
2.56E+09 0.1259 4556.87
2.57E+09 0.1211 4551.82
2.58E+09 0.1255 4547.91
2.60E+09 0.1196 4543.78
2.61E+09 0.1172 4539.05
2.62E+09 0.1205 4534.5
2.64E+09 0.1164 4529.67
2.65E+09 0.1150 4525.24
2.66E+09 0.1147 4520.68
2.68E+09 0.1149 4516.3
2.69E+09 0.1105 4512.18
2.70E+09 0.1145 4507.77
2.72E+09 0.1055 4503.5
2.73E+09 0.1058 4498.99
2.75E+09 0.1080 4494.19
2.76E+09 0.1043 4490.23
2.78E+09 0.1072 4485.84
2.79E+09 0.1048 4481.06
2.81E+09 0.1018 4476.69
2.82E+09 0.1056 4471.71
2.84E+09 0.1045 4467.22
2.86E+09 0.1016 4462.52
2.87E+09 0.1006 4457.84
2.89E+09 0.0966 4453.32
2.90E+09 0.0973 4448.9
2.92E+09 0.1001 4444.48
2.94E+09 0.0959 4439.93
2.95E+09 0.0959 4435.8
2.97E+09 0.0939 4431.52
2.98E+09 0.0912 4427.52
3.00E+09 0.0908 4423.34
3.01E+09 0.0909 4419.58
3.03E+09 0.0920 4415.09
3.05E+09 0.0896 4411.1
3.06E+09 0.0879 4406.77
3.08E+09 0.0867 4402.87
3.10E+09 0.0865 4398.69
3.11E+09 0.0823 4394.53
3.13E+09 0.0850 4390.08
3.15E+09 0.0853 4386.53
3.17E+09 0.0799 4382.14
3.18E+09 0.0831 4378.13
3.20E+09 0.0757 4374.18
3.22E+09 0.0786 4370.08
3.24E+09 0.0811 4366.1
3.26E+09 0.0799 4361.61
3.27E+09 0.0745 4357.51
3.29E+09 0.0791 4353.52
3.31E+09 0.0750 4349.59
3.33E+09 0.0762 4345.38
3.35E+09 0.0737 4341.16
3.37E+09 0.0723 4337.12
3.39E+09 0.0721 4333.1
3.41E+09 0.0723 4329.05
3.43E+09 0.0697 4325.04
3.45E+09 0.0692 4321.22
3.47E+09 0.0692 4317.21
3.49E+09 0.0677 4313.5
3.51E+09 0.0662 4309.81
3.53E+09 0.0651 4306.42
3.54E+09 0.0645 4303.07
3.56E+09 0.0639 4299.56
3.58E+09 0.0667 4295.82
3.60E+09 0.0613 4292.01
3.62E+09 0.0624 4288.32
3.65E+09 0.0627 4284.48
3.67E+09 0.0593 4280.84
3.69E+09 0.0626 4276.88
3.71E+09 0.0582 4273.54
3.73E+09 0.0602 4270.04
3.75E+09 0.0566 4266.22
3.77E+09 0.0596 4262.78
3.80E+09 0.0578 4259.08
3.82E+09 0.0528 4255.71
3.84E+09 0.0555 4252.24
3.86E+09 0.0562 4248.86
3.88E+09 0.0572 4245.11
3.91E+09 0.0500 4241.63
3.93E+09 0.0553 4238.08
3.95E+09 0.0527 4234.5
3.98E+09 0.0515 4231.15
4.00E+09 0.0488 4227.84
4.02E+09 0.0516 4224.29
4.05E+09 0.0496 4220.7
4.07E+09 0.0477 4217.39
4.10E+09 0.0502 4214.09
4.12E+09 0.0470 4210.5
4.15E+09 0.0477 4207.23
4.17E+09 0.0485 4203.6
4.20E+09 0.0463 4200.2
4.22E+09 0.0466 4197.07
4.25E+09 0.0430 4193.61
4.27E+09 0.0442 4190.52
4.30E+09 0.0436 4187.46
4.32E+09 0.0433 4184.37
4.35E+09 0.0453 4181.31
4.37E+09 0.0436 4178.1
4.40E+09 0.0425 4174.89
4.43E+09 0.0419 4171.6
4.46E+09 0.0411 4168.24
4.49E+09 0.0381 4164.85
4.52E+09 0.0418 4161.52
4.54E+09 0.0405 4158.23
4.57E+09 0.0373 4155.06
4.60E+09 0.0387 4151.68
4.63E+09 0.0370 4148.83
4.66E+09 0.0369 4145.97
4.68E+09 0.0371 4142.91
4.71E+09 0.0365 4139.75
4.74E+09 0.0347 4136.73
4.77E+09 0.0356 4133.75
4.80E+09 0.0359 4130.66
4.83E+09 0.0343 4127.7
4.86E+09 0.0353 4124.77
4.89E+09 0.0331 4121.82
4.92E+09 0.0357 4118.97
4.95E+09 0.0324 4116.02
4.98E+09 0.0328 4113.06
