0.00E+00 -0.5873 5293.65
7.37E+07 0.3309 5256.47
9.48E+07 0.3204 5236.57
1.21E+08 0.2977 5213.47
1.64E+08 0.3058 5176.33
2.03E+08 0.2888 5142.78
2.56E+08 0.3006 5096.27
2.86E+08 0.2937 5069.84
3.01E+08 0.2917 5057.36
3.13E+08 0.2843 5047.56
3.25E+08 0.2866 5037.78
3.34E+08 0.2803 5029.89
3.46E+08 0.2845 5019.97
3.57E+08 0.2851 5010.95
3.70E+08 0.2830 5000.27
3.78E+08 0.2812 4993.43
3.89E+08 0.2803 4984.69
3.99E+08 0.2803 4976.75
4.09E+08 0.2829 4968.58
4.19E+08 0.2779 4960.65
4.26E+08 0.2730 4954.68
4.37E+08 0.2802 4946.04
4.53E+08 0.2780 4933.03
4.64E+08 0.2742 4923.96
4.73E+08 0.2661 4917.47
4.82E+08 0.2653 4910.01
4.90E+08 0.2683 4903.94
5.04E+08 0.2662 4893.07
5.16E+08 0.2624 4884.31
5.25E+08 0.2595 4877.34
5.36E+08 0.2571 4868.9
5.45E+08 0.2555 4862.45
5.53E+08 0.2495 4856.03
5.62E+08 0.2456 4849.62
5.70E+08 0.2425 4844.09
5.80E+08 0.2453 4836.83
5.91E+08 0.2454 4829.4
6.05E+08 0.2470 4819.29
6.15E+08 0.2413 4811.96
6.27E+08 0.2303 4804.14
6.34E+08 0.2189 4799.23
6.46E+08 0.2364 4791.83
6.60E+08 0.2300 4782.25
6.71E+08 0.2218 4775.19
6.80E+08 0.2100 4769.49
6.86E+08 0.1992 4765.74
6.96E+08 0.2229 4759.81
7.06E+08 0.2204 4753.29
7.19E+08 0.2129 4745.01
7.26E+08 0.2076 4740.73
7.38E+08 0.2035 4733.97
7.44E+08 0.1911 4730.03
7.53E+08 0.2083 4724.72
7.60E+08 0.1999 4720.72
7.67E+08 0.1948 4716.77
7.75E+08 0.1925 4712.46
7.83E+08 0.1979 4708.01
7.87E+08 0.1958 4705.31
7.95E+08 0.1994 4701.11
8.02E+08 0.1934 4696.8
8.11E+08 0.2038 4691.65
8.21E+08 0.1995 4686.1
8.29E+08 0.2033 4681.01
8.39E+08 0.1907 4675.35
8.47E+08 0.1945 4670.86
8.54E+08 0.1873 4667.32
8.61E+08 0.1764 4663.65
8.67E+08 0.1819 4660.56
8.74E+08 0.1867 4656.82
8.81E+08 0.1860 4652.72
8.89E+08 0.1879 4648.19
8.97E+08 0.1844 4644.03
9.06E+08 0.1892 4639.38
9.14E+08 0.1857 4634.74
9.23E+08 0.1833 4630.12
9.30E+08 0.1823 4626.36
9.40E+08 0.1787 4621.42
9.48E+08 0.1865 4617.06
9.55E+08 0.1769 4613.08
9.61E+08 0.1786 4610.03
9.68E+08 0.1741 4606.81
9.74E+08 0.1705 4603.79
9.79E+08 0.1747 4600.97
9.86E+08 0.1753 4597.69
9.92E+08 0.1758 4594.51
9.99E+08 0.1730 4590.88
1.01E+09 0.1722 4587.64
1.01E+09 0.1802 4584.18
1.02E+09 0.1734 4580.14
1.03E+09 0.1719 4576.02
1.04E+09 0.1776 4571.75
1.04E+09 0.1703 4568.62
1.05E+09 0.1754 4564.08
1.06E+09 0.1684 4559.92
1.07E+09 0.1701 4556.24
1.08E+09 0.1725 4552.28
1.08E+09 0.1716 4547.98
1.09E+09 0.1736 4544.93
1.10E+09 0.1651 4540.87
1.11E+09 0.1609 4537.6
1.11E+09 0.1668 4533.95
1.12E+09 0.1664 4530.38
1.13E+09 0.1671 4526.6
1.14E+09 0.1664 4522.79
1.14E+09 0.1654 4519.05
1.15E+09 0.1613 4515.38
1.16E+09 0.1620 4511.75
1.17E+09 0.1566 4509.26
1.17E+09 0.1591 4505.53
1.18E+09 0.1566 4502.84
1.19E+09 0.1546 4499.6
1.19E+09 0.1611 4496.68
1.20E+09 0.1602 4494.09
1.21E+09 0.1623 4490.18
1.21E+09 0.1607 4487.08
1.22E+09 0.1565 4483.43
1.23E+09 0.1603 4480.43
1.24E+09 0.1535 4476.91
1.24E+09 0.1508 4474.11
1.25E+09 0.1514 4470.91
1.26E+09 0.1510 4467.63
1.26E+09 0.1508 4464.79
1.27E+09 0.1505 4461.57
1.28E+09 0.1518 4458.73
1.28E+09 0.1473 4456.1
1.29E+09 0.1544 4452.62
1.30E+09 0.1496 4449.7
1.31E+09 0.1464 4446.51
1.31E+09 0.1511 4443.45
1.32E+09 0.1549 4440.09
1.33E+09 0.1522 4437.37
1.33E+09 0.1524 4433.8
1.34E+09 0.1531 4431.35
1.35E+09 0.1446 4428.11
1.35E+09 0.1459 4425.2
1.36E+09 0.1456 4421.81
1.37E+09 0.1468 4418.97
1.38E+09 0.1380 4415.71
1.39E+09 0.1447 4412.39
1.39E+09 0.1456 4409.6
1.40E+09 0.1439 4406.53
1.41E+09 0.1399 4403.53
1.41E+09 0.1385 4400.48
1.42E+09 0.1395 4397.55
1.43E+09 0.1369 4394.66
1.44E+09 0.1390 4391.37
1.44E+09 0.1377 4388.7
1.45E+09 0.1373 4385.49
1.46E+09 0.1357 4383.26
1.47E+09 0.1353 4379.92
1.47E+09 0.1368 4376.99
1.48E+09 0.1336 4374.06
1.49E+09 0.1393 4370.75
1.50E+09 0.1370 4367.57
1.51E+09 0.1343 4364.24
1.51E+09 0.1379 4360.85
1.52E+09 0.1361 4357.96
1.53E+09 0.1327 4354.67
1.54E+09 0.1349 4351.54
1.55E+09 0.1271 4348.65
1.55E+09 0.1320 4345.41
1.56E+09 0.1342 4342.38
1.57E+09 0.1309 4339.12
1.58E+09 0.1279 4336
1.59E+09 0.1282 4333.17
1.59E+09 0.1247 4330.45
1.60E+09 0.1282 4327.29
1.61E+09 0.1255 4324.48
1.62E+09 0.1280 4321.3
1.63E+09 0.1282 4317.47
1.64E+09 0.1267 4314.55
1.65E+09 0.1233 4311.35
1.65E+09 0.1229 4308.28
1.66E+09 0.1240 4305.69
1.67E+09 0.1234 4302.49
1.68E+09 0.1273 4299.33
1.69E+09 0.1261 4296.56
1.70E+09 0.1177 4293.18
1.70E+09 0.1185 4290.52
1.71E+09 0.1236 4287.27
1.72E+09 0.1224 4284.55
1.73E+09 0.1207 4281.77
1.74E+09 0.1194 4278.6
1.75E+09 0.1136 4275.73
1.75E+09 0.1143 4272.95
1.76E+09 0.1170 4270.04
1.77E+09 0.1189 4267.35
1.78E+09 0.1210 4264.02
1.79E+09 0.1193 4260.71
1.80E+09 0.1131 4257.77
1.81E+09 0.1134 4255.06
1.82E+09 0.1126 4251.65
1.83E+09 0.1159 4248.6
1.84E+09 0.1117 4245.79
1.84E+09 0.1082 4242.79
1.85E+09 0.1128 4240
1.86E+09 0.1076 4237.11
1.87E+09 0.1141 4234.12
1.88E+09 0.1093 4231.56
1.89E+09 0.1093 4228.63
1.90E+09 0.1075 4226.18
1.91E+09 0.1128 4223.43
1.91E+09 0.1120 4220.37
1.92E+09 0.1139 4217.14
1.93E+09 0.1111 4214.21
1.94E+09 0.1121 4211.12
1.95E+09 0.1048 4207.98
1.96E+09 0.1054 4204.98
1.97E+09 0.1036 4202.07
1.98E+09 0.1039 4199.58
1.99E+09 0.1006 4196.75
2.00E+09 0.1052 4194.16
2.01E+09 0.1007 4191.59
2.02E+09 0.1031 4188.84
2.03E+09 0.0995 4186.4
2.04E+09 0.1037 4183.28
2.04E+09 0.1010 4180.93
2.05E+09 0.1022 4177.95
2.06E+09 0.0998 4175.66
2.07E+09 0.0994 4172.72
2.08E+09 0.1012 4170.21
2.09E+09 0.1017 4167.51
2.10E+09 0.1010 4164.37
2.11E+09 0.1004 4161.3
2.12E+09 0.0980 4158.3
2.13E+09 0.1017 4155.2
2.14E+09 0.0973 4153.03
2.15E+09 0.0949 4150.15
2.16E+09 0.0999 4147.16
2.17E+09 0.0958 4144.35
2.18E+09 0.0986 4140.8
2.19E+09 0.0937 4137.88
2.20E+09 0.0963 4134.95
2.21E+09 0.0938 4132.31
2.22E+09 0.0899 4129.55
2.24E+09 0.0919 4126.68
2.24E+09 0.0942 4124.09
2.26E+09 0.0959 4120.79
2.27E+09 0.0958 4117.18
2.28E+09 0.0948 4113.73
2.29E+09 0.0919 4110.83
2.30E+09 0.0889 4107.73
2.31E+09 0.0874 4105.23
2.33E+09 0.0934 4102.16
2.34E+09 0.0948 4099.14
2.35E+09 0.0900 4095.37
2.36E+09 0.0898 4092.03
2.38E+09 0.0940 4087.99
2.40E+09 0.0899 4083.76
2.41E+09 0.0861 4080.56
2.42E+09 0.0848 4077.07
2.43E+09 0.0832 4074.38
2.45E+09 0.0879 4071.42
2.46E+09 0.0860 4068.88
2.47E+09 0.0798 4066.18
2.48E+09 0.0792 4063.71
2.49E+09 0.0810 4060.96
2.50E+09 0.0846 4057.96
2.51E+09 0.0872 4054.92
2.52E+09 0.0853 4052.47
2.54E+09 0.0809 4049.53
2.55E+09 0.0757 4046.75
2.56E+09 0.0783 4044.05
2.57E+09 0.0798 4041.09
2.58E+09 0.0780 4038.38
2.60E+09 0.0753 4035.73
2.61E+09 0.0806 4033.27
2.62E+09 0.0774 4031.28
2.63E+09 0.0769 4028.52
2.64E+09 0.0749 4026.23
2.65E+09 0.0764 4023.71
2.66E+09 0.0749 4021.19
2.67E+09 0.0731 4019
2.68E+09 0.0733 4016.77
2.69E+09 0.0759 4014.26
2.70E+09 0.0761 4011.97
2.72E+09 0.0703 4009.24
2.73E+09 0.0734 4006.79
2.74E+09 0.0757 4004.11
2.75E+09 0.0741 4002.01
2.76E+09 0.0684 3999.37
2.78E+09 0.0722 3996.95
2.79E+09 0.0709 3995.07
2.80E+09 0.0679 3992.56
2.81E+09 0.0700 3990.31
2.82E+09 0.0677 3988.08
2.83E+09 0.0710 3985.76
2.84E+09 0.0671 3983.48
2.86E+09 0.0656 3981.02
2.87E+09 0.0661 3978.96
2.88E+09 0.0692 3976.38
2.89E+09 0.0695 3974.04
2.90E+09 0.0680 3971.52
2.92E+09 0.0698 3969.08
2.93E+09 0.0679 3966.67
2.94E+09 0.0671 3963.74
2.96E+09 0.0664 3961.25
2.97E+09 0.0674 3958.72
2.98E+09 0.0646 3956.53
2.99E+09 0.0636 3954.09
3.01E+09 0.0637 3952.11
3.02E+09 0.0638 3949.62
3.03E+09 0.0684 3947.3
3.04E+09 0.0638 3945.3
3.05E+09 0.0639 3942.96
3.06E+09 0.0618 3941.09
3.08E+09 0.0621 3938.63
3.09E+09 0.0619 3936.78
3.10E+09 0.0603 3934.43
3.11E+09 0.0615 3932.26
3.13E+09 0.0597 3930.07
3.14E+09 0.0613 3927.76
3.15E+09 0.0600 3925.77
3.16E+09 0.0598 3923.49
3.18E+09 0.0575 3921.22
3.19E+09 0.0585 3919.46
3.20E+09 0.0587 3916.84
3.21E+09 0.0585 3914.94
3.23E+09 0.0593 3912.58
3.24E+09 0.0548 3910.63
3.26E+09 0.0562 3908.15
3.27E+09 0.0586 3906.12
3.28E+09 0.0547 3903.7
3.30E+09 0.0536 3901.54
3.31E+09 0.0563 3899.54
3.32E+09 0.0542 3897.37
3.34E+09 0.0582 3895.08
3.35E+09 0.0545 3893.17
3.36E+09 0.0536 3891.17
3.38E+09 0.0561 3888.74
3.39E+09 0.0528 3886.72
3.40E+09 0.0525 3884.75
3.42E+09 0.0527 3882.56
3.43E+09 0.0515 3880.29
3.44E+09 0.0537 3878.25
3.46E+09 0.0554 3875.74
3.47E+09 0.0539 3873.78
3.49E+09 0.0490 3871.59
3.50E+09 0.0471 3869.46
3.52E+09 0.0507 3867.64
3.53E+09 0.0485 3865.52
3.55E+09 0.0550 3863.18
3.56E+09 0.0551 3861.29
3.57E+09 0.0501 3859
3.59E+09 0.0498 3856.61
3.60E+09 0.0494 3854.45
3.62E+09 0.0490 3852.32
3.64E+09 0.0469 3850.12
3.65E+09 0.0478 3848.29
3.66E+09 0.0467 3846.31
3.68E+09 0.0473 3844.41
3.69E+09 0.0475 3842.35
3.71E+09 0.0456 3840.25
3.72E+09 0.0489 3837.9
3.74E+09 0.0496 3836.24
3.75E+09 0.0442 3834.06
3.77E+09 0.0451 3832.12
3.78E+09 0.0441 3830.1
3.80E+09 0.0455 3828.13
3.81E+09 0.0442 3826.09
3.83E+09 0.0493 3823.85
3.85E+09 0.0470 3821.42
3.86E+09 0.0446 3819.29
3.88E+09 0.0438 3816.97
3.90E+09 0.0438 3814.98
3.92E+09 0.0434 3812.68
3.93E+09 0.0464 3810.58
3.95E+09 0.0436 3808.15
3.97E+09 0.0441 3805.56
3.99E+09 0.0436 3803.54
4.01E+09 0.0419 3801.23
4.02E+09 0.0453 3798.98
4.04E+09 0.0433 3797.09
4.06E+09 0.0409 3794.85
4.08E+09 0.0411 3792.5
4.10E+09 0.0446 3790.04
4.11E+09 0.0434 3787.86
4.13E+09 0.0422 3785.65
4.15E+09 0.0402 3783.3
4.17E+09 0.0388 3781.35
4.19E+09 0.0393 3779.44
4.21E+09 0.0371 3777.21
4.23E+09 0.0385 3774.68
4.25E+09 0.0424 3771.67
4.28E+09 0.0402 3768.68
4.30E+09 0.0391 3765.85
4.33E+09 0.0384 3762.85
4.35E+09 0.0390 3760.26
4.38E+09 0.0383 3757.36
4.40E+09 0.0387 3754.6
4.43E+09 0.0386 3751.89
4.45E+09 0.0371 3749.38
4.47E+09 0.0332 3747.29
4.49E+09 0.0383 3744.98
4.51E+09 0.0379 3742.82
4.54E+09 0.0329 3740.27
4.56E+09 0.0325 3738.29
4.58E+09 0.0365 3735.79
4.61E+09 0.0365 3732.61
4.64E+09 0.0374 3729.77
4.67E+09 0.0356 3726.47
4.70E+09 0.0370 3723.26
4.73E+09 0.0362 3720.45
4.76E+09 0.0321 3717.34
4.78E+09 0.0355 3715.07
4.81E+09 0.0326 3712.76
4.83E+09 0.0321 3710.3
4.86E+09 0.0300 3707.94
4.88E+09 0.0309 3705.93
4.91E+09 0.0289 3703.48
4.94E+09 0.0322 3701.29
4.95E+09 0.0311 3699.51
4.98E+09 0.0282 3697.59
