0.00E+00 -0.5109 4885.84
3.03E+08 0.1076 4737.02
4.03E+08 0.0937 4688.4
4.88E+08 0.0872 4650.33
5.54E+08 0.0852 4622.32
5.70E+08 0.1228 4615.14
5.81E+08 0.1473 4607.9
6.17E+08 0.1293 4583.39
6.94E+08 0.1307 4534.42
7.51E+08 0.1329 4495.9
8.67E+08 0.1083 4428.68
9.84E+08 0.0953 4369.42
1.09E+09 0.0825 4323.26
1.19E+09 0.0856 4284.87
1.25E+09 0.0979 4254.75
1.32E+09 0.0800 4226.4
1.39E+09 0.0719 4200.65
1.45E+09 0.0755 4178.72
1.49E+09 0.0768 4163.28
1.54E+09 0.0733 4142.77
1.59E+09 0.0693 4124.15
1.64E+09 0.0638 4108.7
1.69E+09 0.0558 4094.48
1.73E+09 0.0552 4083.2
1.77E+09 0.0581 4072.21
1.80E+09 0.0533 4062.8
1.84E+09 0.0505 4054.33
1.86E+09 0.0525 4047.95
1.89E+09 0.0529 4040.49
1.91E+09 0.0515 4034.09
1.94E+09 0.0462 4026.51
1.97E+09 0.0446 4020.62
2.00E+09 0.0414 4014.6
2.02E+09 0.0369 4009.91
2.05E+09 0.0472 4003.73
2.09E+09 0.0409 3996.8
2.12E+09 0.0385 3990.72
2.15E+09 0.0369 3984.56
2.18E+09 0.0364 3978.89
2.20E+09 0.0356 3974.6
2.24E+09 0.0377 3968.95
2.27E+09 0.0381 3962.72
2.30E+09 0.0351 3957.01
2.33E+09 0.0317 3951.52
2.36E+09 0.0277 3947.67
2.40E+09 0.0368 3942.1
2.43E+09 0.0353 3936.68
2.47E+09 0.0313 3929.4
2.50E+09 0.0320 3924.26
2.54E+09 0.0333 3918.8
2.58E+09 0.0258 3912.72
2.61E+09 0.0279 3908.63
2.64E+09 0.0300 3904.02
2.68E+09 0.0282 3898.66
2.72E+09 0.0248 3893.54
2.76E+09 0.0285 3887.89
2.81E+09 0.0258 3881.73
2.86E+09 0.0224 3876.1
2.89E+09 0.0251 3871.77
2.93E+09 0.0215 3867.6
2.97E+09 0.0215 3863.18
3.00E+09 0.0187 3860.1
3.05E+09 0.0216 3855.21
3.10E+09 0.0204 3850.27
3.14E+09 0.0221 3845.89
3.19E+09 0.0188 3841.01
3.25E+09 0.0187 3835.89
3.30E+09 0.0184 3830.44
3.35E+09 0.0185 3826.02
3.41E+09 0.0175 3820.8
3.47E+09 0.0155 3816.01
3.53E+09 0.0168 3810.98
3.58E+09 0.0155 3806.79
3.64E+09 0.0149 3802.43
3.70E+09 0.0141 3797.8
3.77E+09 0.0127 3793.73
3.82E+09 0.0125 3790.43
3.88E+09 0.0134 3786.28
3.95E+09 0.0135 3781.86
4.01E+09 0.0120 3777.71
4.08E+09 0.0118 3773.75
4.15E+09 0.0108 3769.89
4.21E+09 0.0118 3766.27
4.29E+09 0.0093 3762.55
4.36E+09 0.0108 3759.19
4.42E+09 0.0103 3755.53
4.50E+09 0.0089 3752.06
4.58E+09 0.0098 3748.44
4.65E+09 0.0092 3745.03
4.73E+09 0.0098 3741.22
4.81E+09 0.0076 3737.98
4.89E+09 0.0093 3734.99
4.96E+09 0.0078 3731.57
