0.00E+00 -0.6738 5608.26
1.80E+08 0.2147 5486.66
2.38E+08 0.2003 5442.59
2.84E+08 0.1846 5409.66
3.24E+08 0.1738 5381.04
3.57E+08 0.1747 5358.75
3.89E+08 0.1661 5337.7
4.13E+08 0.1706 5321.53
4.24E+08 0.1933 5314.01
4.29E+08 0.2354 5309.91
4.39E+08 0.2651 5300.26
4.79E+08 0.2474 5260.18
5.10E+08 0.2652 5229.44
5.38E+08 0.2494 5200.45
6.09E+08 0.2288 5136.07
6.54E+08 0.2377 5094.59
6.92E+08 0.2323 5058.68
7.59E+08 0.2115 5000.87
8.18E+08 0.1948 4954.13
8.69E+08 0.1801 4916.8
9.12E+08 0.1850 4886.6
9.48E+08 0.2191 4858.94
9.86E+08 0.1827 4830.32
1.02E+09 0.1849 4803.05
1.05E+09 0.1984 4778.63
1.09E+09 0.1978 4754.11
1.11E+09 0.1851 4736.63
1.13E+09 0.1760 4720.88
1.15E+09 0.1804 4707.95
1.17E+09 0.1765 4696.53
1.19E+09 0.1795 4683.31
1.21E+09 0.1749 4670.01
1.22E+09 0.1663 4659.12
1.23E+09 0.1717 4650.63
1.25E+09 0.1581 4640.64
1.27E+09 0.1652 4631.13
1.28E+09 0.1590 4621.82
1.30E+09 0.1613 4611.71
1.31E+09 0.1555 4603.43
1.33E+09 0.1635 4593.02
1.35E+09 0.1568 4580.34
1.36E+09 0.1466 4571.27
1.38E+09 0.1487 4562.51
1.40E+09 0.1532 4551.97
1.41E+09 0.1514 4540.75
1.43E+09 0.1423 4530.15
1.45E+09 0.1483 4521.11
1.47E+09 0.1440 4511.53
1.48E+09 0.1353 4502.61
1.50E+09 0.1431 4493.62
1.52E+09 0.1366 4484.25
1.53E+09 0.1348 4474.99
1.55E+09 0.1347 4465.22
1.57E+09 0.1350 4457.14
1.58E+09 0.1253 4449.95
1.60E+09 0.1355 4441.4
1.62E+09 0.1299 4431.08
1.64E+09 0.1245 4420.71
1.66E+09 0.1281 4411.71
1.68E+09 0.1179 4402.12
1.70E+09 0.1093 4394.27
1.71E+09 0.1241 4387.74
1.73E+09 0.1175 4378.61
1.75E+09 0.1067 4369.31
1.77E+09 0.1104 4361.24
1.79E+09 0.1061 4352.28
1.81E+09 0.1091 4343.75
1.83E+09 0.1055 4334.84
1.85E+09 0.0983 4328.95
1.87E+09 0.1063 4320.9
1.89E+09 0.1063 4311.58
1.91E+09 0.1039 4303.78
1.93E+09 0.1041 4295.24
1.96E+09 0.0985 4284.75
1.98E+09 0.0976 4276.67
2.00E+09 0.0994 4267.15
2.03E+09 0.0936 4256.58
2.06E+09 0.0908 4247.02
2.09E+09 0.0934 4237.13
2.10E+09 0.0867 4231.6
2.13E+09 0.0913 4222.29
2.15E+09 0.0836 4213.89
2.18E+09 0.0862 4206.24
2.20E+09 0.0818 4198.56
2.23E+09 0.0835 4188.96
2.25E+09 0.0802 4181.23
2.28E+09 0.0778 4172.5
2.31E+09 0.0770 4164.39
2.34E+09 0.0725 4155.54
2.36E+09 0.0772 4148.88
2.39E+09 0.0683 4140.64
2.41E+09 0.0668 4135.73
2.44E+09 0.0673 4128.51
2.47E+09 0.0681 4121.05
2.49E+09 0.0654 4114.24
2.53E+09 0.0661 4105.38
2.56E+09 0.0620 4097.87
2.58E+09 0.0625 4091.34
2.61E+09 0.0630 4084.31
2.64E+09 0.0553 4078.14
2.67E+09 0.0575 4071.27
2.70E+09 0.0587 4064.33
2.73E+09 0.0588 4056.77
2.77E+09 0.0547 4048.43
2.80E+09 0.0582 4041.63
2.84E+09 0.0545 4033.71
2.88E+09 0.0522 4025.6
2.91E+09 0.0471 4019.07
2.95E+09 0.0528 4012.14
2.99E+09 0.0480 4004.23
3.02E+09 0.0426 3998.27
3.06E+09 0.0433 3991.76
3.09E+09 0.0461 3985.78
3.13E+09 0.0416 3979.36
3.17E+09 0.0412 3972.98
3.21E+09 0.0436 3966.26
3.26E+09 0.0421 3958.9
3.30E+09 0.0404 3952.76
3.34E+09 0.0334 3947.01
3.37E+09 0.0318 3942.43
3.41E+09 0.0383 3936.95
3.45E+09 0.0332 3931.5
3.49E+09 0.0312 3926.95
3.53E+09 0.0340 3921.56
3.58E+09 0.0315 3915.77
3.61E+09 0.0284 3911.14
3.66E+09 0.0315 3906.26
3.69E+09 0.0283 3901.82
3.74E+09 0.0276 3897.18
3.78E+09 0.0292 3893.11
3.82E+09 0.0285 3888.39
3.86E+09 0.0245 3884.12
3.91E+09 0.0250 3879.61
3.95E+09 0.0274 3874.91
4.00E+09 0.0283 3869.4
4.05E+09 0.0267 3864.17
4.10E+09 0.0275 3858.96
4.15E+09 0.0262 3853.68
4.20E+09 0.0256 3848.47
4.25E+09 0.0249 3843.7
4.30E+09 0.0224 3838.96
4.35E+09 0.0216 3835.12
4.40E+09 0.0192 3831.44
4.45E+09 0.0188 3827.79
4.50E+09 0.0195 3824.08
4.55E+09 0.0183 3820.34
4.60E+09 0.0183 3816.68
4.65E+09 0.0178 3813.04
4.70E+09 0.0180 3809.58
4.75E+09 0.0174 3806.07
4.80E+09 0.0160 3802.62
4.86E+09 0.0175 3799.12
4.91E+09 0.0162 3795.65
4.96E+09 0.0161 3792.29
