0.00E+00 -0.5874 5379.38
2.41E+08 0.1566 5216.04
3.24E+08 0.1407 5157.31
3.81E+08 0.1369 5118.88
4.26E+08 0.1349 5089.6
4.42E+08 0.1584 5078.98
4.56E+08 0.1933 5067.56
4.89E+08 0.1869 5036.57
5.41E+08 0.1773 4991.87
5.81E+08 0.2192 4954.85
6.31E+08 0.1837 4907.28
7.14E+08 0.1649 4838.13
8.29E+08 0.1474 4751.73
9.38E+08 0.1299 4678.61
1.03E+09 0.1669 4619.33
1.09E+09 0.1471 4573.23
1.14E+09 0.1402 4537.76
1.19E+09 0.1339 4503.59
1.23E+09 0.1332 4479.6
1.26E+09 0.1289 4461.13
1.28E+09 0.1277 4446.22
1.31E+09 0.1277 4432.11
1.33E+09 0.1261 4415.36
1.36E+09 0.1179 4399.76
1.40E+09 0.1259 4378.21
1.43E+09 0.1204 4356.59
1.48E+09 0.1100 4331.89
1.51E+09 0.1008 4315.2
1.54E+09 0.1059 4298.59
1.57E+09 0.1019 4287.14
1.59E+09 0.0950 4274.59
1.62E+09 0.0957 4264.47
1.64E+09 0.0993 4252.92
1.66E+09 0.0966 4242.96
1.69E+09 0.0888 4231.18
1.71E+09 0.0926 4221.02
1.74E+09 0.0928 4207.03
1.77E+09 0.0871 4195.84
1.79E+09 0.0829 4185.91
1.82E+09 0.0796 4175.43
1.85E+09 0.0840 4165.05
1.87E+09 0.0815 4154.87
1.90E+09 0.0753 4144.9
1.93E+09 0.0818 4134.49
1.95E+09 0.0796 4123.73
1.99E+09 0.0772 4110.1
2.02E+09 0.0754 4100.07
2.05E+09 0.0733 4088.23
2.08E+09 0.0714 4079.32
2.10E+09 0.0708 4069.36
2.14E+09 0.0665 4059.03
2.17E+09 0.0625 4049.38
2.20E+09 0.0575 4039.84
2.24E+09 0.0651 4029.49
2.27E+09 0.0599 4018.49
2.31E+09 0.0535 4007.19
2.34E+09 0.0579 3999.27
2.37E+09 0.0547 3991.99
2.40E+09 0.0521 3983.11
2.44E+09 0.0547 3973.61
2.48E+09 0.0536 3964.32
2.51E+09 0.0507 3954.53
2.56E+09 0.0479 3944.92
2.60E+09 0.0410 3936.36
2.64E+09 0.0459 3928.05
2.67E+09 0.0421 3920.16
2.71E+09 0.0395 3912.35
2.75E+09 0.0441 3904.33
2.80E+09 0.0417 3895.16
2.85E+09 0.0385 3885.96
2.88E+09 0.0376 3880.02
2.93E+09 0.0343 3871.94
2.97E+09 0.0384 3863.5
3.02E+09 0.0362 3855.28
3.07E+09 0.0315 3846.25
3.12E+09 0.0289 3840.15
3.17E+09 0.0319 3833.27
3.20E+09 0.0283 3827.91
3.25E+09 0.0297 3820.83
3.31E+09 0.0275 3813.32
3.36E+09 0.0274 3806.27
3.42E+09 0.0272 3798.71
3.47E+09 0.0270 3791.38
3.52E+09 0.0252 3785.18
3.58E+09 0.0226 3778.43
3.63E+09 0.0212 3773.07
3.69E+09 0.0184 3767.81
3.74E+09 0.0227 3763.36
3.80E+09 0.0212 3756.4
3.87E+09 0.0205 3749.34
3.94E+09 0.0194 3742.65
4.01E+09 0.0171 3736.58
4.07E+09 0.0167 3731.49
4.14E+09 0.0177 3726.08
4.21E+09 0.0159 3720.29
4.27E+09 0.0144 3715.56
4.34E+09 0.0146 3710.57
4.41E+09 0.0148 3705.77
4.48E+09 0.0121 3701.43
4.55E+09 0.0147 3696.74
4.62E+09 0.0125 3692.25
4.70E+09 0.0123 3687.39
4.78E+09 0.0116 3682.85
4.86E+09 0.0119 3678.43
4.94E+09 0.0112 3673.83
