0.00E+00 -0.4319 4726.44
3.18E+07 0.2747 4712.2
4.22E+07 0.3258 4702.14
5.53E+07 0.3270 4688.26
8.23E+07 0.3017 4661.23
1.10E+08 0.2952 4634.61
1.43E+08 0.3118 4603.9
1.83E+08 0.3023 4564.54
2.12E+08 0.3017 4536.89
2.37E+08 0.2906 4512.77
2.55E+08 0.2814 4496.21
2.70E+08 0.2736 4482.92
2.82E+08 0.2715 4472.82
2.91E+08 0.2712 4464.76
3.03E+08 0.2642 4454.58
3.15E+08 0.2620 4445.1
3.28E+08 0.2566 4433.96
3.40E+08 0.2515 4424.52
3.50E+08 0.2512 4416.14
3.61E+08 0.2476 4407.71
3.70E+08 0.2412 4400.41
3.79E+08 0.2402 4393.62
3.88E+08 0.2363 4387.09
3.98E+08 0.2326 4379.82
4.09E+08 0.2322 4371.48
4.19E+08 0.2273 4364.39
4.26E+08 0.2244 4359.34
4.33E+08 0.2245 4353.83
4.45E+08 0.2205 4345.52
4.55E+08 0.2154 4338.48
4.65E+08 0.2139 4331.74
4.75E+08 0.2093 4324.95
4.86E+08 0.2065 4317.75
4.95E+08 0.2039 4312.12
5.07E+08 0.2008 4304.22
5.16E+08 0.1962 4298.29
5.25E+08 0.1962 4292.9
5.38E+08 0.1913 4285.26
5.48E+08 0.1887 4279.05
5.56E+08 0.1861 4274.04
5.67E+08 0.1815 4267.88
5.77E+08 0.1797 4261.83
5.86E+08 0.1761 4256.77
5.97E+08 0.1744 4250.74
6.08E+08 0.1733 4244.71
6.20E+08 0.1678 4238.22
6.30E+08 0.1670 4232.91
6.42E+08 0.1641 4226.68
6.53E+08 0.1604 4220.75
6.64E+08 0.1590 4215.45
6.77E+08 0.1557 4208.99
6.88E+08 0.1517 4203.26
6.98E+08 0.1502 4198.61
7.08E+08 0.1493 4193.82
7.19E+08 0.1479 4188.72
7.29E+08 0.1439 4184.2
7.37E+08 0.1449 4180.23
7.46E+08 0.1441 4176.36
7.54E+08 0.1421 4172.54
7.63E+08 0.1430 4168.4
7.72E+08 0.1390 4164.48
7.80E+08 0.1385 4160.95
7.89E+08 0.1381 4156.86
7.97E+08 0.1378 4153.34
8.05E+08 0.1372 4149.91
8.13E+08 0.1356 4146.62
8.22E+08 0.1358 4142.69
8.31E+08 0.1356 4138.79
8.40E+08 0.1345 4134.8
8.49E+08 0.1328 4131.26
8.58E+08 0.1315 4127.25
8.67E+08 0.1301 4123.55
8.74E+08 0.1304 4120.52
8.82E+08 0.1309 4117.46
8.90E+08 0.1290 4114.01
8.98E+08 0.1305 4110.89
9.05E+08 0.1281 4107.65
9.16E+08 0.1295 4103.48
9.25E+08 0.1278 4099.57
9.35E+08 0.1257 4095.56
9.44E+08 0.1278 4092.05
9.54E+08 0.1268 4088.13
9.62E+08 0.1255 4084.83
9.70E+08 0.1239 4081.42
9.80E+08 0.1231 4077.52
9.88E+08 0.1240 4074.46
9.97E+08 0.1226 4070.99
1.00E+09 0.1227 4067.81
1.01E+09 0.1231 4064.98
1.02E+09 0.1230 4060.82
1.03E+09 0.1216 4057.52
1.04E+09 0.1210 4054.21
1.05E+09 0.1203 4050.24
1.06E+09 0.1197 4046.11
1.07E+09 0.1191 4042.49
1.08E+09 0.1187 4039
1.09E+09 0.1189 4035.88
1.10E+09 0.1186 4032.85
1.11E+09 0.1179 4028.75
1.12E+09 0.1174 4024.59
1.13E+09 0.1159 4020.29
1.14E+09 0.1154 4016.23
1.15E+09 0.1152 4012.63
1.16E+09 0.1131 4009.19
1.17E+09 0.1145 4005.83
1.18E+09 0.1127 4002.38
1.19E+09 0.1139 3999.61
1.20E+09 0.1119 3996.03
1.21E+09 0.1110 3992.88
1.22E+09 0.1112 3989.44
1.22E+09 0.1109 3986.16
1.23E+09 0.1103 3982.65
1.25E+09 0.1101 3978.72
1.26E+09 0.1088 3974.97
1.26E+09 0.1074 3972.51
1.27E+09 0.1087 3969.43
1.28E+09 0.1069 3966.11
1.29E+09 0.1067 3962.25
1.31E+09 0.1066 3957.85
1.32E+09 0.1061 3954.39
1.33E+09 0.1055 3950.56
1.34E+09 0.1050 3946.27
1.35E+09 0.1039 3942.36
1.36E+09 0.1040 3939.23
1.37E+09 0.1039 3935.24
1.39E+09 0.1019 3931.09
1.40E+09 0.1008 3927.76
1.41E+09 0.1004 3924.38
1.42E+09 0.0992 3921.09
1.43E+09 0.1004 3917.14
1.44E+09 0.0993 3913.38
1.45E+09 0.0992 3909.79
1.47E+09 0.0973 3905.76
1.48E+09 0.0975 3902.23
1.49E+09 0.0984 3899.21
1.50E+09 0.0964 3896.55
1.51E+09 0.0969 3893
1.52E+09 0.0960 3888.89
1.53E+09 0.0947 3885.4
1.54E+09 0.0941 3882.41
1.55E+09 0.0955 3879.93
1.56E+09 0.0946 3876.55
1.57E+09 0.0939 3873.28
1.59E+09 0.0926 3869.67
1.60E+09 0.0920 3865.88
1.61E+09 0.0920 3862.13
1.62E+09 0.0918 3858.63
1.64E+09 0.0912 3855.14
1.65E+09 0.0904 3851.19
1.66E+09 0.0903 3847.54
1.67E+09 0.0876 3844.27
1.68E+09 0.0882 3841.69
1.69E+09 0.0875 3838.85
1.71E+09 0.0857 3835.23
1.72E+09 0.0868 3831.72
1.73E+09 0.0867 3827.74
1.75E+09 0.0850 3823.49
1.76E+09 0.0838 3820.21
1.77E+09 0.0841 3816.6
1.79E+09 0.0842 3812.5
1.80E+09 0.0832 3809.07
1.81E+09 0.0821 3805.86
1.83E+09 0.0818 3802.46
1.84E+09 0.0803 3798.82
1.85E+09 0.0813 3795.44
1.87E+09 0.0805 3792.21
1.88E+09 0.0806 3788.98
1.89E+09 0.0794 3785.74
1.91E+09 0.0791 3782.3
1.92E+09 0.0782 3779.44
1.93E+09 0.0774 3775.89
1.94E+09 0.0782 3773.15
1.96E+09 0.0771 3769.88
1.97E+09 0.0763 3766.39
1.98E+09 0.0759 3763.43
2.00E+09 0.0751 3760.3
2.01E+09 0.0746 3757.09
2.02E+09 0.0747 3754.1
2.04E+09 0.0740 3750.68
2.05E+09 0.0727 3747.52
2.06E+09 0.0723 3744.58
2.08E+09 0.0724 3741.74
2.09E+09 0.0723 3737.96
2.11E+09 0.0712 3734.56
2.12E+09 0.0710 3731.17
2.14E+09 0.0708 3727.47
2.15E+09 0.0701 3723.95
2.17E+09 0.0689 3720.12
2.18E+09 0.0690 3717.4
2.20E+09 0.0676 3714.02
2.22E+09 0.0680 3710.48
2.23E+09 0.0674 3707
2.25E+09 0.0669 3703.57
2.26E+09 0.0662 3700.12
2.28E+09 0.0659 3696.64
2.30E+09 0.0663 3693.1
2.31E+09 0.0646 3689.78
2.33E+09 0.0645 3686.52
2.35E+09 0.0647 3682.79
2.36E+09 0.0639 3679.52
2.38E+09 0.0629 3675.97
2.40E+09 0.0629 3672.48
2.42E+09 0.0629 3668.58
2.44E+09 0.0610 3664.76
2.45E+09 0.0616 3661.34
2.47E+09 0.0608 3658.35
2.49E+09 0.0601 3655.14
2.51E+09 0.0596 3651.58
2.52E+09 0.0592 3648.02
2.54E+09 0.0588 3644.41
2.56E+09 0.0578 3640.91
2.58E+09 0.0580 3637.39
2.60E+09 0.0574 3634.08
2.62E+09 0.0567 3630.54
2.64E+09 0.0562 3627.14
2.66E+09 0.0554 3623.63
2.68E+09 0.0544 3620.43
2.70E+09 0.0546 3617.3
2.72E+09 0.0541 3613.8
2.74E+09 0.0536 3610.35
2.75E+09 0.0534 3607.56
2.77E+09 0.0526 3604.55
2.79E+09 0.0523 3601.58
2.81E+09 0.0516 3598.26
2.83E+09 0.0514 3595.04
2.85E+09 0.0505 3592.03
2.86E+09 0.0501 3589.12
2.88E+09 0.0490 3586.02
2.90E+09 0.0491 3583.21
2.92E+09 0.0483 3580.48
2.94E+09 0.0485 3577.12
2.96E+09 0.0481 3574.15
2.98E+09 0.0478 3571.25
3.00E+09 0.0471 3567.77
3.02E+09 0.0475 3564.44
3.05E+09 0.0465 3561.34
3.07E+09 0.0459 3557.62
3.09E+09 0.0459 3554.26
3.12E+09 0.0441 3550.98
3.14E+09 0.0450 3548.03
3.16E+09 0.0438 3544.71
3.18E+09 0.0431 3541.44
3.21E+09 0.0435 3538.06
3.23E+09 0.0428 3534.79
3.25E+09 0.0426 3531.93
3.27E+09 0.0417 3529.11
3.29E+09 0.0423 3526.48
3.32E+09 0.0414 3523.72
3.34E+09 0.0410 3520.75
3.36E+09 0.0408 3517.72
3.39E+09 0.0406 3514.64
3.41E+09 0.0396 3511.59
3.43E+09 0.0397 3508.63
3.46E+09 0.0388 3505.83
3.48E+09 0.0381 3502.97
3.50E+09 0.0379 3499.91
3.53E+09 0.0373 3496.67
3.55E+09 0.0373 3493.87
3.58E+09 0.0369 3491.07
3.60E+09 0.0365 3487.99
3.63E+09 0.0364 3484.93
3.66E+09 0.0355 3482
3.68E+09 0.0352 3479.42
3.70E+09 0.0346 3477.06
3.72E+09 0.0345 3474.5
3.75E+09 0.0342 3471.98
3.77E+09 0.0336 3469.46
3.79E+09 0.0337 3467.02
3.82E+09 0.0335 3464.69
3.84E+09 0.0332 3461.69
3.87E+09 0.0335 3458.62
3.90E+09 0.0327 3456
3.93E+09 0.0320 3453.12
3.95E+09 0.0317 3450.54
3.98E+09 0.0315 3448.13
4.00E+09 0.0310 3445.62
4.03E+09 0.0309 3442.85
4.06E+09 0.0303 3439.97
4.09E+09 0.0296 3437.06
4.11E+09 0.0295 3434.55
4.14E+09 0.0292 3431.86
4.17E+09 0.0291 3429.39
4.20E+09 0.0284 3427.05
4.23E+09 0.0289 3424.33
4.26E+09 0.0282 3421.47
4.29E+09 0.0278 3418.67
4.32E+09 0.0275 3415.84
4.35E+09 0.0268 3413.37
4.38E+09 0.0267 3411.11
4.40E+09 0.0265 3408.91
4.43E+09 0.0265 3406.3
4.46E+09 0.0259 3404.03
4.49E+09 0.0252 3401.39
4.52E+09 0.0252 3398.86
4.55E+09 0.0253 3396.52
4.58E+09 0.0246 3394.1
4.61E+09 0.0248 3391.93
4.64E+09 0.0241 3389.77
4.67E+09 0.0242 3387.34
4.70E+09 0.0236 3385.07
4.74E+09 0.0234 3382.49
4.77E+09 0.0234 3380.05
4.80E+09 0.0238 3377.58
4.83E+09 0.0225 3375.28
4.86E+09 0.0224 3373.31
4.89E+09 0.0224 3371.42
4.91E+09 0.0217 3369.45
4.95E+09 0.0219 3367.21
4.98E+09 0.0217 3364.85
