0.00E+00 -0.4840 4950.73
1.04E+08 0.2361 4871.5
1.55E+08 0.1958 4824.21
2.25E+08 0.1991 4766.7
3.16E+08 0.1909 4687.79
3.94E+08 0.1961 4623.57
4.65E+08 0.1827 4566.63
5.28E+08 0.1756 4517.75
5.56E+08 0.1668 4496.71
5.80E+08 0.1638 4480.65
6.09E+08 0.1638 4460.39
6.30E+08 0.1669 4446.15
6.53E+08 0.1498 4430.06
6.77E+08 0.1544 4414.37
7.02E+08 0.1464 4398.18
7.18E+08 0.1359 4388.3
7.42E+08 0.1492 4373.48
7.66E+08 0.1462 4358.41
7.87E+08 0.1385 4345.3
8.04E+08 0.1306 4335.62
8.31E+08 0.1400 4319.36
8.51E+08 0.1344 4307.75
8.70E+08 0.1263 4297.28
8.91E+08 0.1253 4285.83
9.13E+08 0.1305 4273.36
9.32E+08 0.1257 4263.28
9.54E+08 0.1221 4251.47
9.72E+08 0.1199 4242.06
9.92E+08 0.1133 4232.26
1.01E+09 0.1149 4221.62
1.04E+09 0.1138 4210.54
1.06E+09 0.1113 4200.95
1.08E+09 0.1094 4191.75
1.10E+09 0.1102 4180.67
1.12E+09 0.1024 4171.27
1.14E+09 0.1034 4160.87
1.16E+09 0.0991 4153.14
1.18E+09 0.0975 4144.04
1.20E+09 0.0959 4136.59
1.22E+09 0.0925 4130
1.24E+09 0.0944 4121.03
1.26E+09 0.0926 4112.01
1.28E+09 0.0884 4103.46
1.32E+09 0.0883 4091.64
1.34E+09 0.0844 4082.03
1.36E+09 0.0856 4074.82
1.38E+09 0.0775 4067.74
1.40E+09 0.0813 4062.35
1.42E+09 0.0807 4056.2
1.44E+09 0.0751 4049.37
1.46E+09 0.0761 4042.61
1.47E+09 0.0760 4037.34
1.49E+09 0.0741 4031.68
1.51E+09 0.0718 4026.57
1.53E+09 0.0732 4018.92
1.55E+09 0.0695 4014.48
1.57E+09 0.0716 4007.61
1.59E+09 0.0683 4001.1
1.61E+09 0.0647 3995.58
1.64E+09 0.0689 3988.47
1.66E+09 0.0674 3981.27
1.69E+09 0.0646 3974.01
1.71E+09 0.0672 3968.19
1.73E+09 0.0603 3962.59
1.75E+09 0.0623 3956.3
1.77E+09 0.0636 3949.55
1.80E+09 0.0623 3943.33
1.82E+09 0.0595 3937.18
1.85E+09 0.0628 3930.37
1.87E+09 0.0599 3924.46
1.89E+09 0.0548 3919.5
1.91E+09 0.0527 3914.51
1.94E+09 0.0564 3907.5
1.97E+09 0.0545 3901.36
1.99E+09 0.0498 3896.04
2.02E+09 0.0567 3889.35
2.05E+09 0.0526 3882.83
2.07E+09 0.0512 3877.36
2.09E+09 0.0501 3872.51
2.12E+09 0.0481 3867.08
2.15E+09 0.0487 3861.27
2.17E+09 0.0518 3855.87
2.20E+09 0.0464 3849.66
2.23E+09 0.0510 3844.47
2.26E+09 0.0420 3838.39
2.28E+09 0.0450 3833.82
2.31E+09 0.0405 3829.33
2.34E+09 0.0444 3823.15
2.37E+09 0.0440 3817.69
2.40E+09 0.0402 3813
2.43E+09 0.0435 3806.48
2.46E+09 0.0410 3800.36
2.50E+09 0.0405 3794.83
2.53E+09 0.0388 3789.08
2.57E+09 0.0377 3783.2
2.60E+09 0.0366 3777.51
2.64E+09 0.0373 3771.65
2.68E+09 0.0340 3765.49
2.71E+09 0.0334 3760.63
2.75E+09 0.0358 3755.3
2.79E+09 0.0324 3750.08
2.82E+09 0.0317 3745.46
2.86E+09 0.0303 3740.66
2.90E+09 0.0310 3735.09
2.94E+09 0.0300 3729.98
2.98E+09 0.0287 3724.56
3.03E+09 0.0297 3718.91
3.07E+09 0.0297 3713.53
3.11E+09 0.0289 3708.3
3.15E+09 0.0259 3703.3
3.19E+09 0.0282 3698.69
3.23E+09 0.0266 3693.88
3.27E+09 0.0245 3689.4
3.31E+09 0.0250 3685.14
3.36E+09 0.0263 3680.29
3.40E+09 0.0236 3675.89
3.45E+09 0.0229 3671.12
3.49E+09 0.0251 3666.65
3.54E+09 0.0223 3662.38
3.58E+09 0.0227 3658.24
3.62E+09 0.0213 3653.81
3.67E+09 0.0221 3649.59
3.72E+09 0.0209 3645.1
3.77E+09 0.0211 3640.77
3.82E+09 0.0208 3635.98
3.87E+09 0.0213 3631.54
3.92E+09 0.0191 3627.14
3.97E+09 0.0204 3622.77
4.02E+09 0.0186 3618.76
4.06E+09 0.0189 3615.11
4.11E+09 0.0174 3611.41
4.16E+09 0.0175 3608.01
4.21E+09 0.0178 3604.39
4.25E+09 0.0184 3600.86
4.30E+09 0.0186 3596.81
4.35E+09 0.0159 3593.22
4.40E+09 0.0162 3589.8
4.45E+09 0.0166 3586.26
4.50E+09 0.0151 3582.88
4.55E+09 0.0155 3579.64
4.60E+09 0.0144 3576.24
4.65E+09 0.0164 3573.19
4.70E+09 0.0137 3569.79
4.76E+09 0.0145 3566.49
4.81E+09 0.0141 3563.3
4.86E+09 0.0146 3560.23
4.91E+09 0.0134 3557.05
4.97E+09 0.0134 3553.91
