0.00E+00 -1.0089 6621.34
1.31E+08 0.3424 6462.24
1.77E+08 0.3186 6399.34
2.13E+08 0.3124 6352.52
2.42E+08 0.3049 6314.98
2.70E+08 0.2886 6280.87
2.95E+08 0.2851 6250.92
3.19E+08 0.2841 6222.94
3.43E+08 0.2753 6195.71
3.64E+08 0.2668 6171.84
3.85E+08 0.2649 6148.05
4.04E+08 0.2590 6127.49
4.23E+08 0.2535 6107.93
4.41E+08 0.2481 6089.03
4.59E+08 0.2466 6070.4
4.76E+08 0.2421 6053.59
4.93E+08 0.2369 6036.91
5.08E+08 0.2353 6021.66
5.23E+08 0.2348 6007.13
5.37E+08 0.2289 5993.67
5.51E+08 0.2314 5980.57
5.64E+08 0.2244 5968.77
5.76E+08 0.2263 5957.37
5.88E+08 0.2250 5946.15
6.00E+08 0.2239 5934.99
6.12E+08 0.2303 5924.23
6.23E+08 0.2296 5913.55
6.34E+08 0.2410 5903.23
6.42E+08 0.2651 5894.68
6.45E+08 0.2932 5891.78
6.48E+08 0.3730 5887.23
6.53E+08 0.4003 5878.22
6.72E+08 0.3657 5848.88
6.98E+08 0.3545 5811.15
7.26E+08 0.3533 5769.35
7.49E+08 0.3523 5736.38
7.72E+08 0.3503 5703.09
7.90E+08 0.3745 5676.1
8.22E+08 0.3180 5633.87
8.63E+08 0.2906 5583.15
9.12E+08 0.2670 5525.63
9.71E+08 0.2354 5464.67
1.04E+09 0.2470 5400.32
1.08E+09 0.2722 5351.88
1.13E+09 0.2493 5304.13
1.19E+09 0.2718 5235.6
1.26E+09 0.2426 5160.42
1.32E+09 0.2462 5098.49
1.38E+09 0.2195 5045.56
1.41E+09 0.2010 5012.13
1.43E+09 0.1957 4999.59
1.45E+09 0.1804 4984.98
1.47E+09 0.1813 4972.22
1.49E+09 0.1840 4956.72
1.51E+09 0.1730 4941.44
1.53E+09 0.1685 4929.18
1.55E+09 0.1786 4914.57
1.56E+09 0.1677 4902.13
1.59E+09 0.1709 4886.37
1.60E+09 0.1687 4874.31
1.63E+09 0.1545 4858.8
1.65E+09 0.1420 4848.02
1.66E+09 0.1561 4835.73
1.68E+09 0.1369 4824.58
1.71E+09 0.1593 4810.48
1.72E+09 0.1515 4802.76
1.74E+09 0.1425 4790.72
1.76E+09 0.1411 4779.97
1.77E+09 0.1384 4770.95
1.80E+09 0.1355 4756.32
1.82E+09 0.1381 4746.01
1.84E+09 0.1322 4733.51
1.86E+09 0.1395 4721.92
1.88E+09 0.1309 4711.03
1.90E+09 0.1247 4698.68
1.93E+09 0.1259 4684.91
1.95E+09 0.1237 4675.01
1.97E+09 0.1156 4664.32
1.99E+09 0.1117 4655.08
2.02E+09 0.1123 4642.98
2.03E+09 0.1141 4634.66
2.06E+09 0.1109 4621.91
2.09E+09 0.1078 4610.33
2.11E+09 0.1017 4600.36
2.13E+09 0.1086 4592.54
2.15E+09 0.1000 4583.97
2.18E+09 0.1023 4572.28
2.20E+09 0.0967 4560.59
2.24E+09 0.0943 4548.21
2.26E+09 0.0880 4536.97
2.29E+09 0.0836 4528.62
2.32E+09 0.0940 4518.37
2.34E+09 0.0814 4510.75
2.37E+09 0.0909 4499.49
2.40E+09 0.0836 4488.29
2.43E+09 0.0768 4478.75
2.45E+09 0.0707 4471.32
2.48E+09 0.0725 4463.92
2.51E+09 0.0790 4454.4
2.54E+09 0.0712 4444.09
2.57E+09 0.0668 4435.52
2.59E+09 0.0730 4428.84
2.63E+09 0.0689 4420.29
2.66E+09 0.0706 4411.23
2.69E+09 0.0659 4402.95
2.72E+09 0.0674 4394.63
2.75E+09 0.0599 4385.04
2.78E+09 0.0573 4377.45
2.82E+09 0.0620 4369.34
2.85E+09 0.0544 4362.43
2.88E+09 0.0579 4353.68
2.92E+09 0.0558 4344.49
2.96E+09 0.0514 4336.42
2.99E+09 0.0497 4329.31
3.03E+09 0.0507 4321.73
3.07E+09 0.0500 4313.19
3.11E+09 0.0477 4304.76
3.15E+09 0.0473 4296.99
3.19E+09 0.0427 4289.25
3.23E+09 0.0412 4282.57
3.28E+09 0.0428 4274.76
3.32E+09 0.0424 4267.9
3.36E+09 0.0372 4261.11
3.40E+09 0.0379 4253.6
3.45E+09 0.0368 4246.54
3.49E+09 0.0375 4239.89
3.54E+09 0.0332 4233.36
3.58E+09 0.0304 4227.9
3.62E+09 0.0361 4222.18
3.67E+09 0.0311 4216.28
3.72E+09 0.0302 4209.34
3.76E+09 0.0298 4204.1
3.81E+09 0.0308 4198.11
3.86E+09 0.0284 4192.72
3.90E+09 0.0239 4187.72
3.95E+09 0.0254 4183.2
3.99E+09 0.0233 4179.1
4.04E+09 0.0262 4173.94
4.08E+09 0.0247 4169.83
4.13E+09 0.0215 4165.1
4.19E+09 0.0251 4159.61
4.24E+09 0.0194 4154.64
4.30E+09 0.0232 4148.93
4.35E+09 0.0192 4144.52
4.42E+09 0.0207 4139.71
4.46E+09 0.0164 4135.79
4.53E+09 0.0170 4131.73
4.57E+09 0.0185 4128.08
4.63E+09 0.0174 4123.57
4.70E+09 0.0211 4118.46
4.76E+09 0.0156 4113.77
4.83E+09 0.0165 4109.38
4.89E+09 0.0156 4105.2
4.95E+09 0.0164 4101.34
