0.00E+00 -1.2693 7403.4
1.19E+08 0.4295 7198.52
1.65E+08 0.4430 7108.18
2.00E+08 0.4207 7043.35
2.29E+08 0.3945 6991.92
2.53E+08 0.3872 6949.75
2.75E+08 0.3831 6912.33
2.99E+08 0.3642 6873.72
3.20E+08 0.3690 6839
3.43E+08 0.3526 6803.32
3.62E+08 0.3492 6773.77
3.82E+08 0.3381 6744.32
4.00E+08 0.3386 6716.74
4.19E+08 0.3301 6689.27
4.36E+08 0.3287 6664.45
4.54E+08 0.3189 6638.23
4.69E+08 0.3198 6617.06
4.85E+08 0.3160 6595.3
5.01E+08 0.3122 6573.83
5.15E+08 0.3094 6554.52
5.30E+08 0.3004 6534.05
5.44E+08 0.2959 6516.17
5.57E+08 0.2986 6499.21
5.70E+08 0.2932 6481.58
5.82E+08 0.2911 6466.03
5.95E+08 0.2909 6450.59
6.07E+08 0.2867 6435.17
6.19E+08 0.2808 6419.54
6.31E+08 0.2810 6405.38
6.43E+08 0.2802 6390.04
6.56E+08 0.2729 6374.45
6.67E+08 0.2722 6360.53
6.80E+08 0.2751 6345.98
6.92E+08 0.2742 6330.89
7.05E+08 0.2710 6315.56
7.16E+08 0.2669 6302.17
7.29E+08 0.2638 6287.82
7.40E+08 0.2651 6274.29
7.51E+08 0.2645 6261.47
7.63E+08 0.2656 6248.29
7.73E+08 0.2679 6235.66
7.84E+08 0.2664 6223.31
7.94E+08 0.2763 6211.94
8.03E+08 0.2796 6200.64
8.11E+08 0.2956 6190.43
8.14E+08 0.3363 6186.55
8.17E+08 0.4332 6182.03
8.21E+08 0.4931 6172.84
8.38E+08 0.4191 6139.63
8.71E+08 0.3861 6081.33
9.03E+08 0.3786 6027.41
9.30E+08 0.3635 5983.16
9.62E+08 0.3502 5931.91
9.87E+08 0.3425 5892.17
1.03E+09 0.3338 5836.9
1.06E+09 0.3051 5783.47
1.11E+09 0.2941 5725.3
1.15E+09 0.2570 5669.58
1.21E+09 0.3157 5601.43
1.28E+09 0.2665 5510.23
1.36E+09 0.2347 5418
1.43E+09 0.2153 5351.97
1.48E+09 0.2563 5294.12
1.54E+09 0.2343 5234.3
1.60E+09 0.2377 5172.73
1.66E+09 0.1952 5119.33
1.71E+09 0.1881 5072.45
1.73E+09 0.1820 5054.73
1.76E+09 0.1762 5033.2
1.79E+09 0.1637 5010.51
1.82E+09 0.1693 4990.58
1.84E+09 0.1617 4974.49
1.87E+09 0.1432 4958.14
1.90E+09 0.1450 4941.25
1.92E+09 0.1344 4926.82
1.94E+09 0.1373 4912.39
1.97E+09 0.1356 4896.78
2.00E+09 0.1217 4881.39
2.02E+09 0.1302 4867.96
2.05E+09 0.1244 4853.13
2.07E+09 0.1202 4839.33
2.10E+09 0.1207 4824.59
2.12E+09 0.1155 4812.96
2.15E+09 0.1140 4798.54
2.17E+09 0.1108 4787.46
2.20E+09 0.1033 4773.46
2.23E+09 0.1112 4759.55
2.26E+09 0.1029 4748.74
2.29E+09 0.0958 4735.3
2.32E+09 0.1025 4722.83
2.34E+09 0.0844 4711.74
2.38E+09 0.1057 4698.06
2.40E+09 0.0820 4687.51
2.44E+09 0.0868 4675.22
2.46E+09 0.0811 4664.86
2.49E+09 0.0956 4653.19
2.52E+09 0.0751 4643.08
2.56E+09 0.0884 4629.29
2.59E+09 0.0697 4619.3
2.62E+09 0.0812 4607.08
2.66E+09 0.0643 4596.06
2.70E+09 0.0753 4581.76
2.73E+09 0.0836 4572.25
2.76E+09 0.0608 4563.13
2.80E+09 0.0644 4551.7
2.83E+09 0.0614 4542.23
2.87E+09 0.0601 4531.95
2.90E+09 0.0591 4523.18
2.94E+09 0.0536 4513.5
2.98E+09 0.0571 4504
3.02E+09 0.0510 4495.62
3.06E+09 0.0547 4485.81
3.09E+09 0.0503 4477.51
3.14E+09 0.0439 4468.34
3.18E+09 0.0429 4460.29
3.22E+09 0.0465 4452.09
3.27E+09 0.0397 4443.22
3.31E+09 0.0474 4435.72
3.36E+09 0.0359 4428.07
3.41E+09 0.0437 4419.17
3.45E+09 0.0347 4412.23
3.50E+09 0.0374 4404.65
3.54E+09 0.0378 4396.99
3.60E+09 0.0348 4388.98
3.64E+09 0.0344 4381.54
3.70E+09 0.0302 4374.38
3.74E+09 0.0331 4367.79
3.80E+09 0.0261 4361.09
3.84E+09 0.0336 4354.35
3.90E+09 0.0250 4347.65
3.96E+09 0.0294 4341.01
4.01E+09 0.0246 4334.81
4.06E+09 0.0267 4328.62
4.12E+09 0.0245 4322.23
4.18E+09 0.0215 4316.4
4.24E+09 0.0224 4310.57
4.29E+09 0.0224 4305.02
4.36E+09 0.0222 4298.96
4.41E+09 0.0204 4293.94
4.47E+09 0.0168 4289.1
4.53E+09 0.0183 4284.46
4.59E+09 0.0173 4279.7
4.66E+09 0.0167 4274.63
4.72E+09 0.0175 4269.65
4.79E+09 0.0164 4264.38
4.85E+09 0.0159 4259.95
4.92E+09 0.0154 4255.65
4.99E+09 0.0150 4251.08
