0.00E+00 -0.4864 4807.16
2.63E+08 0.1046 4701.55
2.70E+08 0.1191 4698.5
2.78E+08 0.1312 4694.14
2.90E+08 0.1568 4687.75
3.03E+08 0.1485 4679.47
3.48E+08 0.1658 4653.29
3.97E+08 0.1601 4619.62
4.69E+08 0.1743 4569.89
5.98E+08 0.1476 4487.14
6.74E+08 0.1607 4441.42
7.29E+08 0.1480 4407.53
7.65E+08 0.1406 4386.31
7.99E+08 0.1347 4367.88
8.29E+08 0.1283 4351.81
8.52E+08 0.1312 4339.89
8.78E+08 0.1331 4326.23
9.08E+08 0.1382 4309.95
9.43E+08 0.1347 4290.77
9.79E+08 0.1274 4271.55
1.01E+09 0.1194 4256
1.03E+09 0.1197 4245.13
1.05E+09 0.1129 4236.22
1.07E+09 0.1062 4228.63
1.09E+09 0.0996 4219.13
1.12E+09 0.1132 4207.6
1.16E+09 0.1055 4191.69
1.19E+09 0.0995 4178.28
1.22E+09 0.0980 4166.42
1.25E+09 0.0890 4152.99
1.29E+09 0.0918 4140.24
1.32E+09 0.0816 4127.77
1.35E+09 0.0860 4119.25
1.38E+09 0.0840 4109.46
1.40E+09 0.0756 4102.64
1.42E+09 0.0791 4095.46
1.45E+09 0.0745 4088.44
1.47E+09 0.0758 4081.8
1.49E+09 0.0737 4075.24
1.50E+09 0.0706 4070.9
1.52E+09 0.0719 4065.14
1.55E+09 0.0640 4057.99
1.57E+09 0.0719 4052.47
1.59E+09 0.0644 4047.25
1.62E+09 0.0684 4040.55
1.64E+09 0.0685 4034.52
1.66E+09 0.0645 4028.25
1.69E+09 0.0591 4021.71
1.70E+09 0.0545 4018.52
1.73E+09 0.0623 4012.53
1.75E+09 0.0624 4006.15
1.78E+09 0.0606 3999.33
1.80E+09 0.0571 3993.51
1.82E+09 0.0558 3989.1
1.84E+09 0.0570 3984.26
1.87E+09 0.0558 3978.22
1.89E+09 0.0524 3974
1.92E+09 0.0576 3967.7
1.94E+09 0.0575 3962.93
1.96E+09 0.0513 3957.04
1.99E+09 0.0469 3952.2
2.01E+09 0.0484 3947.94
2.03E+09 0.0503 3944.03
2.06E+09 0.0491 3938.53
2.08E+09 0.0433 3934.89
2.10E+09 0.0527 3930.44
2.13E+09 0.0494 3925.64
2.15E+09 0.0459 3921.5
2.17E+09 0.0434 3917.29
2.19E+09 0.0414 3913.98
2.22E+09 0.0416 3909.46
2.24E+09 0.0398 3905.94
2.27E+09 0.0468 3900.79
2.29E+09 0.0426 3896.34
2.31E+09 0.0368 3892.59
2.34E+09 0.0389 3888.43
2.36E+09 0.0373 3885.11
2.39E+09 0.0379 3880.81
2.42E+09 0.0439 3875.97
2.45E+09 0.0432 3871.05
2.47E+09 0.0399 3867.03
2.49E+09 0.0370 3863.61
2.52E+09 0.0323 3859.96
2.55E+09 0.0373 3855.97
2.57E+09 0.0376 3852.52
2.60E+09 0.0338 3848.74
2.63E+09 0.0334 3845.07
2.66E+09 0.0352 3840.98
2.68E+09 0.0380 3836.96
2.71E+09 0.0359 3832.49
2.74E+09 0.0317 3828.79
2.77E+09 0.0323 3824.51
2.81E+09 0.0316 3820.46
2.84E+09 0.0314 3816.72
2.86E+09 0.0287 3813.11
2.90E+09 0.0319 3809.45
2.93E+09 0.0319 3805.11
2.96E+09 0.0310 3801.39
2.99E+09 0.0276 3797.67
3.03E+09 0.0269 3793.96
3.05E+09 0.0273 3790.89
3.09E+09 0.0268 3787.27
3.12E+09 0.0256 3783.21
3.16E+09 0.0254 3779.28
3.20E+09 0.0264 3774.97
3.24E+09 0.0243 3770.88
3.28E+09 0.0243 3767.33
3.32E+09 0.0253 3763.11
3.37E+09 0.0252 3758.22
3.41E+09 0.0228 3754.35
3.45E+09 0.0205 3750.5
3.50E+09 0.0224 3746.67
3.55E+09 0.0236 3742.14
3.59E+09 0.0256 3737.35
3.64E+09 0.0232 3733.15
3.68E+09 0.0204 3729.38
3.72E+09 0.0204 3725.72
3.77E+09 0.0200 3722.27
3.81E+09 0.0186 3718.78
3.86E+09 0.0182 3715.3
3.91E+09 0.0219 3711.16
3.96E+09 0.0197 3707.1
4.00E+09 0.0171 3703.67
4.04E+09 0.0155 3700.99
4.08E+09 0.0184 3698.19
4.13E+09 0.0167 3695.22
4.17E+09 0.0152 3692.32
4.22E+09 0.0157 3689.25
4.27E+09 0.0166 3686.12
4.32E+09 0.0168 3682.97
4.36E+09 0.0140 3680.05
4.41E+09 0.0145 3677.4
4.46E+09 0.0153 3674.4
4.51E+09 0.0139 3671.34
4.56E+09 0.0119 3668.61
4.61E+09 0.0148 3665.95
4.67E+09 0.0130 3662.96
4.73E+09 0.0142 3659.7
4.78E+09 0.0133 3656.65
4.84E+09 0.0142 3653.71
4.89E+09 0.0146 3650.54
4.94E+09 0.0136 3647.61
5.00E+09 0.0120 3644.76
