0.00E+00 -0.4850 4811.24
1.10E+08 0.2285 4755.27
1.38E+08 0.2166 4734.86
1.77E+08 0.2164 4707.13
2.22E+08 0.2071 4675.33
2.83E+08 0.2119 4632.35
3.25E+08 0.2032 4603.88
3.60E+08 0.2035 4579.99
3.80E+08 0.1957 4566.99
3.97E+08 0.1946 4556.02
4.15E+08 0.1920 4544.66
4.34E+08 0.1933 4531.98
4.51E+08 0.1945 4521.26
4.74E+08 0.1895 4506.83
4.89E+08 0.1882 4497.07
5.04E+08 0.1812 4487.91
5.17E+08 0.1795 4480.12
5.37E+08 0.1883 4468.2
5.60E+08 0.1831 4453.61
5.73E+08 0.1808 4446
5.86E+08 0.1748 4438.35
5.95E+08 0.1696 4433.29
6.03E+08 0.1670 4428.54
6.21E+08 0.1751 4418.53
6.37E+08 0.1711 4409.06
6.49E+08 0.1694 4402.34
6.62E+08 0.1665 4395.37
6.75E+08 0.1588 4388.02
6.86E+08 0.1533 4382.54
6.94E+08 0.1526 4378.28
7.08E+08 0.1548 4371.16
7.17E+08 0.1513 4366.55
7.32E+08 0.1413 4359.33
7.40E+08 0.1410 4355.51
7.52E+08 0.1412 4349.98
7.69E+08 0.1393 4342.34
7.76E+08 0.1363 4338.84
7.89E+08 0.1380 4333.06
8.03E+08 0.1400 4326.77
8.15E+08 0.1339 4321.35
8.26E+08 0.1291 4316.23
8.39E+08 0.1263 4310.67
8.54E+08 0.1374 4304.27
8.76E+08 0.1347 4294.57
8.93E+08 0.1323 4286.73
9.07E+08 0.1249 4280.84
9.20E+08 0.1130 4275.89
9.32E+08 0.1240 4270.71
9.46E+08 0.1146 4265.49
9.62E+08 0.1227 4259.17
9.73E+08 0.1177 4254.56
9.89E+08 0.1127 4248.95
1.00E+09 0.1142 4244.78
1.01E+09 0.1072 4239.72
1.03E+09 0.1156 4234.82
1.03E+09 0.1118 4232.02
1.05E+09 0.1097 4227.95
1.06E+09 0.1090 4223.36
1.07E+09 0.1079 4218.75
1.08E+09 0.1054 4214.07
1.10E+09 0.1053 4208.66
1.11E+09 0.0993 4204.15
1.13E+09 0.1052 4199.5
1.14E+09 0.0978 4194.69
1.15E+09 0.1077 4189.97
1.17E+09 0.0964 4186.07
1.18E+09 0.0999 4181.69
1.19E+09 0.0959 4177.7
1.21E+09 0.1022 4172.66
1.22E+09 0.1002 4168.31
1.23E+09 0.0911 4164.02
1.24E+09 0.0897 4160.89
1.26E+09 0.0950 4157.32
1.27E+09 0.0955 4153.39
1.28E+09 0.0898 4150.26
1.29E+09 0.0956 4145.96
1.30E+09 0.0923 4142.36
1.32E+09 0.0963 4137.74
1.33E+09 0.0913 4133.79
1.35E+09 0.0916 4128.88
1.36E+09 0.0928 4124.61
1.37E+09 0.0859 4121.08
1.38E+09 0.0827 4118.1
1.39E+09 0.0846 4115.08
1.41E+09 0.0823 4112.15
1.42E+09 0.0922 4108.96
1.43E+09 0.0891 4104.77
1.44E+09 0.0845 4101.1
1.45E+09 0.0836 4097.91
1.47E+09 0.0879 4094.77
1.48E+09 0.0916 4091.94
1.49E+09 0.0819 4088.77
1.50E+09 0.0824 4085.87
1.51E+09 0.0833 4082.42
1.52E+09 0.0813 4079.76
1.53E+09 0.0820 4076.57
1.54E+09 0.0802 4073.57
1.55E+09 0.0824 4070.56
1.56E+09 0.0786 4067.66
1.58E+09 0.0800 4064.73
1.59E+09 0.0798 4061.78
1.60E+09 0.0753 4059.16
1.61E+09 0.0808 4056.13
1.62E+09 0.0773 4053.29
1.63E+09 0.0791 4050.34
1.64E+09 0.0777 4047.29
1.65E+09 0.0748 4044.4
1.66E+09 0.0762 4041.62
1.68E+09 0.0766 4038.76
1.69E+09 0.0742 4035.42
1.70E+09 0.0767 4032.94
1.71E+09 0.0792 4029.18
1.72E+09 0.0773 4026.34
1.74E+09 0.0731 4023.34
1.75E+09 0.0718 4020.55
1.76E+09 0.0708 4017.39
1.77E+09 0.0706 4014.36
1.79E+09 0.0695 4011.77
1.80E+09 0.0715 4009.06
1.81E+09 0.0717 4006.56
1.82E+09 0.0700 4003.57
1.83E+09 0.0717 4001.21
1.85E+09 0.0672 3997.98
1.86E+09 0.0676 3995.6
1.87E+09 0.0711 3992.38
1.88E+09 0.0696 3989.51
1.90E+09 0.0673 3986.24
1.91E+09 0.0663 3983.14
1.92E+09 0.0678 3980.13
1.94E+09 0.0652 3977.05
1.95E+09 0.0681 3974.04
1.96E+09 0.0625 3971.25
1.98E+09 0.0630 3968.29
1.99E+09 0.0646 3964.99
2.01E+09 0.0621 3962.38
2.02E+09 0.0630 3959.04
2.04E+09 0.0613 3956.49
2.05E+09 0.0648 3953.3
2.06E+09 0.0653 3950.28
2.08E+09 0.0619 3947.61
2.09E+09 0.0623 3944.66
2.11E+09 0.0615 3941.66
2.12E+09 0.0601 3938.89
2.13E+09 0.0639 3936.23
2.15E+09 0.0585 3933.22
2.16E+09 0.0582 3930.72
2.17E+09 0.0577 3928.26
2.19E+09 0.0604 3925.43
2.20E+09 0.0599 3922.43
2.22E+09 0.0581 3919.39
2.23E+09 0.0602 3916.35
2.25E+09 0.0557 3913.53
2.26E+09 0.0530 3910.64
2.28E+09 0.0545 3908.14
2.29E+09 0.0548 3905.8
2.31E+09 0.0528 3903.19
2.32E+09 0.0547 3900.31
2.34E+09 0.0538 3897.31
2.36E+09 0.0572 3894.31
2.37E+09 0.0522 3891.62
2.39E+09 0.0511 3888.94
2.40E+09 0.0523 3886.07
2.42E+09 0.0499 3883.23
2.44E+09 0.0496 3880.36
2.45E+09 0.0518 3877.71
2.47E+09 0.0489 3875.05
2.48E+09 0.0505 3872.62
2.50E+09 0.0489 3869.99
2.52E+09 0.0493 3867.18
2.53E+09 0.0480 3864.67
2.55E+09 0.0489 3861.95
2.57E+09 0.0498 3859.13
2.58E+09 0.0485 3856.2
2.60E+09 0.0519 3853.64
2.62E+09 0.0470 3850.98
2.63E+09 0.0488 3848.22
2.65E+09 0.0492 3845.69
2.67E+09 0.0464 3842.88
2.68E+09 0.0445 3840.43
2.70E+09 0.0443 3837.88
2.72E+09 0.0428 3835.56
2.73E+09 0.0432 3833.07
2.75E+09 0.0426 3830.32
2.77E+09 0.0422 3827.9
2.79E+09 0.0419 3825.44
2.81E+09 0.0433 3822.91
2.82E+09 0.0421 3820.24
2.84E+09 0.0428 3817.49
2.86E+09 0.0429 3814.85
2.88E+09 0.0398 3812.39
2.90E+09 0.0427 3809.68
2.92E+09 0.0381 3807.2
2.94E+09 0.0423 3804.47
2.96E+09 0.0398 3802.13
2.98E+09 0.0390 3799.22
3.00E+09 0.0411 3796.5
3.02E+09 0.0404 3793.92
3.04E+09 0.0426 3790.99
3.06E+09 0.0415 3788.68
3.08E+09 0.0356 3785.99
3.10E+09 0.0368 3783.41
3.12E+09 0.0374 3781.05
3.14E+09 0.0376 3778.93
3.15E+09 0.0369 3776.65
3.18E+09 0.0351 3774.23
3.19E+09 0.0364 3772.08
3.21E+09 0.0352 3769.77
3.23E+09 0.0369 3767.67
3.25E+09 0.0337 3764.87
3.27E+09 0.0341 3762.94
3.29E+09 0.0326 3760.61
3.31E+09 0.0334 3758.35
3.34E+09 0.0346 3755.71
3.36E+09 0.0346 3753.26
3.38E+09 0.0330 3751.04
3.40E+09 0.0331 3748.87
3.42E+09 0.0324 3746.37
3.44E+09 0.0348 3743.93
3.46E+09 0.0326 3741.59
3.49E+09 0.0304 3738.99
3.51E+09 0.0342 3736.58
3.53E+09 0.0334 3734.53
3.56E+09 0.0306 3731.91
3.58E+09 0.0311 3729.21
3.61E+09 0.0352 3725.68
3.65E+09 0.0307 3722.01
3.68E+09 0.0322 3718.58
3.71E+09 0.0298 3715.49
3.74E+09 0.0300 3712.46
3.76E+09 0.0281 3710.31
3.79E+09 0.0266 3707.95
3.81E+09 0.0287 3706.04
3.84E+09 0.0265 3703.49
3.86E+09 0.0285 3701.33
3.89E+09 0.0263 3698.74
3.91E+09 0.0253 3696.69
3.94E+09 0.0254 3694.76
3.97E+09 0.0257 3692.42
3.98E+09 0.0267 3690.83
4.01E+09 0.0261 3688.58
4.04E+09 0.0269 3686.29
4.06E+09 0.0268 3683.7
4.09E+09 0.0277 3680.99
4.12E+09 0.0260 3679.05
4.15E+09 0.0252 3676.6
4.17E+09 0.0258 3674.18
4.20E+09 0.0246 3672.04
4.23E+09 0.0241 3669.58
4.26E+09 0.0221 3667.48
4.29E+09 0.0241 3665.35
4.32E+09 0.0255 3662.82
4.34E+09 0.0255 3660.62
4.37E+09 0.0235 3658.2
4.40E+09 0.0249 3655.8
4.43E+09 0.0229 3653.85
4.46E+09 0.0219 3651.69
4.48E+09 0.0217 3649.87
4.51E+09 0.0204 3647.81
4.54E+09 0.0219 3645.61
4.57E+09 0.0223 3643.5
4.60E+09 0.0220 3641.34
4.63E+09 0.0237 3639.08
4.66E+09 0.0210 3636.72
4.69E+09 0.0212 3634.6
4.72E+09 0.0217 3632.33
4.75E+09 0.0211 3630.43
4.79E+09 0.0196 3628.11
4.83E+09 0.0184 3625.62
4.85E+09 0.0195 3624.12
4.88E+09 0.0202 3621.93
4.91E+09 0.0198 3620.1
4.94E+09 0.0195 3617.94
4.97E+09 0.0185 3616.1
