0.00E+00 -0.6432 5527.01
3.03E+08 0.1255 5248.78
4.10E+08 0.1249 5153.82
4.95E+08 0.1121 5086.18
5.70E+08 0.1050 5030.78
6.40E+08 0.0983 4981.74
7.01E+08 0.0929 4941.62
7.58E+08 0.0879 4906.47
8.14E+08 0.0846 4873.51
8.69E+08 0.0806 4841.94
9.22E+08 0.0792 4813.21
9.75E+08 0.0805 4784.04
9.86E+08 0.0929 4777.59
1.00E+09 0.1469 4765.05
1.06E+09 0.1127 4710.86
1.22E+09 0.1100 4591.16
1.31E+09 0.0890 4531.63
1.47E+09 0.0749 4439.29
1.63E+09 0.0608 4366.78
1.76E+09 0.0525 4314.39
1.89E+09 0.0635 4260.37
2.00E+09 0.0546 4218.41
2.09E+09 0.0466 4186.09
2.17E+09 0.0405 4162.86
2.23E+09 0.0427 4145.03
2.31E+09 0.0447 4122.66
2.35E+09 0.0438 4108.48
2.38E+09 0.0490 4100.42
2.41E+09 0.0428 4090.9
2.46E+09 0.0370 4078.63
2.50E+09 0.0352 4068
2.54E+09 0.0367 4056.81
2.59E+09 0.0331 4047.01
2.63E+09 0.0297 4037.08
2.68E+09 0.0278 4027.83
2.72E+09 0.0301 4019.21
2.76E+09 0.0301 4011.02
2.81E+09 0.0284 4002.17
2.85E+09 0.0265 3993.74
2.90E+09 0.0278 3985.2
2.95E+09 0.0261 3976.21
2.99E+09 0.0228 3968.11
3.05E+09 0.0210 3960.29
3.10E+09 0.0242 3952.81
3.14E+09 0.0248 3945.79
3.19E+09 0.0198 3938.2
3.25E+09 0.0201 3929.33
3.30E+09 0.0198 3922.37
3.36E+09 0.0183 3915.12
3.41E+09 0.0188 3908.46
3.47E+09 0.0189 3901.57
3.53E+09 0.0180 3894.03
3.59E+09 0.0161 3886.39
3.65E+09 0.0152 3879.56
3.72E+09 0.0156 3872.77
3.78E+09 0.0149 3866.29
3.85E+09 0.0143 3859.58
3.91E+09 0.0135 3853.29
3.99E+09 0.0131 3846.96
4.05E+09 0.0136 3840.88
4.12E+09 0.0127 3834.6
4.20E+09 0.0124 3827.91
4.27E+09 0.0111 3821.99
4.36E+09 0.0109 3815.79
4.44E+09 0.0104 3810
4.51E+09 0.0099 3804.7
4.59E+09 0.0092 3799.64
4.67E+09 0.0095 3794.73
4.74E+09 0.0090 3789.82
4.83E+09 0.0085 3784.7
4.91E+09 0.0088 3779.74
4.99E+09 0.0083 3775.21
