0.00E+00 -0.6596 5478.61
1.52E+08 0.2014 5405.48
1.97E+08 0.2039 5380.33
2.14E+08 0.2063 5370.56
2.16E+08 0.2339 5369.33
2.18E+08 0.2739 5367.59
2.26E+08 0.2731 5361.41
2.41E+08 0.2707 5349.59
2.52E+08 0.3066 5340.14
2.56E+08 0.3380 5336.46
2.74E+08 0.2983 5320.24
3.15E+08 0.2950 5285.96
3.35E+08 0.3156 5267.87
3.93E+08 0.2977 5217.27
4.16E+08 0.3177 5197.07
4.66E+08 0.2974 5151.49
5.05E+08 0.2810 5119.23
5.37E+08 0.2710 5093.54
5.62E+08 0.2671 5073.8
5.85E+08 0.2678 5055.51
6.03E+08 0.2652 5041.28
6.19E+08 0.2860 5029.19
6.34E+08 0.2841 5015.99
6.51E+08 0.2731 5002.86
6.67E+08 0.2743 4989.39
6.85E+08 0.2619 4975.84
7.00E+08 0.2598 4964.38
7.12E+08 0.2533 4955.41
7.28E+08 0.2606 4943.14
7.43E+08 0.2504 4931.93
7.56E+08 0.2315 4922.91
7.67E+08 0.2443 4915.3
7.79E+08 0.2338 4906.85
7.88E+08 0.2285 4900.83
7.99E+08 0.2440 4893.84
8.08E+08 0.2336 4887.16
8.19E+08 0.2362 4879.6
8.31E+08 0.2297 4871.98
8.40E+08 0.2306 4865.5
8.52E+08 0.2249 4857.77
8.61E+08 0.2248 4851.48
8.72E+08 0.2155 4844.51
8.83E+08 0.2267 4837.52
8.94E+08 0.2175 4830.75
9.04E+08 0.2211 4824.34
9.14E+08 0.2129 4817.9
9.23E+08 0.2093 4812.15
9.33E+08 0.2121 4806.12
9.42E+08 0.2132 4800.37
9.54E+08 0.2171 4792.91
9.66E+08 0.2140 4785.69
9.76E+08 0.2081 4779.53
9.84E+08 0.2101 4774.61
9.97E+08 0.2037 4766.84
1.01E+09 0.2102 4760.33
1.02E+09 0.1994 4754.87
1.03E+09 0.2087 4749.32
1.04E+09 0.2068 4742.32
1.05E+09 0.2040 4737.35
1.05E+09 0.1938 4732.39
1.06E+09 0.1981 4727.98
1.07E+09 0.1912 4721.42
1.08E+09 0.1926 4715.44
1.09E+09 0.1958 4709.49
1.11E+09 0.1942 4703.36
1.12E+09 0.1956 4697.81
1.12E+09 0.1886 4692.78
1.13E+09 0.1857 4688.35
1.14E+09 0.1853 4683.98
1.15E+09 0.1794 4679.73
1.16E+09 0.1884 4675.42
1.16E+09 0.1854 4671.47
1.17E+09 0.1832 4667.06
1.18E+09 0.1740 4663.55
1.19E+09 0.1836 4658.97
1.20E+09 0.1791 4654.76
1.20E+09 0.1767 4650.51
1.21E+09 0.1798 4646.41
1.22E+09 0.1702 4641.89
1.23E+09 0.1740 4638.15
1.24E+09 0.1733 4634.07
1.25E+09 0.1755 4628.9
1.25E+09 0.1676 4624.69
1.26E+09 0.1753 4620.42
1.27E+09 0.1790 4615.76
1.28E+09 0.1810 4610.4
1.29E+09 0.1731 4604.72
1.30E+09 0.1663 4599.75
1.31E+09 0.1728 4595.6
1.32E+09 0.1712 4591.55
1.33E+09 0.1646 4586.68
1.34E+09 0.1613 4581.73
1.35E+09 0.1668 4577.72
1.36E+09 0.1553 4573.86
1.37E+09 0.1642 4569.26
1.37E+09 0.1612 4565.25
1.38E+09 0.1610 4560.47
1.39E+09 0.1672 4555.98
1.40E+09 0.1685 4552.11
1.41E+09 0.1577 4547.85
1.42E+09 0.1538 4542.9
1.43E+09 0.1619 4538.64
1.44E+09 0.1589 4533.78
1.45E+09 0.1545 4528.81
1.46E+09 0.1529 4524.85
1.47E+09 0.1587 4520.12
1.48E+09 0.1588 4515.96
1.49E+09 0.1516 4511.26
1.50E+09 0.1560 4506.97
1.51E+09 0.1543 4503.16
1.52E+09 0.1499 4499.56
1.53E+09 0.1369 4495.31
1.54E+09 0.1485 4492.02
1.55E+09 0.1449 4487.79
1.55E+09 0.1471 4484.05
1.56E+09 0.1544 4479.67
1.57E+09 0.1458 4475.34
1.58E+09 0.1371 4471.56
1.59E+09 0.1398 4467.5
1.60E+09 0.1414 4464.04
1.61E+09 0.1416 4459.87
1.62E+09 0.1373 4456.06
1.63E+09 0.1397 4452.15
1.64E+09 0.1378 4447.53
1.65E+09 0.1402 4443.34
1.66E+09 0.1343 4439.35
1.67E+09 0.1353 4435.41
1.68E+09 0.1384 4431.71
1.69E+09 0.1312 4427.7
1.70E+09 0.1367 4423.83
1.71E+09 0.1413 4418.92
1.72E+09 0.1378 4415.55
1.73E+09 0.1302 4411.33
1.74E+09 0.1273 4407.01
1.75E+09 0.1302 4403.21
1.77E+09 0.1292 4399.12
1.78E+09 0.1263 4395.21
1.79E+09 0.1241 4390.99
1.80E+09 0.1324 4387.18
1.81E+09 0.1240 4382.28
1.82E+09 0.1226 4377.76
1.83E+09 0.1261 4373.89
1.84E+09 0.1333 4369.47
1.86E+09 0.1322 4364.42
1.87E+09 0.1271 4359.7
1.88E+09 0.1184 4355.73
1.89E+09 0.1235 4351.72
1.91E+09 0.1270 4347.17
1.92E+09 0.1230 4343.32
1.93E+09 0.1163 4339.76
1.94E+09 0.1136 4336.34
1.95E+09 0.1218 4332.97
1.96E+09 0.1235 4329.84
1.97E+09 0.1222 4325.6
1.98E+09 0.1129 4321.65
1.99E+09 0.1053 4318.47
2.00E+09 0.1096 4315.23
2.01E+09 0.1192 4311.46
2.02E+09 0.1102 4307.24
2.03E+09 0.1067 4303.59
2.05E+09 0.1230 4299.87
2.06E+09 0.1159 4295.48
2.07E+09 0.1104 4291.37
2.08E+09 0.1161 4287.4
2.09E+09 0.1070 4283.9
2.10E+09 0.1029 4280.5
2.12E+09 0.1145 4276.79
2.13E+09 0.1069 4272.59
2.14E+09 0.0980 4268.7
2.16E+09 0.1087 4264.92
2.17E+09 0.1055 4261.36
2.18E+09 0.0992 4257.67
2.19E+09 0.1072 4253.03
2.21E+09 0.1069 4247.57
2.23E+09 0.1072 4241.93
2.24E+09 0.1018 4237.71
2.26E+09 0.0969 4234.38
2.27E+09 0.0998 4230.65
2.28E+09 0.1035 4227.49
2.29E+09 0.0953 4223.5
2.31E+09 0.1031 4219.15
2.32E+09 0.1049 4214.06
2.34E+09 0.1026 4208.53
2.36E+09 0.0994 4204.04
2.38E+09 0.0972 4199.16
2.39E+09 0.0960 4194.14
2.41E+09 0.0893 4188.77
2.43E+09 0.0887 4184.91
2.45E+09 0.1005 4180.26
2.47E+09 0.0985 4173.97
2.49E+09 0.0939 4167.76
2.51E+09 0.0888 4162.92
2.52E+09 0.0900 4158.39
2.54E+09 0.0894 4153.33
2.56E+09 0.0913 4148.41
2.58E+09 0.0871 4144.3
2.59E+09 0.0807 4140.29
2.61E+09 0.0833 4137.09
2.62E+09 0.0874 4133.13
2.64E+09 0.0776 4128.95
2.66E+09 0.0812 4125.21
2.67E+09 0.0746 4121.62
2.69E+09 0.0796 4118.31
2.70E+09 0.0859 4114.39
2.72E+09 0.0819 4109.42
2.74E+09 0.0752 4105.59
2.76E+09 0.0728 4101.82
2.78E+09 0.0753 4098.06
2.80E+09 0.0773 4093.63
2.82E+09 0.0809 4089.21
2.83E+09 0.0758 4084.8
2.85E+09 0.0699 4080.46
2.87E+09 0.0746 4076.6
2.89E+09 0.0776 4072.07
2.92E+09 0.0753 4067.23
2.94E+09 0.0739 4062.26
2.96E+09 0.0688 4058.27
2.98E+09 0.0677 4054.21
3.00E+09 0.0710 4050.53
3.02E+09 0.0657 4046.59
3.03E+09 0.0610 4043.32
3.05E+09 0.0659 4040.08
3.07E+09 0.0679 4037.03
3.08E+09 0.0639 4033.68
3.10E+09 0.0642 4030.66
3.12E+09 0.0651 4027.04
3.14E+09 0.0630 4023.39
3.16E+09 0.0591 4020.08
3.18E+09 0.0590 4016.95
3.20E+09 0.0557 4014
3.21E+09 0.0535 4011.43
3.23E+09 0.0562 4008.82
3.25E+09 0.0622 4005.7
3.26E+09 0.0562 4002.54
3.28E+09 0.0577 3999.3
3.30E+09 0.0634 3995.93
3.33E+09 0.0603 3991.82
3.35E+09 0.0549 3988.39
3.36E+09 0.0571 3985.26
3.38E+09 0.0558 3982.08
3.40E+09 0.0489 3979.07
3.42E+09 0.0509 3976.49
3.44E+09 0.0538 3974.09
3.45E+09 0.0484 3971.6
3.48E+09 0.0586 3968.48
3.49E+09 0.0546 3965.43
3.51E+09 0.0482 3962.63
3.53E+09 0.0447 3959.82
3.55E+09 0.0550 3956.74
3.57E+09 0.0513 3953.56
3.60E+09 0.0495 3950.21
3.62E+09 0.0525 3947
3.64E+09 0.0482 3943.97
3.66E+09 0.0450 3940.98
3.68E+09 0.0483 3938.56
3.70E+09 0.0429 3936.23
3.72E+09 0.0454 3933.76
3.73E+09 0.0437 3931.61
3.75E+09 0.0434 3928.92
3.77E+09 0.0450 3926.43
3.79E+09 0.0448 3923.71
3.81E+09 0.0423 3921.15
3.83E+09 0.0388 3918.91
3.85E+09 0.0443 3916.45
3.87E+09 0.0410 3914.17
3.89E+09 0.0427 3911.62
3.91E+09 0.0387 3909.25
3.93E+09 0.0430 3907.14
3.95E+09 0.0407 3904.71
3.97E+09 0.0417 3902.08
3.99E+09 0.0407 3899.54
4.01E+09 0.0399 3897.12
4.04E+09 0.0375 3894.71
4.06E+09 0.0411 3892.31
4.08E+09 0.0398 3889.74
4.10E+09 0.0360 3887.47
4.12E+09 0.0380 3885.31
4.14E+09 0.0389 3882.85
4.17E+09 0.0400 3880.14
4.19E+09 0.0370 3877.81
4.21E+09 0.0368 3875.4
4.23E+09 0.0387 3873.07
4.25E+09 0.0347 3870.73
4.28E+09 0.0335 3868.36
4.30E+09 0.0355 3866.22
4.32E+09 0.0341 3864.33
4.34E+09 0.0339 3862.02
4.36E+09 0.0379 3859.66
4.38E+09 0.0326 3857.2
4.41E+09 0.0339 3854.81
4.43E+09 0.0331 3852.75
4.46E+09 0.0323 3850.28
4.48E+09 0.0352 3848.15
4.50E+09 0.0345 3845.94
4.52E+09 0.0309 3843.58
4.55E+09 0.0312 3841.37
4.57E+09 0.0315 3839.31
4.60E+09 0.0325 3836.79
4.62E+09 0.0308 3834.46
4.65E+09 0.0319 3832.13
4.68E+09 0.0295 3829.7
4.70E+09 0.0307 3827.56
4.73E+09 0.0326 3825.27
4.75E+09 0.0298 3822.98
4.78E+09 0.0290 3820.8
4.80E+09 0.0289 3819.06
4.82E+09 0.0282 3816.93
4.85E+09 0.0300 3814.88
4.87E+09 0.0279 3812.83
4.90E+09 0.0308 3810.68
4.92E+09 0.0274 3808.64
4.95E+09 0.0315 3806.1
4.98E+09 0.0304 3803.8
