0.00E+00 -0.5351 4993.35
2.36E+08 0.1177 4886.4
3.03E+08 0.1156 4853.57
3.52E+08 0.1211 4830.25
3.57E+08 0.1256 4827.88
3.62E+08 0.1394 4825.54
3.73E+08 0.1512 4819.28
3.95E+08 0.1585 4806.06
4.06E+08 0.1915 4798.79
4.12E+08 0.1903 4793.91
4.67E+08 0.1698 4758.06
5.01E+08 0.2146 4734.05
5.75E+08 0.1685 4681.14
6.70E+08 0.1513 4621.69
7.62E+08 0.1367 4570.17
8.37E+08 0.1263 4531.86
9.02E+08 0.1550 4498.17
9.35E+08 0.1606 4478.16
9.85E+08 0.1397 4449.19
1.02E+09 0.1392 4428.87
1.06E+09 0.1401 4411.07
1.09E+09 0.1353 4393.46
1.12E+09 0.1242 4377.52
1.14E+09 0.1243 4366.13
1.17E+09 0.1197 4352.46
1.21E+09 0.1182 4335.4
1.24E+09 0.1018 4322.23
1.27E+09 0.1124 4309.22
1.30E+09 0.0970 4295.85
1.33E+09 0.1076 4286.98
1.35E+09 0.1018 4275.31
1.37E+09 0.0994 4268.41
1.39E+09 0.1033 4260.38
1.41E+09 0.0964 4252.39
1.43E+09 0.0833 4246.59
1.44E+09 0.0964 4241.98
1.46E+09 0.0868 4234.11
1.48E+09 0.0984 4227.65
1.50E+09 0.0939 4220.18
1.52E+09 0.0871 4213.13
1.54E+09 0.0850 4206.8
1.56E+09 0.0893 4201.39
1.58E+09 0.0878 4195.16
1.60E+09 0.0800 4188.32
1.61E+09 0.0763 4183.1
1.63E+09 0.0811 4178.44
1.65E+09 0.0804 4172.81
1.67E+09 0.0803 4166.12
1.69E+09 0.0807 4159.01
1.72E+09 0.0825 4151.15
1.74E+09 0.0778 4142.65
1.76E+09 0.0752 4136.36
1.79E+09 0.0727 4130.22
1.81E+09 0.0745 4123.11
1.83E+09 0.0721 4117.29
1.85E+09 0.0688 4112.01
1.87E+09 0.0631 4107.09
1.89E+09 0.0639 4101.85
1.91E+09 0.0650 4096.96
1.93E+09 0.0662 4090.72
1.95E+09 0.0666 4085.65
1.98E+09 0.0668 4078.22
2.01E+09 0.0641 4072.03
2.03E+09 0.0589 4066.63
2.05E+09 0.0564 4060.92
2.08E+09 0.0596 4055.91
2.10E+09 0.0561 4050.85
2.12E+09 0.0532 4046.81
2.14E+09 0.0567 4042.35
2.16E+09 0.0588 4037.75
2.18E+09 0.0549 4033.04
2.20E+09 0.0517 4028.24
2.23E+09 0.0479 4022.98
2.25E+09 0.0469 4018.69
2.28E+09 0.0496 4014.44
2.30E+09 0.0521 4010.01
2.32E+09 0.0523 4005.36
2.34E+09 0.0484 4000.77
2.37E+09 0.0523 3994.87
2.40E+09 0.0478 3989.85
2.43E+09 0.0481 3984.95
2.46E+09 0.0442 3979.74
2.48E+09 0.0428 3976.21
2.50E+09 0.0468 3971.99
2.53E+09 0.0509 3966.77
2.56E+09 0.0444 3961.59
2.59E+09 0.0401 3956.53
2.61E+09 0.0446 3952.06
2.64E+09 0.0441 3946.43
2.68E+09 0.0408 3940.65
2.71E+09 0.0396 3936.14
2.74E+09 0.0392 3931.33
2.77E+09 0.0396 3926.34
2.81E+09 0.0445 3920.87
2.84E+09 0.0382 3915.12
2.87E+09 0.0358 3910.37
2.91E+09 0.0403 3905.15
2.95E+09 0.0371 3899.42
2.98E+09 0.0336 3894.73
3.02E+09 0.0329 3890.21
3.05E+09 0.0380 3885.59
3.08E+09 0.0353 3880.77
3.12E+09 0.0327 3875.72
3.16E+09 0.0304 3871.39
3.20E+09 0.0327 3866.79
3.23E+09 0.0319 3861.85
3.27E+09 0.0306 3857.57
3.31E+09 0.0278 3853.19
3.35E+09 0.0276 3849.06
3.39E+09 0.0270 3844.74
3.43E+09 0.0304 3840.26
3.47E+09 0.0301 3835.51
3.51E+09 0.0249 3831.31
3.55E+09 0.0248 3827.13
3.59E+09 0.0274 3822.85
3.64E+09 0.0252 3817.9
3.68E+09 0.0238 3814
3.72E+09 0.0233 3810.09
3.77E+09 0.0224 3805.97
3.81E+09 0.0245 3801.8
3.86E+09 0.0225 3797.86
3.91E+09 0.0226 3793.32
3.95E+09 0.0203 3789.25
4.00E+09 0.0200 3785.59
4.05E+09 0.0199 3781.98
4.10E+09 0.0186 3778.38
4.15E+09 0.0194 3774.59
4.19E+09 0.0187 3771.14
4.24E+09 0.0190 3767.71
4.29E+09 0.0212 3763.95
4.34E+09 0.0194 3760.12
4.38E+09 0.0173 3756.68
4.44E+09 0.0198 3752.99
4.49E+09 0.0174 3749.29
4.54E+09 0.0170 3745.8
4.59E+09 0.0159 3742.44
4.65E+09 0.0172 3738.95
4.69E+09 0.0166 3735.58
4.75E+09 0.0162 3732.38
4.80E+09 0.0148 3729.3
4.84E+09 0.0163 3726.5
4.90E+09 0.0153 3723
4.95E+09 0.0146 3720.08
