0.00E+00 -0.4509 4580.54
3.40E+07 0.2369 4569.49
4.02E+07 0.2839 4565.63
4.61E+07 0.3268 4561.21
5.52E+07 0.3423 4553.8
6.58E+07 0.3166 4545.29
8.26E+07 0.3075 4532.59
1.06E+08 0.2726 4516.58
1.23E+08 0.2746 4504.97
1.42E+08 0.2647 4493.05
1.58E+08 0.2748 4482.48
1.72E+08 0.3081 4472.13
1.93E+08 0.3075 4456.57
2.10E+08 0.2976 4444.3
2.20E+08 0.2910 4436.61
2.30E+08 0.2828 4429.83
2.38E+08 0.2785 4424.86
2.45E+08 0.2740 4419.88
2.53E+08 0.2730 4414.66
2.61E+08 0.2684 4409.35
2.69E+08 0.2641 4403.93
2.76E+08 0.2616 4399.86
2.83E+08 0.2583 4395.66
2.90E+08 0.2548 4390.87
2.98E+08 0.2513 4386.31
3.04E+08 0.2486 4382.26
3.12E+08 0.2444 4377.8
3.18E+08 0.2408 4373.96
3.24E+08 0.2380 4370.68
3.30E+08 0.2365 4367.43
3.38E+08 0.2319 4362.91
3.45E+08 0.2298 4358.77
3.54E+08 0.2265 4354.12
3.60E+08 0.2225 4350.7
3.66E+08 0.2191 4347.25
3.74E+08 0.2161 4343.19
3.81E+08 0.2130 4339.61
3.87E+08 0.2105 4336.51
3.93E+08 0.2070 4333.29
4.00E+08 0.2050 4330.03
4.07E+08 0.2019 4326.59
4.14E+08 0.1986 4323.01
4.20E+08 0.1965 4320.21
4.28E+08 0.1948 4316.37
4.35E+08 0.1921 4313.02
4.43E+08 0.1879 4309.55
4.51E+08 0.1856 4305.85
4.59E+08 0.1825 4302.24
4.68E+08 0.1790 4298.63
4.76E+08 0.1766 4294.86
4.85E+08 0.1741 4291.14
4.93E+08 0.1695 4287.76
5.01E+08 0.1680 4284.63
5.09E+08 0.1651 4281.23
5.19E+08 0.1620 4277.63
5.28E+08 0.1582 4273.84
5.37E+08 0.1568 4270.68
5.46E+08 0.1520 4267.32
5.54E+08 0.1504 4264.08
5.63E+08 0.1479 4260.93
5.72E+08 0.1450 4257.78
5.78E+08 0.1445 4255.58
5.84E+08 0.1415 4253.73
5.89E+08 0.1411 4251.8
5.96E+08 0.1387 4249.63
6.02E+08 0.1377 4247.69
6.07E+08 0.1366 4245.96
6.13E+08 0.1357 4244.01
6.18E+08 0.1329 4242.26
6.25E+08 0.1321 4240.04
6.31E+08 0.1303 4238.05
6.38E+08 0.1297 4235.85
6.45E+08 0.1282 4233.89
6.51E+08 0.1274 4231.99
6.57E+08 0.1261 4230.01
6.62E+08 0.1266 4228.42
6.68E+08 0.1261 4226.61
6.74E+08 0.1252 4224.89
6.81E+08 0.1252 4222.93
6.87E+08 0.1236 4221.1
6.93E+08 0.1231 4219.34
6.98E+08 0.1218 4217.65
7.04E+08 0.1213 4215.96
7.09E+08 0.1225 4214.34
7.16E+08 0.1211 4212.57
7.21E+08 0.1209 4210.84
7.27E+08 0.1194 4209.21
7.32E+08 0.1189 4207.72
7.38E+08 0.1184 4206.15
7.43E+08 0.1179 4204.59
7.49E+08 0.1163 4202.83
7.54E+08 0.1170 4201.5
7.59E+08 0.1173 4200.15
7.64E+08 0.1186 4198.75
7.69E+08 0.1175 4197.18
7.75E+08 0.1184 4195.55
7.82E+08 0.1188 4193.65
7.88E+08 0.1189 4191.78
7.94E+08 0.1193 4190.1
8.00E+08 0.1194 4188.26
8.07E+08 0.1199 4186.48
8.12E+08 0.1219 4184.76
8.18E+08 0.1212 4183.06
8.24E+08 0.1224 4181.47
8.29E+08 0.1219 4179.99
8.33E+08 0.1236 4178.62
8.38E+08 0.1242 4177.28
8.43E+08 0.1231 4175.76
8.47E+08 0.1233 4174.55
8.51E+08 0.1234 4173.33
8.55E+08 0.1243 4172.19
8.59E+08 0.1247 4170.78
8.65E+08 0.1241 4169.19
8.70E+08 0.1240 4167.6
8.74E+08 0.1245 4166.34
8.79E+08 0.1241 4164.99
8.83E+08 0.1257 4163.58
8.88E+08 0.1254 4162.09
8.93E+08 0.1242 4160.68
8.97E+08 0.1257 4159.42
9.02E+08 0.1238 4157.85
9.07E+08 0.1243 4156.42
9.12E+08 0.1245 4154.92
9.17E+08 0.1240 4153.45
9.22E+08 0.1242 4151.96
9.27E+08 0.1240 4150.36
9.32E+08 0.1247 4148.82
9.38E+08 0.1238 4147.25
9.43E+08 0.1239 4145.71
9.48E+08 0.1250 4144.21
9.53E+08 0.1232 4142.71
9.58E+08 0.1248 4141.27
9.63E+08 0.1224 4139.69
9.68E+08 0.1231 4138.22
9.72E+08 0.1241 4136.82
9.77E+08 0.1233 4135.42
9.82E+08 0.1227 4134.05
9.86E+08 0.1241 4132.64
9.92E+08 0.1241 4131.05
9.97E+08 0.1242 4129.48
1.00E+09 0.1223 4127.84
1.01E+09 0.1225 4126.34
1.01E+09 0.1219 4124.74
1.02E+09 0.1233 4123.31
1.02E+09 0.1208 4121.59
1.03E+09 0.1219 4120.12
1.03E+09 0.1226 4118.33
1.04E+09 0.1226 4116.35
1.05E+09 0.1217 4114.36
1.06E+09 0.1215 4112.19
1.06E+09 0.1220 4109.98
1.07E+09 0.1228 4107.71
1.08E+09 0.1214 4105.7
1.08E+09 0.1221 4103.75
1.09E+09 0.1216 4102.05
1.10E+09 0.1215 4100.35
1.10E+09 0.1212 4098.32
1.11E+09 0.1223 4096
1.12E+09 0.1204 4093.84
1.12E+09 0.1208 4092.01
1.13E+09 0.1213 4090.06
1.14E+09 0.1212 4088.14
1.15E+09 0.1217 4085.83
1.15E+09 0.1206 4083.4
1.16E+09 0.1204 4081.12
1.17E+09 0.1199 4079.05
1.18E+09 0.1187 4077.01
1.18E+09 0.1187 4074.82
1.19E+09 0.1201 4072.72
1.20E+09 0.1194 4070.43
1.21E+09 0.1177 4068.46
1.21E+09 0.1184 4066.47
1.22E+09 0.1175 4064.07
1.23E+09 0.1181 4061.88
1.24E+09 0.1178 4059.74
1.24E+09 0.1161 4057.74
1.25E+09 0.1166 4055.88
1.26E+09 0.1155 4054.17
1.26E+09 0.1167 4051.94
1.27E+09 0.1162 4049.79
1.28E+09 0.1152 4047.47
1.29E+09 0.1150 4045.24
1.29E+09 0.1146 4043.27
1.30E+09 0.1142 4041.22
1.31E+09 0.1140 4039.34
1.32E+09 0.1147 4037.35
1.32E+09 0.1127 4035.01
1.33E+09 0.1132 4032.62
1.34E+09 0.1132 4030.46
1.35E+09 0.1122 4028.46
1.36E+09 0.1121 4026.33
1.36E+09 0.1109 4024.15
1.37E+09 0.1117 4022.16
1.38E+09 0.1108 4020.25
1.39E+09 0.1109 4018.12
1.39E+09 0.1110 4016.03
1.40E+09 0.1097 4013.87
1.41E+09 0.1108 4011.28
1.42E+09 0.1098 4008.92
1.43E+09 0.1088 4006.67
1.44E+09 0.1085 4004.22
1.45E+09 0.1083 4001.84
1.45E+09 0.1080 3999.99
1.46E+09 0.1087 3998.14
1.47E+09 0.1072 3996.02
1.48E+09 0.1071 3994.22
1.48E+09 0.1054 3992.47
1.49E+09 0.1067 3990.74
1.50E+09 0.1073 3988.77
1.51E+09 0.1064 3986.63
1.51E+09 0.1050 3984.63
1.52E+09 0.1060 3982.82
1.53E+09 0.1046 3980.64
1.54E+09 0.1040 3978.84
1.54E+09 0.1047 3976.99
1.55E+09 0.1034 3975.15
1.56E+09 0.1033 3973.07
1.57E+09 0.1026 3971.31
1.58E+09 0.1033 3969.07
1.59E+09 0.1026 3966.81
1.59E+09 0.1019 3964.45
1.60E+09 0.1021 3962.27
1.61E+09 0.1019 3960.11
1.62E+09 0.1011 3957.87
1.63E+09 0.1009 3955.76
1.64E+09 0.1005 3953.6
1.65E+09 0.1008 3951.63
1.66E+09 0.1007 3949.39
1.66E+09 0.1001 3947.26
1.67E+09 0.0992 3945.35
1.68E+09 0.0991 3943.56
1.69E+09 0.0985 3941.84
1.70E+09 0.0986 3939.72
1.70E+09 0.0991 3937.75
1.71E+09 0.0979 3935.49
1.72E+09 0.0980 3933.49
1.73E+09 0.0978 3930.93
1.74E+09 0.0970 3928.87
1.75E+09 0.0960 3926.62
1.76E+09 0.0949 3924.68
1.77E+09 0.0955 3922.73
1.78E+09 0.0957 3920.65
1.79E+09 0.0947 3918.82
1.79E+09 0.0947 3916.99
1.80E+09 0.0949 3914.96
1.81E+09 0.0933 3912.84
1.82E+09 0.0942 3911
1.83E+09 0.0931 3909.19
1.84E+09 0.0930 3907.12
1.85E+09 0.0931 3904.85
1.86E+09 0.0936 3902.75
1.87E+09 0.0926 3900.7
1.88E+09 0.0920 3898.45
1.88E+09 0.0915 3896.48
1.89E+09 0.0907 3894.53
1.90E+09 0.0907 3892.67
1.91E+09 0.0909 3890.47
1.92E+09 0.0904 3888.4
1.93E+09 0.0903 3886.79
1.94E+09 0.0896 3884.91
1.95E+09 0.0894 3882.98
1.96E+09 0.0888 3881.03
1.97E+09 0.0888 3878.86
1.98E+09 0.0885 3876.49
1.99E+09 0.0875 3874.46
1.99E+09 0.0873 3872.58
2.00E+09 0.0867 3870.51
2.01E+09 0.0876 3868.48
2.02E+09 0.0867 3866.47
2.03E+09 0.0867 3864.23
2.04E+09 0.0856 3862.38
2.05E+09 0.0855 3860.3
2.06E+09 0.0861 3858.24
2.07E+09 0.0854 3855.96
2.08E+09 0.0849 3853.78
2.09E+09 0.0849 3851.65
2.11E+09 0.0842 3849.29
2.12E+09 0.0834 3847.41
2.13E+09 0.0836 3845.3
2.14E+09 0.0832 3843.48
2.15E+09 0.0819 3841.41
2.16E+09 0.0824 3839.32
2.17E+09 0.0819 3837.12
2.18E+09 0.0816 3834.86
2.19E+09 0.0813 3832.71
2.20E+09 0.0811 3830.48
2.21E+09 0.0812 3828.44
2.22E+09 0.0804 3826.26
2.23E+09 0.0807 3824.27
2.24E+09 0.0808 3821.85
2.26E+09 0.0801 3819.85
2.27E+09 0.0797 3817.75
2.28E+09 0.0789 3815.77
2.29E+09 0.0791 3813.75
2.30E+09 0.0784 3811.54
2.31E+09 0.0782 3809.39
2.32E+09 0.0774 3807.27
2.33E+09 0.0778 3805.53
2.34E+09 0.0766 3803.58
2.35E+09 0.0765 3801.61
2.36E+09 0.0768 3799.61
2.37E+09 0.0768 3797.3
2.39E+09 0.0760 3794.89
2.40E+09 0.0752 3792.52
2.41E+09 0.0749 3790.51
2.42E+09 0.0746 3788.51
2.43E+09 0.0746 3786.75
2.45E+09 0.0744 3784.54
2.45E+09 0.0732 3782.84
2.47E+09 0.0734 3780.93
2.48E+09 0.0730 3778.84
2.49E+09 0.0740 3776.81
2.50E+09 0.0729 3774.8
2.51E+09 0.0730 3772.93
2.52E+09 0.0718 3771.26
2.53E+09 0.0717 3769.45
2.54E+09 0.0719 3767.66
2.55E+09 0.0710 3765.63
2.56E+09 0.0714 3763.57
2.58E+09 0.0707 3761.71
2.59E+09 0.0701 3759.65
2.60E+09 0.0700 3757.6
2.61E+09 0.0695 3755.33
2.63E+09 0.0695 3753.3
2.64E+09 0.0688 3751.38
2.65E+09 0.0683 3749.5
2.66E+09 0.0681 3747.64
2.67E+09 0.0684 3745.8
2.68E+09 0.0679 3743.71
2.70E+09 0.0676 3741.63
2.71E+09 0.0678 3739.68
2.72E+09 0.0669 3737.78
2.73E+09 0.0667 3736.09
2.74E+09 0.0661 3734.27
2.75E+09 0.0667 3732.54
2.76E+09 0.0659 3730.58
2.78E+09 0.0663 3728.52
2.79E+09 0.0657 3726.5
2.80E+09 0.0652 3724.6
2.81E+09 0.0657 3722.95
2.83E+09 0.0643 3720.82
2.84E+09 0.0639 3718.64
2.85E+09 0.0637 3716.78
2.86E+09 0.0637 3715.04
2.88E+09 0.0636 3712.99
2.89E+09 0.0633 3710.9
2.90E+09 0.0629 3708.84
2.92E+09 0.0619 3706.85
2.93E+09 0.0618 3704.85
2.94E+09 0.0622 3702.95
2.96E+09 0.0617 3700.86
2.97E+09 0.0614 3698.99
2.98E+09 0.0610 3697.09
3.00E+09 0.0613 3694.94
3.01E+09 0.0608 3692.92
3.02E+09 0.0598 3690.85
3.04E+09 0.0594 3688.77
3.05E+09 0.0597 3686.86
3.07E+09 0.0593 3684.83
3.08E+09 0.0596 3682.9
3.09E+09 0.0590 3681.05
3.11E+09 0.0584 3679.11
3.12E+09 0.0588 3677.15
3.14E+09 0.0584 3675.08
3.15E+09 0.0571 3672.94
3.16E+09 0.0574 3671.03
3.18E+09 0.0566 3669.16
3.19E+09 0.0565 3667.37
3.20E+09 0.0565 3665.5
3.22E+09 0.0562 3663.62
3.23E+09 0.0559 3661.75
3.24E+09 0.0550 3660.26
3.25E+09 0.0559 3658.82
3.27E+09 0.0558 3657.07
3.28E+09 0.0558 3655.35
3.29E+09 0.0543 3653.37
3.31E+09 0.0548 3651.69
3.32E+09 0.0543 3649.64
3.34E+09 0.0541 3647.87
3.35E+09 0.0532 3646.28
3.36E+09 0.0534 3644.38
3.38E+09 0.0532 3642.43
3.39E+09 0.0530 3640.51
3.41E+09 0.0522 3638.64
3.42E+09 0.0519 3636.6
3.44E+09 0.0529 3634.37
3.46E+09 0.0521 3632.34
3.48E+09 0.0519 3630.12
3.49E+09 0.0512 3628.09
3.51E+09 0.0513 3626.21
3.52E+09 0.0506 3624.28
3.54E+09 0.0505 3622.48
3.55E+09 0.0501 3620.53
3.57E+09 0.0501 3618.63
3.59E+09 0.0500 3616.56
3.60E+09 0.0498 3614.53
3.62E+09 0.0492 3612.6
3.64E+09 0.0491 3610.74
3.65E+09 0.0491 3608.73
3.67E+09 0.0478 3606.78
3.68E+09 0.0481 3604.94
3.70E+09 0.0475 3602.84
3.72E+09 0.0473 3601.05
3.74E+09 0.0469 3599.07
3.75E+09 0.0469 3597.26
3.77E+09 0.0463 3595.33
3.79E+09 0.0464 3593.37
3.80E+09 0.0457 3591.4
3.82E+09 0.0459 3589.49
3.84E+09 0.0463 3587.56
3.86E+09 0.0446 3585.45
3.87E+09 0.0448 3583.74
3.89E+09 0.0446 3581.81
3.91E+09 0.0444 3579.74
3.93E+09 0.0440 3578.05
3.94E+09 0.0437 3576.35
3.96E+09 0.0436 3574.68
3.98E+09 0.0430 3572.8
3.99E+09 0.0433 3570.99
4.01E+09 0.0429 3569
4.03E+09 0.0416 3567.22
4.05E+09 0.0424 3565.49
4.06E+09 0.0420 3563.92
4.08E+09 0.0414 3562.41
4.09E+09 0.0418 3560.67
4.11E+09 0.0420 3558.77
4.13E+09 0.0416 3556.92
4.15E+09 0.0416 3555.2
4.17E+09 0.0406 3553.44
4.19E+09 0.0403 3551.51
4.21E+09 0.0393 3549.65
4.22E+09 0.0399 3547.78
4.24E+09 0.0400 3545.88
4.26E+09 0.0393 3544.01
4.28E+09 0.0397 3542.09
4.30E+09 0.0395 3540.35
4.32E+09 0.0390 3538.49
4.34E+09 0.0389 3536.85
4.36E+09 0.0389 3535.09
4.38E+09 0.0384 3533.25
4.40E+09 0.0385 3531.49
4.42E+09 0.0375 3529.59
4.43E+09 0.0374 3528.03
4.45E+09 0.0377 3526.35
4.47E+09 0.0371 3524.7
4.49E+09 0.0370 3523.14
4.51E+09 0.0369 3521.64
4.53E+09 0.0369 3519.81
4.55E+09 0.0368 3518.08
4.56E+09 0.0362 3516.6
4.58E+09 0.0363 3514.79
4.60E+09 0.0360 3513.02
4.62E+09 0.0360 3511.27
4.64E+09 0.0356 3509.59
4.66E+09 0.0354 3507.88
4.68E+09 0.0355 3506.35
4.70E+09 0.0349 3504.93
4.71E+09 0.0346 3503.46
4.73E+09 0.0345 3501.83
4.75E+09 0.0345 3500.2
4.77E+09 0.0343 3498.7
4.79E+09 0.0339 3497.19
4.81E+09 0.0334 3495.42
4.83E+09 0.0336 3493.62
4.85E+09 0.0335 3491.94
4.88E+09 0.0329 3490.07
4.90E+09 0.0323 3488.19
4.92E+09 0.0326 3486.41
4.95E+09 0.0321 3484.73
4.97E+09 0.0321 3482.9
4.99E+09 0.0320 3481.06
