0.00E+00 -0.3440 4068.88
4.43E+07 0.1723 4057.62
5.25E+07 0.2126 4053.33
6.47E+07 0.2380 4045.69
8.12E+07 0.2245 4035.12
1.06E+08 0.2117 4020.03
1.38E+08 0.1827 4003.4
1.63E+08 0.1919 3990.23
1.86E+08 0.2054 3978.1
2.08E+08 0.2167 3964.89
2.25E+08 0.2111 3955.13
2.40E+08 0.2068 3946.65
2.57E+08 0.2001 3937.03
2.70E+08 0.1930 3930.22
2.80E+08 0.1862 3925.22
2.89E+08 0.1830 3920.33
3.01E+08 0.1826 3914.55
3.14E+08 0.1770 3907.94
3.25E+08 0.1722 3902.64
3.37E+08 0.1705 3897.28
3.48E+08 0.1662 3892.06
3.60E+08 0.1628 3886.68
3.73E+08 0.1586 3881.28
3.82E+08 0.1568 3877.13
3.92E+08 0.1526 3872.79
4.02E+08 0.1505 3868.92
4.10E+08 0.1475 3865.5
4.20E+08 0.1449 3861.44
4.28E+08 0.1425 3858.28
4.39E+08 0.1399 3854.17
4.49E+08 0.1356 3850.38
4.59E+08 0.1333 3846.93
4.66E+08 0.1304 3844.13
4.75E+08 0.1284 3840.92
4.85E+08 0.1250 3837.68
4.96E+08 0.1231 3833.78
5.06E+08 0.1198 3830.54
5.16E+08 0.1177 3827.28
5.26E+08 0.1142 3824.01
5.38E+08 0.1122 3820.36
5.48E+08 0.1096 3817.57
5.59E+08 0.1070 3814.14
5.70E+08 0.1041 3810.93
5.83E+08 0.1016 3807.4
5.95E+08 0.0986 3804.16
6.07E+08 0.0963 3800.93
6.20E+08 0.0935 3797.57
6.33E+08 0.0904 3794.24
6.46E+08 0.0878 3791.24
6.59E+08 0.0851 3788.06
6.73E+08 0.0825 3784.88
6.88E+08 0.0795 3781.45
7.04E+08 0.0770 3778.18
7.19E+08 0.0743 3775.08
7.32E+08 0.0723 3772.39
7.45E+08 0.0700 3769.99
7.57E+08 0.0674 3767.73
7.67E+08 0.0668 3765.83
7.78E+08 0.0645 3763.97
7.87E+08 0.0626 3762.32
7.97E+08 0.0610 3760.67
8.06E+08 0.0598 3759.14
8.17E+08 0.0586 3757.4
8.27E+08 0.0576 3755.77
8.36E+08 0.0559 3754.44
8.45E+08 0.0557 3753.06
8.54E+08 0.0533 3751.7
8.63E+08 0.0530 3750.29
8.73E+08 0.0534 3748.84
8.83E+08 0.0529 3747.45
8.94E+08 0.0517 3745.91
9.05E+08 0.0524 3744.39
9.17E+08 0.0510 3742.64
9.29E+08 0.0509 3740.98
9.40E+08 0.0506 3739.49
9.50E+08 0.0505 3738.07
9.63E+08 0.0501 3736.36
9.76E+08 0.0491 3734.6
9.85E+08 0.0490 3733.28
9.97E+08 0.0486 3731.78
1.00E+09 0.0478 3730.76
1.01E+09 0.0482 3729.44
1.03E+09 0.0474 3727.9
1.04E+09 0.0470 3726.4
1.05E+09 0.0480 3725.13
1.06E+09 0.0472 3723.91
1.07E+09 0.0484 3722.8
1.07E+09 0.0480 3721.64
1.08E+09 0.0479 3720.43
1.09E+09 0.0482 3719.32
1.10E+09 0.0481 3718.21
1.11E+09 0.0485 3717
1.12E+09 0.0486 3716.02
1.12E+09 0.0483 3715.03
1.13E+09 0.0489 3714.02
1.14E+09 0.0484 3712.94
1.15E+09 0.0490 3712
1.16E+09 0.0489 3710.88
1.16E+09 0.0493 3709.8
1.17E+09 0.0493 3708.64
1.18E+09 0.0495 3707.42
1.19E+09 0.0490 3706.23
1.20E+09 0.0499 3705.15
1.21E+09 0.0504 3703.97
1.22E+09 0.0501 3702.66
1.23E+09 0.0502 3701.39
1.23E+09 0.0493 3700.23
1.24E+09 0.0507 3699.08
1.25E+09 0.0502 3697.87
1.26E+09 0.0506 3696.72
1.27E+09 0.0510 3695.48
1.28E+09 0.0504 3694.29
1.29E+09 0.0508 3693.06
1.30E+09 0.0503 3691.83
1.30E+09 0.0503 3690.73
1.31E+09 0.0502 3689.47
1.32E+09 0.0499 3688.28
1.33E+09 0.0503 3687.15
1.34E+09 0.0507 3685.82
1.35E+09 0.0506 3684.44
1.36E+09 0.0508 3683.15
1.37E+09 0.0498 3681.87
1.38E+09 0.0498 3680.58
1.39E+09 0.0497 3679.29
1.40E+09 0.0500 3678.03
1.41E+09 0.0506 3676.8
1.41E+09 0.0495 3675.54
1.42E+09 0.0503 3674.34
1.43E+09 0.0502 3672.94
1.44E+09 0.0501 3671.57
1.45E+09 0.0502 3670.09
1.46E+09 0.0500 3668.73
1.47E+09 0.0496 3667.43
1.48E+09 0.0494 3666.07
1.49E+09 0.0498 3664.78
1.50E+09 0.0492 3663.29
1.51E+09 0.0494 3661.93
1.53E+09 0.0482 3660.43
1.54E+09 0.0484 3658.97
1.55E+09 0.0490 3657.58
1.56E+09 0.0493 3656.09
1.57E+09 0.0488 3654.77
1.58E+09 0.0484 3653.42
1.59E+09 0.0482 3652.04
1.60E+09 0.0484 3650.58
1.61E+09 0.0490 3649.17
1.62E+09 0.0483 3647.59
1.63E+09 0.0488 3646.15
1.64E+09 0.0475 3644.61
1.66E+09 0.0474 3643.13
1.67E+09 0.0482 3641.72
1.68E+09 0.0478 3640.06
1.69E+09 0.0480 3638.55
1.70E+09 0.0479 3637.02
1.71E+09 0.0476 3635.54
1.73E+09 0.0477 3634.05
1.74E+09 0.0475 3632.46
1.75E+09 0.0474 3630.84
1.76E+09 0.0475 3629.54
1.77E+09 0.0472 3627.91
1.78E+09 0.0469 3626.42
1.80E+09 0.0474 3624.84
1.81E+09 0.0466 3623.03
1.82E+09 0.0471 3621.29
1.84E+09 0.0464 3619.6
1.85E+09 0.0461 3617.87
1.86E+09 0.0458 3616.45
1.88E+09 0.0461 3614.86
1.89E+09 0.0452 3613.26
1.90E+09 0.0450 3611.96
1.91E+09 0.0447 3610.5
1.92E+09 0.0449 3608.87
1.94E+09 0.0452 3607.41
1.95E+09 0.0448 3605.82
1.96E+09 0.0445 3604.37
1.97E+09 0.0446 3602.84
1.99E+09 0.0441 3601.32
2.00E+09 0.0447 3599.73
2.01E+09 0.0433 3598.01
2.03E+09 0.0438 3596.44
2.04E+09 0.0436 3594.69
2.06E+09 0.0435 3593.01
2.07E+09 0.0434 3591.34
2.08E+09 0.0435 3589.92
2.10E+09 0.0431 3588.29
2.11E+09 0.0433 3586.46
2.13E+09 0.0433 3584.63
2.14E+09 0.0432 3582.8
2.16E+09 0.0428 3580.92
2.17E+09 0.0426 3579.07
2.19E+09 0.0429 3577.21
2.21E+09 0.0423 3575.36
2.22E+09 0.0422 3573.45
2.24E+09 0.0420 3571.71
2.25E+09 0.0422 3569.99
2.27E+09 0.0415 3567.99
2.29E+09 0.0417 3566.3
2.30E+09 0.0409 3564.52
2.32E+09 0.0414 3562.7
2.33E+09 0.0411 3560.86
2.35E+09 0.0406 3558.98
2.36E+09 0.0404 3557.36
2.38E+09 0.0397 3555.65
2.39E+09 0.0395 3554.2
2.40E+09 0.0398 3553.04
2.42E+09 0.0397 3551.8
2.43E+09 0.0388 3550.66
2.44E+09 0.0392 3549.62
2.45E+09 0.0387 3548.42
2.46E+09 0.0385 3547.29
2.47E+09 0.0385 3546.27
2.48E+09 0.0378 3545.2
2.49E+09 0.0379 3544.16
2.50E+09 0.0372 3543.02
2.51E+09 0.0370 3541.84
2.52E+09 0.0367 3540.66
2.54E+09 0.0372 3539.4
2.55E+09 0.0361 3538.18
2.56E+09 0.0369 3537.01
2.57E+09 0.0365 3535.83
2.58E+09 0.0364 3534.6
2.60E+09 0.0355 3533.4
2.61E+09 0.0357 3532.16
2.62E+09 0.0352 3530.97
2.63E+09 0.0351 3529.78
2.64E+09 0.0346 3528.72
2.65E+09 0.0345 3527.68
2.67E+09 0.0352 3526.64
2.68E+09 0.0342 3525.33
2.69E+09 0.0342 3523.97
2.71E+09 0.0335 3522.53
2.72E+09 0.0338 3521.24
2.74E+09 0.0338 3519.97
2.75E+09 0.0339 3518.59
2.77E+09 0.0341 3517.04
2.79E+09 0.0332 3515.5
2.80E+09 0.0336 3513.95
2.82E+09 0.0329 3512.31
2.84E+09 0.0326 3510.73
2.85E+09 0.0327 3509.44
2.87E+09 0.0329 3507.89
2.89E+09 0.0326 3506.53
2.90E+09 0.0326 3505.09
2.92E+09 0.0324 3503.42
2.94E+09 0.0326 3502
2.96E+09 0.0325 3500.27
2.97E+09 0.0323 3498.65
2.99E+09 0.0320 3496.93
3.01E+09 0.0318 3495.33
3.03E+09 0.0319 3493.58
3.05E+09 0.0319 3491.97
3.07E+09 0.0317 3490.62
3.08E+09 0.0308 3489.37
3.10E+09 0.0310 3488.12
3.11E+09 0.0306 3486.91
3.13E+09 0.0305 3485.44
3.14E+09 0.0299 3484.23
3.16E+09 0.0301 3483.06
3.17E+09 0.0297 3481.88
3.18E+09 0.0292 3480.81
3.20E+09 0.0290 3479.77
3.21E+09 0.0292 3478.79
3.22E+09 0.0289 3477.83
3.24E+09 0.0289 3476.73
3.25E+09 0.0289 3475.63
3.26E+09 0.0289 3474.59
3.28E+09 0.0288 3473.47
3.29E+09 0.0284 3472.19
3.31E+09 0.0278 3471
3.33E+09 0.0278 3469.8
3.34E+09 0.0282 3468.65
3.36E+09 0.0283 3467.41
3.37E+09 0.0277 3466.23
3.39E+09 0.0276 3464.98
3.41E+09 0.0272 3463.73
3.42E+09 0.0268 3462.47
3.44E+09 0.0269 3461.3
3.45E+09 0.0272 3460.1
3.47E+09 0.0270 3459.06
3.49E+09 0.0262 3457.8
3.50E+09 0.0260 3456.47
3.52E+09 0.0264 3455.28
3.54E+09 0.0257 3453.97
3.56E+09 0.0260 3452.71
3.57E+09 0.0261 3451.58
3.59E+09 0.0255 3450.45
3.61E+09 0.0257 3449.31
3.62E+09 0.0258 3448.04
3.64E+09 0.0255 3446.68
3.66E+09 0.0252 3445.51
3.68E+09 0.0250 3444.21
3.70E+09 0.0250 3442.92
3.71E+09 0.0251 3441.87
3.73E+09 0.0251 3440.6
3.75E+09 0.0250 3439.24
3.77E+09 0.0247 3438.06
3.79E+09 0.0246 3436.87
3.80E+09 0.0248 3435.8
3.82E+09 0.0246 3434.51
3.84E+09 0.0242 3433.16
3.86E+09 0.0247 3431.98
3.88E+09 0.0244 3430.72
3.90E+09 0.0244 3429.47
3.92E+09 0.0241 3427.96
3.95E+09 0.0236 3426.36
3.97E+09 0.0232 3424.88
3.99E+09 0.0241 3423.55
4.01E+09 0.0230 3422.01
4.03E+09 0.0234 3420.65
4.06E+09 0.0233 3419.17
4.08E+09 0.0228 3417.78
4.10E+09 0.0233 3416.37
4.13E+09 0.0227 3414.88
4.15E+09 0.0229 3413.47
4.17E+09 0.0229 3412.02
4.19E+09 0.0224 3410.7
4.22E+09 0.0226 3409.29
4.24E+09 0.0224 3407.89
4.26E+09 0.0228 3406.68
4.28E+09 0.0224 3405.2
4.31E+09 0.0221 3403.83
4.33E+09 0.0222 3402.25
4.36E+09 0.0223 3400.58
4.39E+09 0.0221 3398.94
4.41E+09 0.0222 3397.54
4.44E+09 0.0215 3395.97
4.46E+09 0.0215 3394.57
4.49E+09 0.0219 3392.99
4.51E+09 0.0215 3391.53
4.53E+09 0.0217 3390.11
4.56E+09 0.0212 3388.54
4.59E+09 0.0216 3386.89
4.62E+09 0.0212 3385.17
4.65E+09 0.0215 3383.45
4.68E+09 0.0211 3381.71
4.71E+09 0.0208 3379.95
4.74E+09 0.0204 3378.4
4.77E+09 0.0208 3376.69
4.79E+09 0.0207 3375.13
4.82E+09 0.0205 3373.5
4.85E+09 0.0205 3371.82
4.89E+09 0.0200 3370.13
4.91E+09 0.0202 3368.54
4.94E+09 0.0196 3366.95
4.98E+09 0.0201 3365.22
