0.00E+00 -0.4287 4654.7
2.91E+07 0.2609 4645.14
3.68E+07 0.3208 4638.8
4.66E+07 0.3382 4629.88
5.86E+07 0.3199 4618.86
8.26E+07 0.2924 4598.43
1.09E+08 0.2961 4578.18
1.33E+08 0.3053 4557.64
1.66E+08 0.3094 4528.57
1.95E+08 0.2997 4504.71
2.09E+08 0.2929 4492.85
2.19E+08 0.2868 4484.85
2.31E+08 0.2821 4475.32
2.42E+08 0.2779 4467.02
2.52E+08 0.2736 4459.73
2.65E+08 0.2706 4449.48
2.76E+08 0.2668 4441.29
2.85E+08 0.2591 4434.99
2.94E+08 0.2605 4428.39
3.04E+08 0.2543 4421.64
3.12E+08 0.2517 4415.95
3.20E+08 0.2489 4410.43
3.30E+08 0.2466 4403.66
3.37E+08 0.2429 4398.38
3.44E+08 0.2414 4393.62
3.52E+08 0.2379 4388.78
3.60E+08 0.2346 4383.56
3.68E+08 0.2326 4378.21
3.76E+08 0.2288 4373.33
3.84E+08 0.2266 4367.97
3.92E+08 0.2245 4362.99
4.00E+08 0.2214 4357.99
4.08E+08 0.2179 4353.14
4.16E+08 0.2158 4348.35
4.24E+08 0.2126 4344
4.30E+08 0.2094 4340.1
4.38E+08 0.2079 4335.72
4.47E+08 0.2047 4330.59
4.54E+08 0.2018 4326.65
4.62E+08 0.1996 4322.56
4.69E+08 0.1980 4318.3
4.78E+08 0.1946 4313.79
4.86E+08 0.1915 4309.54
4.93E+08 0.1895 4305.4
5.02E+08 0.1881 4300.91
5.10E+08 0.1848 4297.02
5.19E+08 0.1831 4292.46
5.29E+08 0.1803 4287.23
5.37E+08 0.1772 4283.08
5.46E+08 0.1753 4278.76
5.56E+08 0.1725 4274.07
5.65E+08 0.1713 4269.62
5.74E+08 0.1680 4265.37
5.82E+08 0.1663 4261.9
5.91E+08 0.1639 4258.01
5.98E+08 0.1626 4254.55
6.07E+08 0.1614 4250.62
6.14E+08 0.1608 4247.55
6.21E+08 0.1605 4244.53
6.30E+08 0.1581 4240.36
6.37E+08 0.1564 4237.6
6.43E+08 0.1556 4234.68
6.50E+08 0.1542 4231.86
6.58E+08 0.1554 4228.64
6.65E+08 0.1534 4225.7
6.71E+08 0.1531 4222.73
6.79E+08 0.1539 4219.77
6.86E+08 0.1520 4216.5
6.93E+08 0.1519 4213.55
7.02E+08 0.1509 4210.08
7.09E+08 0.1490 4207.1
7.16E+08 0.1489 4204.13
7.22E+08 0.1489 4201.48
7.29E+08 0.1475 4198.63
7.36E+08 0.1488 4195.84
7.44E+08 0.1461 4192.88
7.50E+08 0.1467 4190.11
7.58E+08 0.1458 4187.11
7.64E+08 0.1459 4184.43
7.73E+08 0.1468 4181.11
7.81E+08 0.1449 4177.91
7.89E+08 0.1448 4174.64
7.96E+08 0.1435 4171.6
8.03E+08 0.1442 4169.09
8.10E+08 0.1428 4166.22
8.17E+08 0.1441 4163.33
8.25E+08 0.1445 4160.31
8.33E+08 0.1422 4157.08
8.40E+08 0.1433 4154.44
8.47E+08 0.1430 4151.57
8.55E+08 0.1407 4148.22
8.62E+08 0.1403 4145.72
8.69E+08 0.1403 4142.79
8.77E+08 0.1404 4139.73
8.85E+08 0.1397 4136.71
8.93E+08 0.1387 4133.7
9.01E+08 0.1385 4130.83
9.09E+08 0.1369 4127.74
9.16E+08 0.1371 4124.89
9.24E+08 0.1371 4121.77
9.33E+08 0.1367 4118.46
9.40E+08 0.1362 4115.74
9.48E+08 0.1354 4112.95
9.56E+08 0.1348 4109.74
9.65E+08 0.1347 4106.58
9.73E+08 0.1343 4103.54
9.82E+08 0.1328 4100.25
9.90E+08 0.1326 4097.39
9.98E+08 0.1324 4094.33
1.01E+09 0.1311 4091.45
1.01E+09 0.1314 4088.37
1.02E+09 0.1302 4085.27
1.03E+09 0.1296 4081.85
1.04E+09 0.1291 4078.58
1.05E+09 0.1285 4075.58
1.06E+09 0.1284 4072.34
1.07E+09 0.1287 4069.51
1.08E+09 0.1275 4066.15
1.09E+09 0.1274 4063.11
1.09E+09 0.1266 4060.35
1.10E+09 0.1268 4057.09
1.11E+09 0.1247 4053.91
1.12E+09 0.1253 4050.65
1.13E+09 0.1236 4047.61
1.14E+09 0.1238 4044.01
1.15E+09 0.1226 4041.39
1.16E+09 0.1237 4038.42
1.17E+09 0.1227 4035.35
1.18E+09 0.1219 4032.17
1.18E+09 0.1212 4029.07
1.19E+09 0.1206 4026.37
1.20E+09 0.1200 4023.62
1.21E+09 0.1204 4020.7
1.22E+09 0.1196 4017.59
1.23E+09 0.1190 4014.4
1.24E+09 0.1182 4011.37
1.25E+09 0.1182 4008.59
1.26E+09 0.1167 4005.82
1.27E+09 0.1169 4002.61
1.27E+09 0.1161 4000.03
1.28E+09 0.1160 3997.4
1.29E+09 0.1163 3994.79
1.30E+09 0.1156 3991.95
1.31E+09 0.1148 3989.27
1.32E+09 0.1136 3986.52
1.32E+09 0.1147 3983.77
1.33E+09 0.1140 3980.83
1.34E+09 0.1123 3978.21
1.35E+09 0.1129 3975.88
1.36E+09 0.1128 3973.33
1.37E+09 0.1121 3970.47
1.38E+09 0.1127 3967.84
1.39E+09 0.1116 3964.78
1.39E+09 0.1102 3961.85
1.40E+09 0.1099 3959.28
1.41E+09 0.1105 3956.66
1.42E+09 0.1099 3953.93
1.43E+09 0.1095 3951.2
1.44E+09 0.1078 3948.69
1.45E+09 0.1080 3945.88
1.46E+09 0.1082 3943.33
1.47E+09 0.1066 3940.55
1.47E+09 0.1072 3938.39
1.48E+09 0.1062 3936.26
1.49E+09 0.1072 3934
1.50E+09 0.1063 3931.64
1.50E+09 0.1053 3929.04
1.51E+09 0.1051 3926.8
1.52E+09 0.1056 3924.58
1.53E+09 0.1048 3921.71
1.54E+09 0.1043 3919.16
1.55E+09 0.1043 3916.16
1.56E+09 0.1045 3913.57
1.57E+09 0.1033 3911.05
1.57E+09 0.1034 3908.77
1.58E+09 0.1022 3906.19
1.59E+09 0.1028 3903.68
1.60E+09 0.1027 3900.99
1.61E+09 0.1022 3898.24
1.62E+09 0.1003 3895.61
1.63E+09 0.1014 3893.09
1.64E+09 0.1000 3890.54
1.65E+09 0.1007 3887.83
1.66E+09 0.0999 3885
1.67E+09 0.1003 3882.25
1.68E+09 0.0989 3879.66
1.69E+09 0.0985 3876.91
1.70E+09 0.0979 3874.73
1.70E+09 0.0973 3872.78
1.71E+09 0.0979 3870.89
1.72E+09 0.0979 3868.29
1.73E+09 0.0968 3865.8
1.74E+09 0.0966 3863.09
1.75E+09 0.0965 3860.32
1.76E+09 0.0961 3857.89
1.77E+09 0.0955 3855.23
1.78E+09 0.0943 3852.18
1.79E+09 0.0947 3849.54
1.80E+09 0.0939 3846.79
1.81E+09 0.0931 3844.11
1.82E+09 0.0936 3841.37
1.83E+09 0.0932 3838.7
1.84E+09 0.0929 3836.36
1.85E+09 0.0916 3834.12
1.86E+09 0.0903 3832.21
1.87E+09 0.0912 3830.2
1.87E+09 0.0909 3828.13
1.88E+09 0.0917 3826.12
1.89E+09 0.0902 3823.81
1.90E+09 0.0906 3821.76
1.91E+09 0.0896 3819.27
1.92E+09 0.0896 3816.91
1.93E+09 0.0894 3814.68
1.94E+09 0.0893 3812.48
1.95E+09 0.0881 3810.07
1.96E+09 0.0883 3807.67
1.97E+09 0.0878 3805.29
1.98E+09 0.0877 3803.17
1.98E+09 0.0871 3800.99
1.99E+09 0.0869 3798.97
2.00E+09 0.0861 3796.51
2.01E+09 0.0867 3794.09
2.02E+09 0.0859 3791.5
2.03E+09 0.0859 3789.04
2.04E+09 0.0856 3786.67
2.06E+09 0.0850 3784.29
2.07E+09 0.0851 3781.67
2.08E+09 0.0842 3778.99
2.09E+09 0.0842 3776.59
2.10E+09 0.0841 3773.68
2.11E+09 0.0835 3770.86
2.13E+09 0.0825 3768.03
2.14E+09 0.0826 3765.63
2.15E+09 0.0821 3763.12
2.16E+09 0.0818 3760.42
2.17E+09 0.0816 3757.46
2.18E+09 0.0809 3754.77
2.19E+09 0.0809 3752.37
2.20E+09 0.0803 3750.07
2.22E+09 0.0799 3747.54
2.23E+09 0.0797 3745.23
2.24E+09 0.0788 3742.93
2.25E+09 0.0791 3740.65
2.26E+09 0.0780 3738.24
2.27E+09 0.0776 3735.77
2.28E+09 0.0769 3733.59
2.29E+09 0.0772 3731.49
2.30E+09 0.0771 3729.53
2.31E+09 0.0766 3727.44
2.32E+09 0.0772 3725.34
2.33E+09 0.0762 3722.88
2.34E+09 0.0758 3720.62
2.35E+09 0.0760 3718.71
2.36E+09 0.0751 3716.39
2.37E+09 0.0755 3713.97
2.39E+09 0.0750 3711.5
2.40E+09 0.0741 3708.88
2.41E+09 0.0744 3706.1
2.42E+09 0.0736 3703.44
2.44E+09 0.0735 3700.65
2.45E+09 0.0736 3697.64
2.47E+09 0.0726 3695.06
2.48E+09 0.0726 3692.35
2.49E+09 0.0720 3689.77
2.50E+09 0.0715 3687.55
2.52E+09 0.0712 3685.25
2.53E+09 0.0701 3682.64
2.54E+09 0.0707 3680.3
2.56E+09 0.0697 3677.36
2.57E+09 0.0699 3674.82
2.58E+09 0.0691 3672.02
2.60E+09 0.0681 3669.26
2.61E+09 0.0687 3666.67
2.62E+09 0.0684 3664.32
2.64E+09 0.0681 3661.82
2.65E+09 0.0672 3659.06
2.67E+09 0.0677 3656.55
2.68E+09 0.0665 3653.89
2.69E+09 0.0670 3651.62
2.71E+09 0.0662 3648.86
2.72E+09 0.0655 3646.06
2.74E+09 0.0648 3643.75
2.75E+09 0.0646 3641.32
2.76E+09 0.0643 3638.85
2.78E+09 0.0649 3636.28
2.79E+09 0.0648 3633.81
2.81E+09 0.0635 3631.2
2.82E+09 0.0630 3628.84
2.83E+09 0.0629 3626.51
2.85E+09 0.0624 3624.16
2.86E+09 0.0623 3621.24
2.88E+09 0.0626 3618.83
2.89E+09 0.0613 3616.25
2.91E+09 0.0610 3613.56
2.92E+09 0.0605 3611.04
2.94E+09 0.0604 3608.55
2.95E+09 0.0611 3605.96
2.97E+09 0.0595 3603.23
2.98E+09 0.0599 3600.84
3.00E+09 0.0591 3598.71
3.01E+09 0.0586 3596.17
3.03E+09 0.0580 3593.97
3.04E+09 0.0581 3591.81
3.06E+09 0.0578 3589.37
3.07E+09 0.0570 3587.01
3.09E+09 0.0565 3584.19
3.10E+09 0.0564 3581.69
3.12E+09 0.0566 3579.27
3.14E+09 0.0561 3576.79
3.15E+09 0.0557 3574.44
3.17E+09 0.0549 3572.25
3.18E+09 0.0545 3570.02
3.20E+09 0.0545 3567.57
3.21E+09 0.0540 3565.39
3.23E+09 0.0537 3562.86
3.25E+09 0.0534 3560.11
3.26E+09 0.0529 3557.87
3.28E+09 0.0528 3555.64
3.29E+09 0.0525 3553.41
3.31E+09 0.0517 3551.07
3.33E+09 0.0518 3548.28
3.35E+09 0.0504 3545.42
3.37E+09 0.0507 3542.92
3.38E+09 0.0503 3540.45
3.40E+09 0.0500 3537.89
3.42E+09 0.0502 3535.26
3.44E+09 0.0493 3532.78
3.46E+09 0.0494 3530.31
3.47E+09 0.0485 3528.08
3.49E+09 0.0486 3525.48
3.51E+09 0.0475 3523.08
3.53E+09 0.0478 3520.94
3.55E+09 0.0476 3518.46
3.57E+09 0.0470 3515.99
3.58E+09 0.0470 3513.62
3.60E+09 0.0458 3511.11
3.62E+09 0.0463 3509.2
3.64E+09 0.0454 3507.07
3.65E+09 0.0449 3504.81
3.67E+09 0.0449 3502.52
3.69E+09 0.0440 3500.38
3.71E+09 0.0446 3498.06
3.73E+09 0.0446 3495.77
3.75E+09 0.0438 3493.14
3.77E+09 0.0437 3491.15
3.79E+09 0.0438 3488.65
3.81E+09 0.0430 3485.91
3.83E+09 0.0427 3483.61
3.85E+09 0.0423 3481.13
3.87E+09 0.0420 3478.58
3.89E+09 0.0415 3476.2
3.91E+09 0.0413 3473.88
3.93E+09 0.0404 3471.67
3.95E+09 0.0399 3469.46
3.97E+09 0.0404 3467.35
3.99E+09 0.0393 3464.99
4.01E+09 0.0400 3463.2
4.03E+09 0.0390 3461.2
4.05E+09 0.0394 3459.27
4.06E+09 0.0384 3457.22
4.08E+09 0.0383 3455.42
4.10E+09 0.0381 3453.74
4.11E+09 0.0383 3452.01
4.13E+09 0.0378 3450.1
4.15E+09 0.0379 3448.43
4.17E+09 0.0379 3446.59
4.19E+09 0.0375 3444.39
4.21E+09 0.0363 3442.14
4.23E+09 0.0369 3440.21
4.25E+09 0.0364 3438.07
4.27E+09 0.0357 3435.93
4.29E+09 0.0354 3433.85
4.31E+09 0.0359 3431.53
4.34E+09 0.0348 3429.39
4.36E+09 0.0349 3426.98
4.39E+09 0.0348 3424.63
4.41E+09 0.0345 3422.69
4.43E+09 0.0344 3420.29
4.45E+09 0.0340 3418.16
4.48E+09 0.0336 3415.9
4.50E+09 0.0338 3413.75
4.53E+09 0.0333 3411.27
4.55E+09 0.0336 3409.14
4.57E+09 0.0328 3407
4.60E+09 0.0333 3404.97
4.62E+09 0.0324 3402.81
4.65E+09 0.0325 3400.61
4.67E+09 0.0322 3398.45
4.69E+09 0.0323 3396.45
4.72E+09 0.0320 3394.24
4.74E+09 0.0313 3392.63
4.76E+09 0.0314 3390.72
4.78E+09 0.0309 3388.8
4.80E+09 0.0312 3386.84
4.83E+09 0.0298 3384.53
4.86E+09 0.0302 3382.34
4.88E+09 0.0297 3380.27
4.91E+09 0.0297 3378.07
4.93E+09 0.0296 3375.93
4.96E+09 0.0290 3373.73
4.99E+09 0.0286 3371.56
