0.00E+00 -0.3025 3968.34
3.97E+07 0.1650 3960.71
4.88E+07 0.2080 3956.04
5.84E+07 0.2232 3950.32
7.32E+07 0.2065 3941.75
9.38E+07 0.1985 3930.34
1.25E+08 0.1758 3914.68
1.50E+08 0.1856 3902
1.74E+08 0.1925 3890.09
1.96E+08 0.1953 3877.97
2.11E+08 0.1920 3870.11
2.29E+08 0.1850 3860.77
2.44E+08 0.1822 3853.3
2.55E+08 0.1783 3847.93
2.65E+08 0.1745 3843.26
2.75E+08 0.1715 3838.45
2.86E+08 0.1648 3833.45
2.95E+08 0.1668 3829.17
3.06E+08 0.1647 3824.57
3.16E+08 0.1601 3820.19
3.24E+08 0.1556 3816.55
3.32E+08 0.1560 3813.13
3.40E+08 0.1527 3810
3.47E+08 0.1506 3807.14
3.53E+08 0.1485 3804.63
3.60E+08 0.1475 3801.64
3.66E+08 0.1472 3799.1
3.73E+08 0.1442 3796.4
3.80E+08 0.1434 3793.87
3.87E+08 0.1420 3791.12
3.94E+08 0.1381 3788.47
4.00E+08 0.1400 3786.09
4.07E+08 0.1346 3783.71
4.12E+08 0.1339 3781.6
4.19E+08 0.1340 3779
4.26E+08 0.1327 3776.46
4.34E+08 0.1301 3773.86
4.41E+08 0.1293 3771.25
4.48E+08 0.1273 3768.81
4.55E+08 0.1251 3766.53
4.62E+08 0.1228 3764.24
4.69E+08 0.1239 3761.91
4.76E+08 0.1198 3759.59
4.83E+08 0.1190 3757.24
4.90E+08 0.1173 3754.91
4.97E+08 0.1155 3752.76
5.06E+08 0.1131 3750.05
5.15E+08 0.1123 3747.13
5.24E+08 0.1103 3744.45
5.34E+08 0.1079 3741.6
5.43E+08 0.1050 3738.88
5.52E+08 0.1040 3736.17
5.63E+08 0.1026 3733.21
5.72E+08 0.1005 3730.59
5.82E+08 0.0986 3727.95
5.94E+08 0.0971 3724.86
6.04E+08 0.0943 3722.19
6.14E+08 0.0921 3719.55
6.24E+08 0.0912 3717.07
6.34E+08 0.0896 3714.6
6.44E+08 0.0886 3712.23
6.53E+08 0.0871 3710.14
6.60E+08 0.0857 3708.44
6.68E+08 0.0848 3706.61
6.75E+08 0.0844 3705
6.82E+08 0.0838 3703.41
6.89E+08 0.0821 3701.76
6.96E+08 0.0819 3700.27
7.02E+08 0.0805 3698.95
7.09E+08 0.0807 3697.52
7.15E+08 0.0807 3696.18
7.21E+08 0.0803 3694.71
7.28E+08 0.0796 3693.29
7.35E+08 0.0784 3691.83
7.41E+08 0.0787 3690.46
7.48E+08 0.0792 3689.06
7.55E+08 0.0780 3687.5
7.61E+08 0.0782 3686.2
7.69E+08 0.0777 3684.53
7.77E+08 0.0781 3682.84
7.87E+08 0.0773 3680.85
7.97E+08 0.0777 3678.56
8.05E+08 0.0773 3676.94
8.13E+08 0.0764 3675.21
8.22E+08 0.0771 3673.49
8.30E+08 0.0765 3671.74
8.39E+08 0.0757 3669.85
8.47E+08 0.0759 3668.32
8.56E+08 0.0746 3666.44
8.65E+08 0.0751 3664.54
8.74E+08 0.0744 3662.7
8.84E+08 0.0740 3660.75
8.92E+08 0.0738 3659.02
9.01E+08 0.0737 3657.24
9.11E+08 0.0733 3655.24
9.21E+08 0.0738 3653.23
9.32E+08 0.0728 3651.12
9.42E+08 0.0728 3649.07
9.53E+08 0.0721 3647.01
9.62E+08 0.0719 3645.09
9.73E+08 0.0722 3643.02
9.82E+08 0.0708 3641.19
9.90E+08 0.0698 3639.75
9.97E+08 0.0702 3638.33
1.01E+09 0.0696 3636.68
1.01E+09 0.0709 3635.48
1.02E+09 0.0707 3633.62
1.03E+09 0.0700 3631.73
1.04E+09 0.0701 3629.56
1.05E+09 0.0701 3627.6
1.06E+09 0.0689 3625.63
1.08E+09 0.0689 3623.61
1.08E+09 0.0688 3621.78
1.10E+09 0.0679 3619.89
1.11E+09 0.0678 3618.07
1.12E+09 0.0677 3615.98
1.13E+09 0.0670 3613.94
1.14E+09 0.0672 3612.04
1.15E+09 0.0669 3609.8
1.16E+09 0.0666 3607.84
1.17E+09 0.0665 3605.76
1.18E+09 0.0662 3604.01
1.19E+09 0.0653 3601.93
1.21E+09 0.0651 3599.95
1.22E+09 0.0651 3597.95
1.23E+09 0.0651 3596.12
1.24E+09 0.0646 3594.06
1.25E+09 0.0646 3591.94
1.26E+09 0.0632 3589.87
1.27E+09 0.0636 3588.08
1.28E+09 0.0629 3586.18
1.29E+09 0.0625 3584.3
1.30E+09 0.0630 3582.66
1.31E+09 0.0622 3581.01
1.32E+09 0.0617 3579.74
1.33E+09 0.0628 3578.34
1.34E+09 0.0618 3576.63
1.35E+09 0.0618 3574.93
1.36E+09 0.0608 3572.94
1.37E+09 0.0615 3571.23
1.39E+09 0.0603 3569.12
1.40E+09 0.0606 3567.32
1.41E+09 0.0599 3565.74
1.42E+09 0.0597 3563.93
1.43E+09 0.0600 3562.35
1.44E+09 0.0602 3560.42
1.45E+09 0.0593 3558.42
1.46E+09 0.0590 3556.64
1.47E+09 0.0591 3554.68
1.49E+09 0.0590 3552.47
1.50E+09 0.0590 3550.39
1.51E+09 0.0576 3548.32
1.53E+09 0.0586 3546.48
1.54E+09 0.0584 3544.72
1.55E+09 0.0577 3542.76
1.56E+09 0.0576 3540.71
1.57E+09 0.0570 3538.81
1.59E+09 0.0568 3536.99
1.60E+09 0.0562 3535.33
1.61E+09 0.0562 3533.83
1.62E+09 0.0559 3532.2
1.63E+09 0.0556 3530.3
1.64E+09 0.0553 3528.41
1.66E+09 0.0552 3526.53
1.67E+09 0.0553 3524.77
1.68E+09 0.0541 3522.93
1.69E+09 0.0547 3521.27
1.70E+09 0.0539 3519.62
1.71E+09 0.0540 3517.85
1.73E+09 0.0540 3515.96
1.74E+09 0.0534 3514.12
1.75E+09 0.0540 3512.22
1.77E+09 0.0531 3509.94
1.78E+09 0.0527 3508.25
1.79E+09 0.0530 3506.59
1.80E+09 0.0522 3504.74
1.82E+09 0.0522 3502.88
1.83E+09 0.0525 3500.81
1.85E+09 0.0520 3498.63
1.86E+09 0.0520 3496.63
1.88E+09 0.0517 3494.31
1.89E+09 0.0514 3492.32
1.91E+09 0.0510 3490.19
1.92E+09 0.0508 3488.25
1.94E+09 0.0506 3486.13
1.95E+09 0.0503 3484.05
1.97E+09 0.0499 3482.05
1.98E+09 0.0497 3480.01
2.00E+09 0.0491 3478.23
2.01E+09 0.0495 3476.43
2.02E+09 0.0488 3474.27
2.04E+09 0.0487 3472.36
2.05E+09 0.0481 3470.54
2.07E+09 0.0480 3468.72
2.08E+09 0.0480 3466.58
2.10E+09 0.0477 3464.66
2.11E+09 0.0472 3462.55
2.13E+09 0.0469 3460.56
2.14E+09 0.0470 3458.72
2.16E+09 0.0468 3456.72
2.18E+09 0.0462 3454.78
2.19E+09 0.0465 3452.77
2.21E+09 0.0458 3450.86
2.22E+09 0.0459 3449
2.24E+09 0.0455 3446.93
2.25E+09 0.0449 3445.17
2.27E+09 0.0452 3443.06
2.29E+09 0.0444 3441.02
2.30E+09 0.0443 3439.05
2.32E+09 0.0443 3437.2
2.33E+09 0.0439 3435.46
2.35E+09 0.0440 3433.6
2.36E+09 0.0432 3431.77
2.38E+09 0.0429 3429.95
2.40E+09 0.0431 3428.02
2.41E+09 0.0428 3426.02
2.43E+09 0.0425 3424.09
2.45E+09 0.0425 3422.06
2.46E+09 0.0419 3420.26
2.48E+09 0.0418 3418.22
2.50E+09 0.0416 3416.16
2.51E+09 0.0414 3414.54
2.53E+09 0.0410 3412.51
2.55E+09 0.0405 3410.72
2.56E+09 0.0406 3409.03
2.58E+09 0.0406 3407.06
2.60E+09 0.0404 3405.11
2.62E+09 0.0397 3403.17
2.63E+09 0.0394 3401.61
2.65E+09 0.0392 3399.92
2.66E+09 0.0389 3398.11
2.68E+09 0.0390 3396.26
2.70E+09 0.0392 3394.55
2.72E+09 0.0383 3392.51
2.74E+09 0.0384 3390.6
2.75E+09 0.0379 3388.73
2.77E+09 0.0374 3386.74
2.79E+09 0.0376 3384.78
2.81E+09 0.0372 3383.19
2.82E+09 0.0371 3381.54
2.84E+09 0.0371 3379.64
2.86E+09 0.0365 3377.81
2.88E+09 0.0361 3375.97
2.90E+09 0.0359 3373.95
2.92E+09 0.0359 3372.05
2.94E+09 0.0361 3370.35
2.96E+09 0.0354 3368.46
2.97E+09 0.0347 3366.87
2.99E+09 0.0350 3365.24
3.01E+09 0.0345 3363.38
3.03E+09 0.0350 3361.31
3.05E+09 0.0345 3359.39
3.07E+09 0.0338 3357.38
3.09E+09 0.0341 3355.54
3.12E+09 0.0337 3353.49
3.14E+09 0.0333 3351.72
3.16E+09 0.0334 3349.95
3.17E+09 0.0329 3348.19
3.19E+09 0.0326 3346.42
3.22E+09 0.0328 3344.45
3.24E+09 0.0330 3342.58
3.26E+09 0.0322 3340.65
3.28E+09 0.0322 3338.8
3.30E+09 0.0319 3337
3.32E+09 0.0314 3335.12
3.34E+09 0.0315 3333.3
3.37E+09 0.0311 3331.46
3.39E+09 0.0315 3329.68
3.41E+09 0.0312 3327.84
3.43E+09 0.0305 3325.96
3.45E+09 0.0304 3324.15
3.47E+09 0.0304 3322.48
3.49E+09 0.0300 3320.98
3.52E+09 0.0301 3319.04
3.54E+09 0.0300 3317.3
3.56E+09 0.0298 3315.45
3.58E+09 0.0295 3313.67
3.60E+09 0.0295 3312.07
3.62E+09 0.0292 3310.35
3.64E+09 0.0291 3308.66
3.67E+09 0.0286 3306.95
3.69E+09 0.0285 3305.22
3.71E+09 0.0286 3303.55
3.73E+09 0.0282 3301.83
3.76E+09 0.0285 3300.11
3.78E+09 0.0283 3298.28
3.80E+09 0.0275 3296.73
3.82E+09 0.0279 3295.16
3.84E+09 0.0275 3293.52
3.86E+09 0.0274 3292.11
3.88E+09 0.0273 3290.73
3.90E+09 0.0270 3289.07
3.92E+09 0.0266 3287.53
3.95E+09 0.0267 3285.98
3.97E+09 0.0263 3284.16
3.99E+09 0.0264 3282.62
4.02E+09 0.0261 3280.85
4.04E+09 0.0257 3279.35
4.06E+09 0.0258 3277.64
4.09E+09 0.0258 3275.79
4.11E+09 0.0260 3273.99
4.14E+09 0.0256 3272.37
4.16E+09 0.0253 3270.56
4.19E+09 0.0253 3268.79
4.21E+09 0.0251 3267.04
4.24E+09 0.0246 3265.37
4.26E+09 0.0251 3263.85
4.28E+09 0.0246 3262.42
4.31E+09 0.0247 3260.72
4.34E+09 0.0249 3258.94
4.36E+09 0.0241 3257.13
4.39E+09 0.0238 3255.52
4.41E+09 0.0244 3253.84
4.44E+09 0.0240 3252.14
4.46E+09 0.0238 3250.68
4.49E+09 0.0241 3249.08
4.51E+09 0.0238 3247.48
4.54E+09 0.0238 3245.84
4.56E+09 0.0235 3244.02
4.59E+09 0.0236 3242.5
4.61E+09 0.0231 3240.94
4.64E+09 0.0234 3239.16
4.67E+09 0.0231 3237.37
4.70E+09 0.0226 3235.51
4.73E+09 0.0225 3233.88
4.75E+09 0.0225 3232.43
4.78E+09 0.0227 3230.8
4.81E+09 0.0224 3229
4.83E+09 0.0225 3227.32
4.86E+09 0.0222 3225.54
4.89E+09 0.0222 3223.89
4.92E+09 0.0223 3222.21
4.95E+09 0.0222 3220.55
4.97E+09 0.0218 3218.82
