0.00E+00 -0.3152 4090.52
3.40E+07 0.1767 4084.32
4.16E+07 0.2154 4080.4
5.12E+07 0.2352 4074.69
6.53E+07 0.2299 4066.08
8.73E+07 0.2225 4053.14
1.14E+08 0.2076 4037.98
1.47E+08 0.2218 4019.21
1.84E+08 0.2136 3997.85
2.11E+08 0.2038 3982.89
2.33E+08 0.1973 3971.33
2.50E+08 0.1906 3962.61
2.66E+08 0.1847 3955.18
2.78E+08 0.1843 3949.37
2.89E+08 0.1802 3944.33
2.99E+08 0.1755 3939.39
3.09E+08 0.1714 3935.15
3.19E+08 0.1689 3930.56
3.28E+08 0.1673 3926.52
3.39E+08 0.1635 3922.02
3.49E+08 0.1609 3917.76
3.59E+08 0.1583 3913.64
3.69E+08 0.1560 3909.3
3.80E+08 0.1527 3905.12
3.89E+08 0.1497 3901.58
3.97E+08 0.1487 3898.13
4.07E+08 0.1450 3894.65
4.16E+08 0.1433 3891.06
4.25E+08 0.1402 3887.65
4.35E+08 0.1377 3884.07
4.45E+08 0.1360 3880.7
4.55E+08 0.1339 3877.06
4.65E+08 0.1307 3873.72
4.72E+08 0.1286 3871.18
4.81E+08 0.1277 3868.31
4.91E+08 0.1252 3865.02
5.02E+08 0.1224 3861.46
5.11E+08 0.1222 3858.6
5.22E+08 0.1183 3855.16
5.32E+08 0.1161 3852.13
5.42E+08 0.1145 3849.15
5.51E+08 0.1127 3846.35
5.60E+08 0.1116 3843.83
5.68E+08 0.1101 3841.4
5.76E+08 0.1083 3839.24
5.83E+08 0.1080 3837.21
5.90E+08 0.1070 3835.13
5.97E+08 0.1061 3833.4
6.04E+08 0.1053 3831.33
6.12E+08 0.1048 3829.26
6.20E+08 0.1051 3827.07
6.28E+08 0.1033 3824.81
6.36E+08 0.1028 3822.59
6.44E+08 0.1020 3820.39
6.51E+08 0.1020 3818.53
6.60E+08 0.1011 3816.28
6.67E+08 0.1011 3814.34
6.75E+08 0.1000 3812.25
6.82E+08 0.0992 3810.52
6.89E+08 0.0990 3808.67
6.96E+08 0.0989 3806.82
7.04E+08 0.0986 3804.9
7.11E+08 0.0980 3802.93
7.19E+08 0.0978 3800.89
7.29E+08 0.0964 3798.52
7.36E+08 0.0964 3796.58
7.43E+08 0.0962 3794.91
7.51E+08 0.0962 3793
7.58E+08 0.0954 3791.1
7.66E+08 0.0951 3789.31
7.73E+08 0.0943 3787.49
7.81E+08 0.0936 3785.58
7.89E+08 0.0937 3783.68
7.97E+08 0.0934 3781.69
8.05E+08 0.0922 3779.59
8.14E+08 0.0923 3777.5
8.22E+08 0.0924 3775.69
8.31E+08 0.0912 3773.42
8.40E+08 0.0909 3771.31
8.48E+08 0.0908 3769.39
8.57E+08 0.0903 3767.31
8.65E+08 0.0905 3765.43
8.73E+08 0.0902 3763.45
8.80E+08 0.0902 3761.9
8.86E+08 0.0889 3760.35
8.93E+08 0.0893 3758.91
9.00E+08 0.0888 3757.31
9.07E+08 0.0882 3755.56
9.15E+08 0.0893 3753.85
9.23E+08 0.0879 3751.87
9.30E+08 0.0882 3750.33
9.39E+08 0.0877 3748.24
9.47E+08 0.0883 3746.41
9.56E+08 0.0879 3744.28
9.65E+08 0.0871 3742.21
9.75E+08 0.0873 3740.02
9.85E+08 0.0867 3737.86
9.95E+08 0.0860 3735.61
1.00E+09 0.0860 3733.44
1.01E+09 0.0853 3731.66
1.02E+09 0.0853 3729.71
1.03E+09 0.0850 3727.54
1.04E+09 0.0851 3725.37
1.05E+09 0.0850 3723.42
1.06E+09 0.0840 3721.46
1.07E+09 0.0837 3719.33
1.08E+09 0.0841 3717.55
1.09E+09 0.0830 3715.57
1.09E+09 0.0831 3713.78
1.10E+09 0.0828 3711.97
1.11E+09 0.0825 3709.85
1.12E+09 0.0823 3707.71
1.13E+09 0.0824 3705.57
1.14E+09 0.0818 3703.54
1.15E+09 0.0813 3701.64
1.16E+09 0.0813 3699.6
1.17E+09 0.0807 3697.62
1.18E+09 0.0803 3695.97
1.18E+09 0.0811 3694.36
1.19E+09 0.0799 3692.57
1.20E+09 0.0795 3690.99
1.21E+09 0.0786 3689.42
1.22E+09 0.0790 3687.55
1.23E+09 0.0794 3685.52
1.24E+09 0.0786 3683.38
1.25E+09 0.0785 3681.42
1.26E+09 0.0782 3679.28
1.27E+09 0.0776 3677.14
1.28E+09 0.0779 3675.27
1.29E+09 0.0770 3673.16
1.30E+09 0.0767 3671.24
1.31E+09 0.0774 3669.28
1.32E+09 0.0767 3667.19
1.33E+09 0.0760 3665.1
1.34E+09 0.0761 3663.12
1.35E+09 0.0761 3660.99
1.36E+09 0.0760 3659.02
1.37E+09 0.0751 3656.93
1.38E+09 0.0748 3654.83
1.39E+09 0.0745 3652.61
1.40E+09 0.0740 3651.13
1.41E+09 0.0735 3649.36
1.42E+09 0.0732 3647.61
1.43E+09 0.0732 3645.71
1.44E+09 0.0735 3643.89
1.45E+09 0.0732 3641.85
1.46E+09 0.0724 3639.94
1.47E+09 0.0726 3638.28
1.48E+09 0.0724 3636.6
1.49E+09 0.0718 3634.53
1.50E+09 0.0716 3632.42
1.51E+09 0.0716 3630.7
1.52E+09 0.0708 3628.81
1.53E+09 0.0709 3626.89
1.54E+09 0.0705 3625.25
1.54E+09 0.0705 3623.58
1.56E+09 0.0703 3621.44
1.57E+09 0.0702 3619.43
1.58E+09 0.0702 3617.6
1.59E+09 0.0695 3615.71
1.60E+09 0.0690 3613.88
1.61E+09 0.0688 3612.15
1.62E+09 0.0683 3610.61
1.63E+09 0.0677 3609.05
1.63E+09 0.0679 3607.35
1.64E+09 0.0675 3605.62
1.65E+09 0.0673 3603.86
1.66E+09 0.0677 3602.05
1.67E+09 0.0667 3600.35
1.68E+09 0.0671 3598.51
1.70E+09 0.0669 3596.56
1.71E+09 0.0668 3594.43
1.72E+09 0.0666 3592.53
1.73E+09 0.0664 3590.65
1.74E+09 0.0658 3588.62
1.75E+09 0.0655 3586.78
1.76E+09 0.0658 3584.85
1.78E+09 0.0655 3582.85
1.79E+09 0.0650 3580.99
1.80E+09 0.0647 3579.21
1.81E+09 0.0647 3577.68
1.82E+09 0.0642 3576.19
1.82E+09 0.0638 3574.7
1.83E+09 0.0638 3573.09
1.85E+09 0.0635 3571
1.86E+09 0.0633 3569.3
1.87E+09 0.0628 3567.33
1.88E+09 0.0631 3565.49
1.89E+09 0.0623 3563.67
1.90E+09 0.0623 3561.77
1.91E+09 0.0623 3560.19
1.92E+09 0.0613 3558.63
1.93E+09 0.0615 3557.18
1.94E+09 0.0611 3555.45
1.95E+09 0.0612 3553.87
1.96E+09 0.0607 3552.09
1.97E+09 0.0599 3550.53
1.98E+09 0.0603 3549.13
1.99E+09 0.0603 3547.55
2.00E+09 0.0602 3545.91
2.01E+09 0.0593 3544.1
2.03E+09 0.0594 3542.35
2.04E+09 0.0588 3540.83
2.04E+09 0.0590 3539.37
2.05E+09 0.0591 3537.99
2.07E+09 0.0584 3535.92
2.08E+09 0.0586 3534.32
2.09E+09 0.0583 3532.47
2.10E+09 0.0575 3530.56
2.12E+09 0.0578 3528.51
2.13E+09 0.0576 3526.41
2.14E+09 0.0569 3524.39
2.16E+09 0.0563 3522.43
2.17E+09 0.0569 3520.51
2.18E+09 0.0565 3518.64
2.19E+09 0.0569 3516.97
2.21E+09 0.0562 3514.97
2.22E+09 0.0563 3513.2
2.23E+09 0.0553 3511.24
2.25E+09 0.0553 3509.25
2.26E+09 0.0552 3507.24
2.27E+09 0.0556 3505.23
2.29E+09 0.0548 3503.28
2.30E+09 0.0545 3501.21
2.32E+09 0.0546 3499.34
2.33E+09 0.0546 3497.3
2.34E+09 0.0542 3495.17
2.36E+09 0.0537 3492.95
2.37E+09 0.0538 3491.14
2.39E+09 0.0531 3489.23
2.40E+09 0.0530 3487.38
2.41E+09 0.0530 3485.65
2.43E+09 0.0523 3483.72
2.44E+09 0.0524 3481.79
2.46E+09 0.0521 3479.52
2.47E+09 0.0519 3477.62
2.48E+09 0.0511 3476.05
2.50E+09 0.0511 3474.29
2.51E+09 0.0511 3472.83
2.52E+09 0.0508 3471.17
2.53E+09 0.0504 3469.63
2.54E+09 0.0502 3468.05
2.56E+09 0.0496 3466.5
2.57E+09 0.0498 3464.7
2.58E+09 0.0493 3462.95
2.60E+09 0.0496 3461.1
2.61E+09 0.0489 3459.24
2.62E+09 0.0486 3457.72
2.63E+09 0.0484 3456.46
2.65E+09 0.0487 3454.98
2.66E+09 0.0486 3453.19
2.67E+09 0.0487 3451.67
2.69E+09 0.0474 3449.6
2.70E+09 0.0475 3447.7
2.72E+09 0.0475 3445.85
2.73E+09 0.0479 3443.97
2.75E+09 0.0471 3442.28
2.76E+09 0.0462 3440.73
2.77E+09 0.0463 3439.23
2.79E+09 0.0464 3437.57
2.80E+09 0.0469 3435.89
2.81E+09 0.0466 3434.21
2.83E+09 0.0462 3432.47
2.84E+09 0.0462 3430.82
2.86E+09 0.0457 3428.97
2.87E+09 0.0453 3427.17
2.89E+09 0.0456 3425.49
2.90E+09 0.0449 3423.61
2.92E+09 0.0446 3421.87
2.93E+09 0.0448 3420
2.95E+09 0.0445 3417.92
2.97E+09 0.0445 3416.03
2.98E+09 0.0442 3414.53
2.99E+09 0.0435 3412.97
3.01E+09 0.0433 3411.3
3.02E+09 0.0431 3409.72
3.04E+09 0.0429 3407.94
3.05E+09 0.0427 3406.42
3.07E+09 0.0426 3404.87
3.08E+09 0.0429 3403.2
3.10E+09 0.0421 3401.65
3.11E+09 0.0423 3400.01
3.13E+09 0.0422 3398.29
3.14E+09 0.0416 3396.43
3.16E+09 0.0416 3394.63
3.18E+09 0.0414 3392.84
3.19E+09 0.0411 3391.09
3.21E+09 0.0404 3389.24
3.23E+09 0.0408 3387.56
3.24E+09 0.0408 3385.63
3.26E+09 0.0405 3383.63
3.28E+09 0.0402 3381.62
3.30E+09 0.0393 3379.7
3.32E+09 0.0392 3377.96
3.33E+09 0.0391 3376.21
3.35E+09 0.0389 3374.46
3.37E+09 0.0388 3372.76
3.38E+09 0.0393 3371.21
3.40E+09 0.0384 3369.5
3.42E+09 0.0377 3367.68
3.44E+09 0.0379 3366.07
3.45E+09 0.0377 3364.24
3.47E+09 0.0377 3362.46
3.49E+09 0.0380 3360.63
3.51E+09 0.0375 3358.72
3.53E+09 0.0372 3356.89
3.55E+09 0.0373 3354.95
3.57E+09 0.0366 3353.16
3.59E+09 0.0363 3351.26
3.61E+09 0.0365 3349.38
3.63E+09 0.0363 3347.62
3.64E+09 0.0359 3345.91
3.67E+09 0.0355 3343.89
3.68E+09 0.0358 3342.13
3.70E+09 0.0353 3340.29
3.72E+09 0.0350 3338.49
3.74E+09 0.0351 3336.73
3.76E+09 0.0344 3334.94
3.78E+09 0.0344 3333.2
3.80E+09 0.0342 3331.55
3.82E+09 0.0344 3329.98
3.84E+09 0.0338 3328.12
3.86E+09 0.0337 3326.49
3.88E+09 0.0336 3324.65
3.90E+09 0.0331 3323.04
3.92E+09 0.0331 3321.32
3.94E+09 0.0326 3319.55
3.96E+09 0.0328 3317.95
3.98E+09 0.0328 3316.21
4.00E+09 0.0324 3314.59
4.02E+09 0.0321 3312.87
4.04E+09 0.0325 3311.22
4.06E+09 0.0320 3309.71
4.08E+09 0.0317 3308.07
4.10E+09 0.0315 3306.35
4.12E+09 0.0312 3304.74
4.14E+09 0.0315 3302.83
4.16E+09 0.0307 3300.92
4.19E+09 0.0306 3299.13
4.21E+09 0.0304 3297.37
4.23E+09 0.0307 3295.62
4.25E+09 0.0309 3294.07
4.27E+09 0.0300 3292.31
4.29E+09 0.0298 3290.51
4.32E+09 0.0296 3288.79
4.34E+09 0.0298 3286.94
4.36E+09 0.0294 3285.1
4.39E+09 0.0292 3283.25
4.41E+09 0.0287 3281.43
4.43E+09 0.0289 3279.73
4.46E+09 0.0286 3278.02
4.48E+09 0.0280 3276.33
4.50E+09 0.0283 3274.68
4.52E+09 0.0283 3273.04
4.55E+09 0.0276 3271.33
4.57E+09 0.0278 3270.03
4.59E+09 0.0277 3268.43
4.61E+09 0.0276 3266.71
4.63E+09 0.0276 3265.11
4.66E+09 0.0273 3263.32
4.68E+09 0.0272 3261.55
4.71E+09 0.0269 3259.7
4.74E+09 0.0270 3257.91
4.76E+09 0.0270 3256.24
4.78E+09 0.0264 3254.57
4.81E+09 0.0264 3252.94
4.83E+09 0.0263 3251.23
4.86E+09 0.0262 3249.66
4.88E+09 0.0258 3247.96
4.91E+09 0.0260 3246.33
4.93E+09 0.0258 3244.6
4.95E+09 0.0259 3243.03
4.98E+09 0.0257 3241.43
5.00E+09 0.0253 3239.95
