0.00E+00 -0.7725 5824.05
2.00E+08 0.1999 5631.13
2.69E+08 0.1788 5562.13
3.26E+08 0.1719 5508.38
3.79E+08 0.1656 5460.16
4.31E+08 0.1596 5414.54
4.78E+08 0.1554 5374.56
5.15E+08 0.1517 5344.92
5.53E+08 0.1456 5316.46
5.81E+08 0.1403 5295.04
6.12E+08 0.1353 5273.2
6.40E+08 0.1333 5253.86
6.69E+08 0.1286 5234.12
6.94E+08 0.1265 5217.19
7.19E+08 0.1258 5201.19
7.42E+08 0.1250 5186.11
7.64E+08 0.1279 5171.52
7.83E+08 0.1405 5158.97
7.87E+08 0.1781 5155.83
7.92E+08 0.2323 5149.94
8.06E+08 0.2147 5133.6
8.67E+08 0.1867 5071.75
9.21E+08 0.1789 5020.07
9.72E+08 0.1960 4972.25
1.04E+09 0.1457 4913.1
1.14E+09 0.1310 4842.46
1.26E+09 0.1052 4769.95
1.38E+09 0.1289 4691.59
1.52E+09 0.1185 4610.87
1.64E+09 0.1086 4534.36
1.73E+09 0.0932 4486.6
1.81E+09 0.0816 4449.6
1.87E+09 0.0698 4425.67
1.91E+09 0.0794 4412.27
1.94E+09 0.0684 4400.4
1.97E+09 0.0690 4389.29
2.00E+09 0.0600 4378.96
2.03E+09 0.0535 4369.95
2.06E+09 0.0630 4360.24
2.09E+09 0.0558 4352.02
2.11E+09 0.0580 4346.14
2.14E+09 0.0593 4337.8
2.17E+09 0.0564 4327.42
2.20E+09 0.0547 4318.54
2.23E+09 0.0444 4311.21
2.27E+09 0.0512 4303.21
2.29E+09 0.0520 4295.24
2.32E+09 0.0507 4287.2
2.36E+09 0.0413 4279.65
2.40E+09 0.0420 4271.06
2.42E+09 0.0467 4264.74
2.46E+09 0.0386 4257.26
2.49E+09 0.0402 4250.18
2.53E+09 0.0345 4243.64
2.57E+09 0.0411 4235.61
2.60E+09 0.0415 4228.65
2.63E+09 0.0322 4222.35
2.68E+09 0.0368 4214.78
2.71E+09 0.0331 4207.91
2.76E+09 0.0335 4200.59
2.80E+09 0.0309 4192.95
2.84E+09 0.0325 4186.13
2.87E+09 0.0293 4181.25
2.92E+09 0.0268 4174.8
2.96E+09 0.0293 4168.37
3.02E+09 0.0238 4161.13
3.07E+09 0.0287 4154.2
3.11E+09 0.0255 4148.77
3.15E+09 0.0185 4143.58
3.20E+09 0.0232 4139.14
3.23E+09 0.0207 4134.98
3.27E+09 0.0218 4130.12
3.33E+09 0.0181 4124.32
3.38E+09 0.0190 4119.51
3.42E+09 0.0187 4115.11
3.47E+09 0.0154 4111.05
3.53E+09 0.0184 4106.15
3.57E+09 0.0167 4102.09
3.63E+09 0.0178 4096.65
3.68E+09 0.0188 4092.63
3.74E+09 0.0132 4087.61
3.81E+09 0.0133 4082.83
3.86E+09 0.0139 4078.53
3.93E+09 0.0139 4074.09
3.98E+09 0.0129 4070.22
4.03E+09 0.0112 4067.1
4.10E+09 0.0126 4063.16
4.15E+09 0.0101 4060.25
4.23E+09 0.0111 4055.79
4.30E+09 0.0114 4051.44
4.36E+09 0.0088 4048.05
4.43E+09 0.0098 4044.82
4.50E+09 0.0094 4041.17
4.57E+09 0.0110 4037.67
4.65E+09 0.0088 4033.53
4.71E+09 0.0073 4030.94
4.79E+09 0.0074 4028.2
4.85E+09 0.0071 4025.64
4.90E+09 0.0092 4023.55
4.98E+09 0.0073 4019.91
