0.00E+00 -0.3284 4087.04
4.11E+07 0.1730 4077.76
4.86E+07 0.2053 4073.97
5.73E+07 0.2318 4068.77
7.16E+07 0.2267 4059.93
9.60E+07 0.2172 4045.16
1.31E+08 0.1952 4026.31
1.57E+08 0.2007 4012.33
1.82E+08 0.2201 3997.97
2.09E+08 0.2130 3982.28
2.28E+08 0.2035 3971.8
2.40E+08 0.1976 3964.92
2.52E+08 0.1922 3958.7
2.63E+08 0.1864 3953.31
2.73E+08 0.1866 3948.4
2.84E+08 0.1843 3942.97
2.96E+08 0.1807 3936.74
3.06E+08 0.1765 3932.35
3.18E+08 0.1736 3926.61
3.27E+08 0.1698 3922.56
3.39E+08 0.1674 3917.14
3.50E+08 0.1627 3912.05
3.62E+08 0.1606 3906.92
3.73E+08 0.1567 3902.25
3.84E+08 0.1532 3897.36
3.95E+08 0.1501 3893.11
4.05E+08 0.1477 3889.18
4.13E+08 0.1460 3885.79
4.23E+08 0.1419 3881.89
4.32E+08 0.1392 3878.82
4.40E+08 0.1378 3875.68
4.48E+08 0.1344 3872.54
4.58E+08 0.1318 3869.27
4.67E+08 0.1300 3865.91
4.78E+08 0.1274 3862
4.87E+08 0.1249 3858.93
4.97E+08 0.1229 3855.78
5.05E+08 0.1207 3853.24
5.17E+08 0.1185 3849.37
5.28E+08 0.1161 3845.69
5.41E+08 0.1132 3841.89
5.54E+08 0.1100 3837.94
5.67E+08 0.1081 3834.18
5.77E+08 0.1050 3831.28
5.88E+08 0.1033 3828.24
6.01E+08 0.1011 3824.69
6.15E+08 0.0982 3820.91
6.26E+08 0.0963 3818.07
6.37E+08 0.0946 3815.3
6.45E+08 0.0926 3813.13
6.53E+08 0.0926 3811.2
6.61E+08 0.0908 3809.21
6.70E+08 0.0906 3807.08
6.78E+08 0.0880 3805.11
6.86E+08 0.0884 3803.33
6.94E+08 0.0881 3801.49
7.01E+08 0.0861 3799.64
7.08E+08 0.0866 3798.06
7.17E+08 0.0857 3796.07
7.25E+08 0.0855 3794.08
7.33E+08 0.0853 3792.32
7.44E+08 0.0849 3789.87
7.55E+08 0.0836 3787.38
7.64E+08 0.0824 3785.32
7.73E+08 0.0819 3783.43
7.79E+08 0.0824 3781.96
7.87E+08 0.0809 3780.3
7.93E+08 0.0803 3778.91
8.01E+08 0.0807 3777.31
8.08E+08 0.0800 3775.66
8.16E+08 0.0793 3774.05
8.24E+08 0.0796 3772.32
8.33E+08 0.0789 3770.39
8.43E+08 0.0785 3768.28
8.54E+08 0.0765 3766.09
8.64E+08 0.0772 3764.03
8.74E+08 0.0762 3761.81
8.85E+08 0.0757 3759.56
8.96E+08 0.0761 3757.45
9.07E+08 0.0750 3755.07
9.19E+08 0.0748 3752.71
9.30E+08 0.0746 3750.61
9.41E+08 0.0742 3748.28
9.51E+08 0.0739 3746.27
9.62E+08 0.0739 3744.09
9.75E+08 0.0729 3741.65
9.86E+08 0.0732 3739.46
9.97E+08 0.0724 3737.33
1.01E+09 0.0717 3735.16
1.02E+09 0.0715 3733.11
1.03E+09 0.0718 3730.94
1.04E+09 0.0715 3728.67
1.05E+09 0.0710 3726.47
1.06E+09 0.0698 3724.52
1.07E+09 0.0702 3722.54
1.09E+09 0.0689 3720.24
1.10E+09 0.0697 3718.19
1.11E+09 0.0691 3716.1
1.12E+09 0.0689 3714.1
1.13E+09 0.0687 3711.89
1.14E+09 0.0682 3710.14
1.15E+09 0.0681 3708.43
1.16E+09 0.0672 3706.49
1.17E+09 0.0671 3704.61
1.18E+09 0.0671 3702.5
1.19E+09 0.0664 3700.42
1.21E+09 0.0662 3698.43
1.22E+09 0.0664 3696.44
1.23E+09 0.0661 3694.53
1.24E+09 0.0656 3692.6
1.25E+09 0.0651 3690.66
1.26E+09 0.0659 3688.65
1.27E+09 0.0643 3686.48
1.29E+09 0.0648 3684.5
1.30E+09 0.0642 3682.43
1.31E+09 0.0634 3680.49
1.32E+09 0.0639 3678.51
1.33E+09 0.0632 3676.34
1.34E+09 0.0632 3674.34
1.36E+09 0.0633 3672.01
1.37E+09 0.0624 3669.79
1.38E+09 0.0623 3667.73
1.40E+09 0.0616 3665.55
1.41E+09 0.0614 3663.28
1.42E+09 0.0615 3661.15
1.44E+09 0.0606 3658.85
1.45E+09 0.0610 3656.85
1.46E+09 0.0601 3654.61
1.48E+09 0.0607 3652.63
1.49E+09 0.0590 3650.49
1.50E+09 0.0592 3648.43
1.52E+09 0.0590 3646.05
1.53E+09 0.0589 3643.82
1.54E+09 0.0586 3641.71
1.56E+09 0.0577 3639.49
1.57E+09 0.0578 3637.58
1.59E+09 0.0566 3635.24
1.60E+09 0.0573 3633.07
1.61E+09 0.0567 3631.01
1.63E+09 0.0564 3628.92
1.64E+09 0.0564 3626.72
1.66E+09 0.0563 3624.31
1.67E+09 0.0552 3622.15
1.69E+09 0.0553 3620.28
1.70E+09 0.0550 3618.04
1.72E+09 0.0550 3615.89
1.73E+09 0.0539 3613.6
1.74E+09 0.0537 3611.78
1.76E+09 0.0538 3609.88
1.77E+09 0.0533 3607.94
1.78E+09 0.0528 3605.97
1.80E+09 0.0528 3603.78
1.81E+09 0.0528 3601.59
1.83E+09 0.0517 3599.64
1.84E+09 0.0523 3597.81
1.86E+09 0.0518 3595.9
1.87E+09 0.0514 3594.23
1.88E+09 0.0509 3592.32
1.90E+09 0.0513 3590.17
1.91E+09 0.0508 3588
1.93E+09 0.0506 3586.02
1.94E+09 0.0501 3583.81
1.96E+09 0.0498 3581.74
1.97E+09 0.0494 3579.65
1.99E+09 0.0489 3577.45
2.01E+09 0.0491 3575.34
2.02E+09 0.0491 3573.26
2.04E+09 0.0489 3571.38
2.05E+09 0.0486 3569.28
2.07E+09 0.0485 3567.26
2.08E+09 0.0480 3565.25
2.10E+09 0.0477 3563.18
2.12E+09 0.0477 3561.2
2.13E+09 0.0475 3558.98
2.15E+09 0.0470 3557.08
2.16E+09 0.0461 3555.1
2.18E+09 0.0462 3552.97
2.20E+09 0.0462 3550.76
2.22E+09 0.0462 3548.62
2.23E+09 0.0457 3546.46
2.25E+09 0.0457 3544.49
2.27E+09 0.0450 3542.39
2.28E+09 0.0445 3540.4
2.30E+09 0.0446 3538.39
2.32E+09 0.0448 3536.47
2.33E+09 0.0442 3534.57
2.35E+09 0.0439 3532.63
2.36E+09 0.0438 3530.79
2.38E+09 0.0431 3528.74
2.40E+09 0.0434 3526.72
2.42E+09 0.0435 3524.75
2.43E+09 0.0425 3522.92
2.45E+09 0.0424 3521.02
2.47E+09 0.0415 3519.03
2.48E+09 0.0424 3517.03
2.50E+09 0.0412 3515
2.52E+09 0.0418 3513.29
2.53E+09 0.0411 3511.58
2.55E+09 0.0411 3509.8
2.57E+09 0.0407 3507.9
2.58E+09 0.0402 3505.92
2.60E+09 0.0406 3503.98
2.62E+09 0.0399 3501.89
2.64E+09 0.0398 3499.82
2.66E+09 0.0398 3497.91
2.68E+09 0.0397 3495.9
2.70E+09 0.0392 3493.85
2.72E+09 0.0390 3491.92
2.73E+09 0.0387 3489.92
2.75E+09 0.0385 3488.02
2.77E+09 0.0386 3485.99
2.79E+09 0.0385 3484.03
2.81E+09 0.0376 3482.1
2.83E+09 0.0373 3480.16
2.85E+09 0.0377 3478.22
2.87E+09 0.0374 3476.34
2.88E+09 0.0376 3474.62
2.91E+09 0.0371 3472.57
2.92E+09 0.0367 3470.65
2.94E+09 0.0363 3468.72
2.96E+09 0.0363 3466.89
2.98E+09 0.0361 3465.19
3.00E+09 0.0360 3463.42
3.02E+09 0.0355 3461.48
3.04E+09 0.0351 3459.51
3.06E+09 0.0352 3457.81
3.08E+09 0.0350 3456.17
3.09E+09 0.0347 3454.41
3.11E+09 0.0346 3452.73
3.13E+09 0.0345 3451.15
3.15E+09 0.0345 3449.4
3.17E+09 0.0338 3447.5
3.19E+09 0.0339 3445.67
3.21E+09 0.0335 3443.89
3.23E+09 0.0331 3442.22
3.25E+09 0.0331 3440.43
3.27E+09 0.0328 3438.73
3.29E+09 0.0325 3436.79
3.31E+09 0.0323 3434.85
3.33E+09 0.0326 3433
3.35E+09 0.0322 3431.14
3.38E+09 0.0324 3429.28
3.40E+09 0.0317 3427.42
3.42E+09 0.0317 3425.59
3.44E+09 0.0318 3423.84
3.46E+09 0.0314 3421.87
3.49E+09 0.0307 3419.8
3.51E+09 0.0307 3418.04
3.53E+09 0.0305 3416.06
3.56E+09 0.0299 3414.09
3.58E+09 0.0300 3412.14
3.61E+09 0.0302 3410.15
3.63E+09 0.0299 3408.35
3.65E+09 0.0298 3406.71
3.67E+09 0.0295 3404.83
3.70E+09 0.0297 3402.91
3.72E+09 0.0289 3400.93
3.75E+09 0.0285 3399.14
3.77E+09 0.0288 3397.27
3.79E+09 0.0283 3395.58
3.81E+09 0.0291 3394.13
3.83E+09 0.0281 3392.53
3.85E+09 0.0282 3390.93
3.88E+09 0.0278 3389.17
3.90E+09 0.0278 3387.48
3.92E+09 0.0270 3385.95
3.94E+09 0.0276 3384.28
3.97E+09 0.0270 3382.57
3.99E+09 0.0268 3380.64
4.02E+09 0.0270 3378.8
4.04E+09 0.0267 3377.06
4.07E+09 0.0259 3375.36
4.09E+09 0.0262 3373.68
4.12E+09 0.0259 3371.71
4.15E+09 0.0253 3369.87
4.17E+09 0.0256 3368.1
4.20E+09 0.0253 3366.32
4.22E+09 0.0255 3364.65
4.25E+09 0.0250 3362.68
4.28E+09 0.0248 3360.9
4.30E+09 0.0250 3359.26
4.33E+09 0.0247 3357.44
4.35E+09 0.0244 3355.75
4.38E+09 0.0241 3353.88
4.41E+09 0.0242 3352.05
4.44E+09 0.0241 3350.27
4.47E+09 0.0236 3348.38
4.50E+09 0.0234 3346.54
4.53E+09 0.0235 3344.79
4.55E+09 0.0230 3342.99
4.58E+09 0.0229 3341.33
4.61E+09 0.0227 3339.57
4.64E+09 0.0231 3337.7
4.67E+09 0.0223 3335.9
4.70E+09 0.0225 3334.17
4.73E+09 0.0223 3332.43
4.76E+09 0.0221 3330.67
4.79E+09 0.0223 3329.03
4.81E+09 0.0218 3327.4
4.84E+09 0.0223 3325.87
4.87E+09 0.0217 3323.94
4.90E+09 0.0216 3322.25
4.93E+09 0.0214 3320.53
4.96E+09 0.0211 3318.84
4.99E+09 0.0213 3317.19
