0.00E+00 -0.7654 5815.48
1.62E+08 0.2444 5687.12
2.12E+08 0.2299 5642.62
2.56E+08 0.2185 5605.46
2.96E+08 0.1967 5571.94
3.25E+08 0.1996 5548.64
3.57E+08 0.1909 5524.47
3.80E+08 0.1890 5506.82
4.08E+08 0.1844 5486.3
4.29E+08 0.1805 5471.29
4.54E+08 0.1735 5454.01
4.74E+08 0.1733 5439.86
4.95E+08 0.1720 5425.89
5.14E+08 0.1692 5412.64
5.32E+08 0.1694 5400.75
5.44E+08 0.1800 5392.47
5.47E+08 0.1999 5390.49
5.50E+08 0.2230 5387.32
5.55E+08 0.2667 5382.5
5.67E+08 0.2628 5370.04
5.94E+08 0.2676 5340.96
6.23E+08 0.2719 5310.49
6.44E+08 0.2789 5287.7
6.66E+08 0.2504 5263.59
7.06E+08 0.2274 5225.5
7.54E+08 0.2064 5183.89
8.06E+08 0.1912 5143.04
8.64E+08 0.2034 5097.97
9.05E+08 0.2219 5063.87
9.43E+08 0.2576 5028.08
9.89E+08 0.1984 4987.34
1.05E+09 0.2004 4939.25
1.12E+09 0.2108 4881.17
1.20E+09 0.2036 4813.43
1.25E+09 0.1848 4774.64
1.26E+09 0.1841 4765.59
1.28E+09 0.1653 4753.08
1.30E+09 0.1560 4741.81
1.32E+09 0.1599 4730.37
1.34E+09 0.1689 4718.62
1.35E+09 0.1607 4706.75
1.37E+09 0.1546 4697.63
1.38E+09 0.1590 4687.48
1.40E+09 0.1463 4678.25
1.42E+09 0.1550 4668.39
1.43E+09 0.1525 4660.23
1.45E+09 0.1422 4649.8
1.46E+09 0.1393 4640.35
1.48E+09 0.1392 4631.11
1.50E+09 0.1460 4620.85
1.52E+09 0.1312 4611
1.53E+09 0.1363 4603.67
1.55E+09 0.1303 4594.12
1.57E+09 0.1339 4584.47
1.58E+09 0.1283 4576.84
1.60E+09 0.1325 4568.55
1.61E+09 0.1235 4560.37
1.63E+09 0.1251 4551.68
1.65E+09 0.1278 4542.23
1.67E+09 0.1214 4532.77
1.69E+09 0.1212 4524.9
1.71E+09 0.1092 4515.24
1.72E+09 0.1161 4509.41
1.74E+09 0.1079 4499.74
1.76E+09 0.1180 4492.43
1.78E+09 0.1052 4483.73
1.80E+09 0.1115 4474.57
1.82E+09 0.1019 4465.52
1.84E+09 0.1015 4457.87
1.86E+09 0.1030 4449.67
1.88E+09 0.0969 4441.93
1.90E+09 0.1030 4434.81
1.92E+09 0.0958 4427.6
1.94E+09 0.1001 4418.91
1.96E+09 0.0986 4410.36
1.98E+09 0.0945 4401.01
2.00E+09 0.0856 4395.2
2.02E+09 0.0895 4389.17
2.04E+09 0.0875 4380.36
2.07E+09 0.0898 4371.84
2.09E+09 0.0895 4364.89
2.11E+09 0.0850 4356.92
2.13E+09 0.0874 4351.37
2.15E+09 0.0810 4343.49
2.17E+09 0.0852 4336.83
2.20E+09 0.0803 4327.2
2.22E+09 0.0743 4320.14
2.25E+09 0.0733 4312.33
2.27E+09 0.0794 4305.83
2.30E+09 0.0688 4298.5
2.32E+09 0.0731 4291.01
2.35E+09 0.0747 4283.98
2.37E+09 0.0655 4276.55
2.40E+09 0.0636 4270.9
2.42E+09 0.0640 4264.64
2.45E+09 0.0688 4257.34
2.48E+09 0.0645 4249.26
2.51E+09 0.0628 4241.36
2.54E+09 0.0601 4234.43
2.57E+09 0.0546 4226.56
2.61E+09 0.0541 4219.43
2.64E+09 0.0514 4212.86
2.66E+09 0.0523 4207.4
2.69E+09 0.0527 4200.87
2.72E+09 0.0504 4194.51
2.75E+09 0.0548 4188.79
2.78E+09 0.0486 4182.61
2.81E+09 0.0478 4177.51
2.84E+09 0.0496 4171.17
2.87E+09 0.0468 4165.24
2.91E+09 0.0475 4158.77
2.94E+09 0.0463 4152.93
2.98E+09 0.0467 4146.12
3.01E+09 0.0404 4139.84
3.05E+09 0.0403 4133.68
3.09E+09 0.0382 4128.43
3.12E+09 0.0387 4123.25
3.16E+09 0.0375 4117.33
3.20E+09 0.0368 4111.09
3.24E+09 0.0382 4104.97
3.28E+09 0.0336 4099.41
3.32E+09 0.0363 4093.7
3.37E+09 0.0325 4087.72
3.41E+09 0.0324 4081.71
3.46E+09 0.0297 4076.26
3.50E+09 0.0331 4071.2
3.54E+09 0.0276 4065.92
3.58E+09 0.0311 4061.62
3.63E+09 0.0276 4056.26
3.67E+09 0.0281 4051.32
3.70E+09 0.0246 4047.67
3.75E+09 0.0237 4043.63
3.79E+09 0.0273 4039.15
3.84E+09 0.0245 4034.39
3.89E+09 0.0258 4029
3.94E+09 0.0236 4024.21
3.99E+09 0.0221 4019.46
4.04E+09 0.0187 4015.43
4.09E+09 0.0210 4011.69
4.14E+09 0.0216 4007.38
4.19E+09 0.0200 4003.19
4.24E+09 0.0208 3999.24
4.29E+09 0.0190 3994.89
4.34E+09 0.0164 3991.32
4.40E+09 0.0195 3987.42
4.45E+09 0.0155 3983.71
4.51E+09 0.0168 3980.27
4.56E+09 0.0162 3976.73
4.62E+09 0.0175 3973.01
4.67E+09 0.0152 3969.33
4.73E+09 0.0152 3965.75
4.79E+09 0.0149 3962.28
4.85E+09 0.0146 3958.7
4.91E+09 0.0136 3955.62
4.97E+09 0.0152 3952.02
