0.00E+00 -0.5078 4828.97
2.75E+08 0.1006 4713.95
3.50E+08 0.0980 4681.66
4.14E+08 0.0951 4655.15
4.33E+08 0.0948 4647.82
4.36E+08 0.1081 4646.23
4.46E+08 0.1259 4641.7
4.66E+08 0.1305 4630.76
5.04E+08 0.1418 4609.38
5.20E+08 0.1720 4598.42
6.12E+08 0.1383 4543.6
6.72E+08 0.1700 4507.38
7.64E+08 0.1403 4449.56
8.51E+08 0.1252 4402.08
9.27E+08 0.1124 4364.75
9.95E+08 0.1116 4333.3
1.04E+09 0.1027 4313.73
1.09E+09 0.1004 4291.82
1.13E+09 0.1059 4274.36
1.17E+09 0.1043 4257.75
1.21E+09 0.1017 4241.87
1.24E+09 0.0968 4227.19
1.29E+09 0.0897 4210.58
1.32E+09 0.0917 4197.9
1.36E+09 0.0822 4182.67
1.40E+09 0.0752 4172.13
1.43E+09 0.0761 4160.15
1.47E+09 0.0702 4149.22
1.50E+09 0.0754 4140.02
1.54E+09 0.0712 4129.4
1.56E+09 0.0662 4122.55
1.59E+09 0.0654 4115.78
1.61E+09 0.0646 4109.45
1.63E+09 0.0676 4103.47
1.66E+09 0.0631 4097.03
1.68E+09 0.0601 4091.13
1.71E+09 0.0617 4084
1.73E+09 0.0574 4077.96
1.75E+09 0.0612 4072.35
1.77E+09 0.0550 4067.76
1.80E+09 0.0545 4061.51
1.82E+09 0.0490 4057.56
1.84E+09 0.0546 4053.4
1.86E+09 0.0520 4048.17
1.89E+09 0.0492 4043.16
1.91E+09 0.0557 4038.68
1.94E+09 0.0520 4032.52
1.96E+09 0.0451 4026.64
1.99E+09 0.0532 4021.21
2.02E+09 0.0490 4014.4
2.05E+09 0.0457 4008.65
2.08E+09 0.0394 4003.54
2.11E+09 0.0420 3999.26
2.14E+09 0.0461 3993.96
2.16E+09 0.0391 3989.07
2.19E+09 0.0423 3985.12
2.22E+09 0.0439 3979.44
2.25E+09 0.0427 3973.93
2.29E+09 0.0366 3968.48
2.31E+09 0.0391 3964.07
2.34E+09 0.0351 3959.68
2.37E+09 0.0327 3956
2.39E+09 0.0345 3952.49
2.43E+09 0.0330 3948.04
2.46E+09 0.0378 3943.39
2.49E+09 0.0392 3937.52
2.52E+09 0.0344 3932.76
2.56E+09 0.0329 3928.37
2.59E+09 0.0338 3924.2
2.62E+09 0.0331 3919.19
2.66E+09 0.0327 3914.63
2.69E+09 0.0305 3910.3
2.72E+09 0.0295 3906.11
2.76E+09 0.0289 3901.7
2.79E+09 0.0281 3898.05
2.83E+09 0.0286 3893.79
2.86E+09 0.0298 3889.6
2.90E+09 0.0289 3884.74
2.94E+09 0.0261 3880.54
2.98E+09 0.0274 3876.15
3.01E+09 0.0236 3872.14
3.05E+09 0.0246 3868.65
3.08E+09 0.0222 3865.29
3.13E+09 0.0241 3861.07
3.17E+09 0.0231 3856.94
3.21E+09 0.0262 3852.82
3.25E+09 0.0215 3849.05
3.29E+09 0.0228 3845.14
3.33E+09 0.0209 3841.38
3.38E+09 0.0240 3837.33
3.42E+09 0.0219 3833.28
3.47E+09 0.0196 3829.54
3.51E+09 0.0203 3826.22
3.55E+09 0.0199 3822.63
3.60E+09 0.0191 3818.58
3.65E+09 0.0186 3814.6
3.70E+09 0.0181 3810.64
3.75E+09 0.0195 3806.75
3.80E+09 0.0181 3803.21
3.85E+09 0.0192 3798.8
3.91E+09 0.0169 3794.52
3.96E+09 0.0166 3791.2
4.01E+09 0.0162 3787.77
4.07E+09 0.0178 3783.7
4.12E+09 0.0164 3779.72
4.18E+09 0.0151 3775.85
4.24E+09 0.0147 3772.53
4.29E+09 0.0149 3769.1
4.35E+09 0.0144 3765.81
4.41E+09 0.0124 3762.54
4.46E+09 0.0148 3759.41
4.52E+09 0.0131 3756.14
4.58E+09 0.0135 3752.88
4.63E+09 0.0120 3750.08
4.69E+09 0.0119 3747.2
4.75E+09 0.0120 3744.11
4.81E+09 0.0137 3740.96
4.87E+09 0.0126 3737.65
4.93E+09 0.0116 3734.6
5.00E+09 0.0104 3731.73
