0.00E+00 -0.5944 5173.63
2.16E+08 0.1493 5062.31
2.77E+08 0.1369 5028.47
3.22E+08 0.1342 5003.9
3.62E+08 0.1358 4983.52
4.02E+08 0.1277 4963.48
4.31E+08 0.1287 4949.23
4.45E+08 0.1485 4942.48
4.48E+08 0.1946 4940.1
4.57E+08 0.2046 4933.01
4.97E+08 0.1928 4903.98
5.28E+08 0.2124 4880.62
5.63E+08 0.2013 4853.39
6.03E+08 0.2038 4822.44
6.49E+08 0.1900 4787.58
7.25E+08 0.1720 4735.3
7.89E+08 0.1572 4695.17
8.45E+08 0.1516 4662.71
8.89E+08 0.1616 4636.61
9.27E+08 0.1569 4612.62
9.69E+08 0.1508 4588.88
1.01E+09 0.1459 4564.33
1.04E+09 0.1596 4545.75
1.07E+09 0.1500 4530.09
1.09E+09 0.1416 4518.69
1.11E+09 0.1374 4506.43
1.13E+09 0.1391 4496.96
1.16E+09 0.1358 4484.07
1.18E+09 0.1398 4469.66
1.21E+09 0.1244 4455.1
1.24E+09 0.1314 4440.99
1.26E+09 0.1210 4430.23
1.29E+09 0.1181 4418.63
1.31E+09 0.1132 4411.04
1.33E+09 0.1168 4402.7
1.34E+09 0.1070 4395.87
1.36E+09 0.1043 4389.38
1.38E+09 0.1112 4382.19
1.39E+09 0.1116 4374.75
1.41E+09 0.1045 4367.23
1.43E+09 0.1089 4358.89
1.45E+09 0.1036 4352.27
1.47E+09 0.1044 4343.23
1.49E+09 0.1023 4335.73
1.50E+09 0.1021 4330.57
1.52E+09 0.0947 4324.45
1.53E+09 0.0916 4319.2
1.55E+09 0.0967 4312.83
1.57E+09 0.0929 4306.17
1.59E+09 0.0998 4299.13
1.61E+09 0.0960 4291.63
1.63E+09 0.0969 4283.88
1.65E+09 0.0919 4276.96
1.67E+09 0.0875 4269.86
1.69E+09 0.0849 4263.52
1.71E+09 0.0807 4257.51
1.73E+09 0.0873 4252.29
1.74E+09 0.0809 4246.61
1.76E+09 0.0812 4241.66
1.78E+09 0.0828 4234.64
1.80E+09 0.0823 4228.9
1.82E+09 0.0784 4221.94
1.85E+09 0.0801 4215.45
1.86E+09 0.0751 4210.26
1.88E+09 0.0820 4204.17
1.91E+09 0.0794 4196.57
1.93E+09 0.0691 4190.55
1.95E+09 0.0811 4184.32
1.98E+09 0.0727 4177.67
2.00E+09 0.0685 4171.25
2.02E+09 0.0665 4165.77
2.04E+09 0.0653 4160.89
2.06E+09 0.0611 4156.89
2.08E+09 0.0635 4151.44
2.09E+09 0.0594 4148.18
2.12E+09 0.0642 4142.5
2.14E+09 0.0623 4136.83
2.16E+09 0.0588 4132
2.19E+09 0.0588 4126.86
2.21E+09 0.0612 4121.74
2.23E+09 0.0579 4116.04
2.25E+09 0.0545 4111.77
2.28E+09 0.0594 4106.31
2.31E+09 0.0585 4100.31
2.33E+09 0.0613 4093.86
2.36E+09 0.0584 4086.84
2.39E+09 0.0570 4080.34
2.42E+09 0.0539 4074.45
2.45E+09 0.0509 4069.22
2.47E+09 0.0506 4064.31
2.50E+09 0.0518 4059.73
2.53E+09 0.0498 4054.4
2.55E+09 0.0507 4049.12
2.58E+09 0.0459 4043.77
2.61E+09 0.0476 4038.92
2.64E+09 0.0494 4033.51
2.67E+09 0.0432 4028.25
2.70E+09 0.0416 4024.18
2.72E+09 0.0418 4020.02
2.75E+09 0.0403 4015.36
2.78E+09 0.0426 4011.26
2.81E+09 0.0396 4006.72
2.83E+09 0.0369 4003.04
2.86E+09 0.0440 3998.42
2.89E+09 0.0377 3993.84
2.92E+09 0.0399 3988.97
2.96E+09 0.0401 3983.86
2.99E+09 0.0415 3978.23
3.03E+09 0.0390 3972.58
3.07E+09 0.0392 3967.11
3.11E+09 0.0374 3961.43
3.15E+09 0.0351 3956.08
3.18E+09 0.0330 3951.33
3.22E+09 0.0331 3947.07
3.25E+09 0.0323 3943.34
3.28E+09 0.0296 3939.34
3.32E+09 0.0276 3935.49
3.35E+09 0.0292 3931.98
3.39E+09 0.0296 3927.63
3.43E+09 0.0294 3923.18
3.47E+09 0.0281 3918.55
3.51E+09 0.0251 3914.27
3.55E+09 0.0240 3911.27
3.58E+09 0.0306 3907.64
3.63E+09 0.0292 3902.47
3.67E+09 0.0270 3897.47
3.72E+09 0.0246 3893.35
3.76E+09 0.0220 3889.74
3.79E+09 0.0235 3887.04
3.83E+09 0.0246 3883.34
3.88E+09 0.0245 3878.91
3.92E+09 0.0229 3875.41
3.96E+09 0.0210 3871.77
4.00E+09 0.0231 3868.39
4.04E+09 0.0207 3864.71
4.09E+09 0.0208 3860.93
4.14E+09 0.0216 3857.35
4.19E+09 0.0207 3853.4
4.23E+09 0.0200 3849.61
4.28E+09 0.0181 3846.17
4.32E+09 0.0174 3843.47
4.36E+09 0.0151 3840.86
4.41E+09 0.0181 3838.04
4.45E+09 0.0170 3834.9
4.50E+09 0.0151 3832.14
4.55E+09 0.0151 3829.43
4.59E+09 0.0152 3826.67
4.64E+09 0.0144 3823.95
4.69E+09 0.0164 3820.98
4.75E+09 0.0151 3817.87
4.79E+09 0.0144 3815.18
4.84E+09 0.0134 3812.6
4.89E+09 0.0146 3810.15
4.94E+09 0.0132 3807.53
4.99E+09 0.0147 3804.87
