0.00E+00 -0.7542 5959.6
2.23E+08 0.1871 5721.84
2.96E+08 0.1910 5642.45
3.59E+08 0.1830 5576.56
4.17E+08 0.1744 5518.36
4.71E+08 0.1674 5466.47
5.22E+08 0.1574 5419.93
5.65E+08 0.1478 5382.51
6.04E+08 0.1464 5349.4
6.45E+08 0.1435 5315.84
6.89E+08 0.1351 5280.69
7.31E+08 0.1319 5248.25
7.67E+08 0.1266 5222.16
8.03E+08 0.1234 5196.37
8.39E+08 0.1204 5171.12
8.67E+08 0.1202 5152.04
8.88E+08 0.1222 5137.52
9.01E+08 0.1490 5127.25
9.08E+08 0.2166 5119.77
9.30E+08 0.1928 5094.45
9.88E+08 0.1928 5030.35
1.01E+09 0.1833 5002.96
1.07E+09 0.1699 4947
1.12E+09 0.1764 4897.57
1.22E+09 0.1334 4820.03
1.33E+09 0.1103 4738.05
1.45E+09 0.1089 4669.49
1.55E+09 0.1120 4598.53
1.68E+09 0.0929 4527.31
1.77E+09 0.1062 4473.83
1.86E+09 0.0848 4421.6
1.92E+09 0.0900 4394.35
1.97E+09 0.0936 4370.42
1.98E+09 0.0864 4362.02
2.02E+09 0.0677 4346.4
2.05E+09 0.0631 4334.36
2.09E+09 0.0613 4322.29
2.12E+09 0.0629 4311.3
2.15E+09 0.0637 4300.39
2.18E+09 0.0605 4289.59
2.21E+09 0.0591 4279.3
2.24E+09 0.0639 4268.12
2.27E+09 0.0709 4256.44
2.30E+09 0.0594 4246.6
2.33E+09 0.0502 4235.46
2.37E+09 0.0453 4225.57
2.41E+09 0.0580 4213.6
2.43E+09 0.0616 4205.66
2.47E+09 0.0463 4194.34
2.51E+09 0.0507 4183.01
2.55E+09 0.0553 4172.58
2.59E+09 0.0410 4161.87
2.63E+09 0.0382 4153.06
2.67E+09 0.0472 4142.63
2.71E+09 0.0497 4132
2.74E+09 0.0405 4123.62
2.78E+09 0.0356 4114.87
2.82E+09 0.0394 4105.95
2.87E+09 0.0332 4097.42
2.91E+09 0.0330 4089.47
2.95E+09 0.0333 4081.76
2.99E+09 0.0322 4074.32
3.03E+09 0.0294 4067.26
3.08E+09 0.0313 4058.56
3.12E+09 0.0357 4051.65
3.16E+09 0.0311 4042.31
3.22E+09 0.0263 4033.75
3.27E+09 0.0243 4026.24
3.32E+09 0.0314 4018.69
3.36E+09 0.0280 4010.98
3.41E+09 0.0234 4003.39
3.47E+09 0.0241 3996.46
3.52E+09 0.0214 3989.22
3.57E+09 0.0251 3982.99
3.62E+09 0.0233 3975.78
3.68E+09 0.0222 3968.34
3.74E+09 0.0202 3961.47
3.79E+09 0.0219 3954.91
3.84E+09 0.0211 3948.41
3.90E+09 0.0194 3941.99
3.96E+09 0.0181 3935.34
4.02E+09 0.0189 3929.16
4.08E+09 0.0170 3922.78
4.15E+09 0.0173 3916.32
4.21E+09 0.0155 3910.63
4.27E+09 0.0148 3905.61
4.33E+09 0.0148 3899.99
4.40E+09 0.0150 3894.15
4.47E+09 0.0148 3888.34
4.54E+09 0.0139 3882.58
4.61E+09 0.0122 3877.31
4.68E+09 0.0121 3872.16
4.76E+09 0.0123 3867.14
4.82E+09 0.0124 3862.32
4.90E+09 0.0119 3856.97
4.98E+09 0.0109 3851.85
