0.00E+00 -0.8949 6056.78
1.14E+08 0.2843 5978.83
1.46E+08 0.2938 5952.99
1.74E+08 0.2997 5930.87
2.02E+08 0.2669 5908.98
2.20E+08 0.2776 5895.12
2.39E+08 0.2637 5880.72
2.58E+08 0.2608 5867.27
2.71E+08 0.2583 5857.26
2.89E+08 0.2485 5844.44
3.05E+08 0.2487 5834.06
3.17E+08 0.2455 5825.34
3.31E+08 0.2421 5816.11
3.45E+08 0.2351 5806.64
3.56E+08 0.2393 5799.08
3.67E+08 0.2392 5791.59
3.80E+08 0.2339 5783.16
3.91E+08 0.2298 5776.07
4.00E+08 0.2325 5770.05
4.08E+08 0.2398 5764.92
4.11E+08 0.2486 5763.06
4.12E+08 0.2632 5762.24
4.13E+08 0.2748 5761.66
4.14E+08 0.2936 5760.93
4.16E+08 0.3095 5759.15
4.21E+08 0.3369 5754.86
4.27E+08 0.3592 5748.37
4.32E+08 0.4037 5743.11
4.34E+08 0.4376 5741.64
4.35E+08 0.4579 5739.77
4.43E+08 0.4184 5730.69
4.63E+08 0.3535 5709.44
4.87E+08 0.3592 5686.21
5.07E+08 0.3746 5665.74
5.20E+08 0.3877 5651.31
5.34E+08 0.4020 5636.46
5.47E+08 0.4219 5620.8
5.70E+08 0.3864 5594.47
5.95E+08 0.3604 5568.25
6.22E+08 0.3347 5542.62
6.45E+08 0.3189 5521.29
6.70E+08 0.3061 5499.81
6.96E+08 0.2998 5477.86
7.23E+08 0.2885 5455.46
7.52E+08 0.2729 5432.61
7.79E+08 0.3055 5412.07
8.06E+08 0.3441 5386.95
8.23E+08 0.3285 5370.75
8.37E+08 0.3154 5358.03
8.46E+08 0.3098 5350.42
8.54E+08 0.3042 5343.58
8.64E+08 0.3034 5334.94
8.76E+08 0.2980 5324.55
8.87E+08 0.2997 5315.84
8.95E+08 0.2873 5308.79
9.02E+08 0.2847 5303.71
9.09E+08 0.2816 5298.07
9.17E+08 0.2761 5291.84
9.24E+08 0.2788 5286.41
9.31E+08 0.2691 5281.22
9.37E+08 0.2663 5276.24
9.44E+08 0.2684 5271.57
9.50E+08 0.2671 5266.85
9.56E+08 0.2526 5262.51
9.61E+08 0.2558 5258.79
9.68E+08 0.2623 5253.92
9.74E+08 0.2589 5249.68
9.81E+08 0.2577 5244.43
9.89E+08 0.2562 5238.92
9.95E+08 0.2583 5234.23
1.00E+09 0.2512 5229.96
1.01E+09 0.2530 5225.87
1.01E+09 0.2499 5220.32
1.02E+09 0.2464 5214.94
1.03E+09 0.2445 5210.17
1.04E+09 0.2426 5205.84
1.04E+09 0.2444 5201.37
1.05E+09 0.2414 5196.25
1.06E+09 0.2364 5191.84
1.06E+09 0.2362 5187.79
1.07E+09 0.2369 5183.89
1.08E+09 0.2346 5179.39
1.08E+09 0.2347 5174.89
1.09E+09 0.2333 5170.54
1.10E+09 0.2305 5165.28
1.10E+09 0.2283 5160.48
1.11E+09 0.2285 5156.67
1.12E+09 0.2287 5152.45
1.12E+09 0.2269 5148.46
1.13E+09 0.2270 5144.52
1.14E+09 0.2233 5140.69
1.14E+09 0.2260 5137.12
1.15E+09 0.2225 5132.54
1.15E+09 0.2247 5128.91
1.16E+09 0.2235 5124.98
1.17E+09 0.2233 5120.38
1.18E+09 0.2198 5115.95
1.18E+09 0.2183 5111.87
1.19E+09 0.2189 5107.96
1.20E+09 0.2186 5103.49
1.20E+09 0.2168 5098.96
1.21E+09 0.2149 5095.1
1.22E+09 0.2177 5091.01
1.22E+09 0.2157 5086.47
1.23E+09 0.2166 5082.12
1.24E+09 0.2167 5077.46
1.25E+09 0.2155 5073.21
1.25E+09 0.2157 5069.22
1.26E+09 0.2140 5064.52
1.27E+09 0.2187 5060.77
1.27E+09 0.2162 5056.7
1.28E+09 0.2161 5052.39
1.29E+09 0.2133 5048.14
1.29E+09 0.2140 5044.58
1.30E+09 0.2110 5040.7
1.31E+09 0.2139 5036.92
1.31E+09 0.2116 5033.54
1.32E+09 0.2153 5030.46
1.32E+09 0.2088 5026.97
1.33E+09 0.2135 5023.6
1.33E+09 0.2136 5020.27
1.34E+09 0.2147 5016.06
1.35E+09 0.2116 5011.59
1.36E+09 0.2083 5007.19
1.36E+09 0.2074 5002.61
1.37E+09 0.2070 4997.88
1.38E+09 0.2071 4993.88
1.39E+09 0.2062 4989.98
1.39E+09 0.2077 4985.91
1.40E+09 0.2078 4981.06
1.41E+09 0.2045 4976.39
1.42E+09 0.2048 4971.32
1.43E+09 0.2043 4966.13
1.44E+09 0.2017 4961.5
1.44E+09 0.2042 4956.65
1.45E+09 0.2036 4951.58
1.46E+09 0.2014 4946.98
1.47E+09 0.1988 4942.57
1.48E+09 0.1983 4937.66
1.49E+09 0.2004 4932.49
1.50E+09 0.1970 4927.96
1.50E+09 0.1972 4923.24
1.51E+09 0.1975 4919.33
1.52E+09 0.1938 4914.34
1.53E+09 0.1997 4909.65
1.54E+09 0.1952 4904.27
1.55E+09 0.1949 4899.15
1.56E+09 0.1951 4894.49
1.57E+09 0.1933 4889.69
1.57E+09 0.1908 4884.56
1.58E+09 0.1886 4880.03
1.59E+09 0.1932 4875
1.60E+09 0.1930 4870.59
1.61E+09 0.1907 4865.97
1.62E+09 0.1917 4860.61
1.63E+09 0.1863 4854.92
1.64E+09 0.1891 4850.18
1.65E+09 0.1886 4845.38
1.66E+09 0.1866 4841.02
1.67E+09 0.1882 4836.38
1.68E+09 0.1857 4831.45
1.69E+09 0.1859 4826.3
1.69E+09 0.1810 4821.57
1.70E+09 0.1810 4816.64
1.71E+09 0.1837 4812.24
1.72E+09 0.1782 4807
1.73E+09 0.1750 4801.8
1.74E+09 0.1776 4796.6
1.75E+09 0.1783 4791.29
1.77E+09 0.1731 4786.04
1.78E+09 0.1736 4780.58
1.79E+09 0.1710 4775.21
1.80E+09 0.1679 4770.19
1.81E+09 0.1720 4765.07
1.82E+09 0.1723 4759.63
1.83E+09 0.1654 4753.99
1.84E+09 0.1677 4748.6
1.86E+09 0.1696 4743.29
1.87E+09 0.1663 4738.37
1.88E+09 0.1630 4732.81
1.89E+09 0.1632 4727.56
1.90E+09 0.1611 4722.07
1.91E+09 0.1566 4716.73
1.93E+09 0.1594 4710.95
1.94E+09 0.1558 4705.49
1.95E+09 0.1541 4700.24
1.96E+09 0.1540 4694.6
1.98E+09 0.1517 4689.12
1.99E+09 0.1528 4683.67
2.00E+09 0.1476 4678.65
2.02E+09 0.1480 4672.91
2.03E+09 0.1466 4667.76
2.04E+09 0.1457 4662.38
2.06E+09 0.1422 4656.44
2.07E+09 0.1454 4650.83
2.08E+09 0.1406 4645.62
2.10E+09 0.1383 4640.5
2.11E+09 0.1369 4635.34
2.12E+09 0.1370 4630.28
2.14E+09 0.1330 4624.45
2.15E+09 0.1375 4618.68
2.17E+09 0.1329 4612.73
2.18E+09 0.1342 4607.96
2.20E+09 0.1320 4602.47
2.21E+09 0.1280 4597.12
2.23E+09 0.1277 4591.59
2.24E+09 0.1283 4586.04
2.26E+09 0.1283 4580.83
2.27E+09 0.1266 4575.05
2.29E+09 0.1235 4569.27
2.31E+09 0.1212 4563.9
2.32E+09 0.1195 4559.41
2.34E+09 0.1176 4554.18
2.35E+09 0.1169 4548.61
2.37E+09 0.1191 4543.59
2.38E+09 0.1148 4538.43
2.40E+09 0.1184 4533.64
2.41E+09 0.1129 4528.31
2.43E+09 0.1112 4523.73
2.44E+09 0.1114 4518.98
2.46E+09 0.1111 4513.52
2.48E+09 0.1073 4508.46
2.49E+09 0.1076 4503.7
2.51E+09 0.1053 4498.82
2.53E+09 0.1077 4494.06
2.54E+09 0.1023 4490.05
2.55E+09 0.1030 4485.81
2.57E+09 0.1005 4481.79
2.59E+09 0.1015 4477.1
2.60E+09 0.0981 4472.85
2.62E+09 0.0976 4468.86
2.63E+09 0.0953 4464.58
2.65E+09 0.0984 4459.78
2.67E+09 0.0964 4454.53
2.69E+09 0.0916 4449.66
2.70E+09 0.0936 4446.77
2.72E+09 0.0938 4442.19
2.73E+09 0.0935 4438.2
2.75E+09 0.0882 4433.94
2.76E+09 0.0909 4430.07
2.78E+09 0.0897 4425.18
2.80E+09 0.0878 4420.55
2.82E+09 0.0837 4416.75
2.83E+09 0.0843 4413.69
2.85E+09 0.0895 4409.45
2.87E+09 0.0827 4404.68
2.89E+09 0.0828 4400.33
2.90E+09 0.0868 4396.58
2.92E+09 0.0799 4392.12
2.94E+09 0.0827 4388.54
2.95E+09 0.0764 4384.65
2.97E+09 0.0799 4381.01
2.99E+09 0.0761 4376.79
3.01E+09 0.0783 4372.89
3.02E+09 0.0719 4369.71
3.04E+09 0.0797 4366.31
3.05E+09 0.0777 4363.22
3.07E+09 0.0700 4359.4
3.09E+09 0.0752 4356.55
3.10E+09 0.0687 4353.44
3.12E+09 0.0740 4350.04
3.14E+09 0.0692 4346.56
3.16E+09 0.0690 4342.84
3.17E+09 0.0700 4339.43
3.19E+09 0.0649 4336.54
3.21E+09 0.0705 4333.05
3.23E+09 0.0698 4329.5
3.24E+09 0.0684 4325.93
3.26E+09 0.0652 4322.51
3.28E+09 0.0690 4318.87
3.30E+09 0.0653 4315.41
3.32E+09 0.0607 4311.92
3.34E+09 0.0650 4308.47
3.36E+09 0.0631 4304.74
3.38E+09 0.0624 4301.39
3.40E+09 0.0605 4298.27
3.42E+09 0.0607 4295.06
3.44E+09 0.0599 4291.9
3.45E+09 0.0606 4288.88
3.47E+09 0.0588 4285.78
3.49E+09 0.0595 4282.51
3.51E+09 0.0573 4279.43
3.53E+09 0.0585 4276.36
3.55E+09 0.0573 4272.95
3.57E+09 0.0559 4269.84
3.59E+09 0.0552 4266.49
3.62E+09 0.0556 4263.15
3.64E+09 0.0564 4260
3.66E+09 0.0532 4256.57
3.68E+09 0.0541 4253.77
3.70E+09 0.0522 4250.54
3.72E+09 0.0532 4247.6
3.74E+09 0.0501 4244.34
3.76E+09 0.0541 4241.01
3.79E+09 0.0513 4237.84
3.81E+09 0.0496 4234.72
3.83E+09 0.0497 4231.47
3.85E+09 0.0489 4228.31
3.88E+09 0.0472 4225.56
3.90E+09 0.0465 4222.51
3.92E+09 0.0474 4219.5
3.95E+09 0.0436 4216.3
3.97E+09 0.0461 4213.4
3.99E+09 0.0434 4210.33
4.02E+09 0.0449 4207.18
4.04E+09 0.0453 4204.26
4.07E+09 0.0446 4201.22
4.09E+09 0.0432 4198.34
4.11E+09 0.0450 4195.5
4.14E+09 0.0409 4192.62
4.16E+09 0.0412 4189.68
4.19E+09 0.0372 4187.17
4.21E+09 0.0409 4184.53
4.24E+09 0.0384 4181.73
4.26E+09 0.0393 4178.81
4.29E+09 0.0394 4176.14
4.31E+09 0.0363 4173.46
4.34E+09 0.0379 4170.79
4.36E+09 0.0370 4168.23
4.39E+09 0.0368 4165.57
4.41E+09 0.0365 4163.24
4.44E+09 0.0369 4160.75
4.46E+09 0.0359 4158.28
4.48E+09 0.0352 4155.86
4.51E+09 0.0344 4153.37
4.54E+09 0.0356 4150.87
4.56E+09 0.0378 4147.95
4.59E+09 0.0351 4145.1
4.62E+09 0.0312 4142.72
4.64E+09 0.0322 4140.37
4.67E+09 0.0308 4138.03
4.70E+09 0.0342 4135.67
4.73E+09 0.0333 4133
4.76E+09 0.0321 4130.1
4.78E+09 0.0299 4127.75
4.81E+09 0.0294 4125.39
4.84E+09 0.0295 4123.13
4.87E+09 0.0307 4120.52
4.90E+09 0.0313 4118.01
4.93E+09 0.0304 4115.35
4.97E+09 0.0296 4112.55
4.99E+09 0.0305 4110.1
