0.00E+00 -0.5415 5124.07
1.30E+08 0.1851 5069.8
1.42E+08 0.2300 5060.64
1.64E+08 0.2274 5042.15
2.05E+08 0.2292 5011.24
2.72E+08 0.2239 4956.59
3.53E+08 0.2340 4888.7
4.32E+08 0.2398 4821.73
5.00E+08 0.2259 4765.43
5.28E+08 0.2214 4742.52
5.55E+08 0.2174 4721.65
5.80E+08 0.2141 4702.07
6.05E+08 0.2102 4683.12
6.28E+08 0.2054 4666.25
6.49E+08 0.2098 4650.41
6.69E+08 0.2041 4635.63
6.88E+08 0.1953 4622.32
7.16E+08 0.2011 4602.72
7.38E+08 0.2018 4587.15
7.57E+08 0.1938 4573.37
7.70E+08 0.1868 4564.5
7.81E+08 0.1822 4557.53
7.94E+08 0.1691 4549.33
8.09E+08 0.1705 4540.32
8.26E+08 0.1716 4529.72
8.37E+08 0.1639 4523.15
8.48E+08 0.1523 4517.05
8.60E+08 0.1600 4510.4
8.72E+08 0.1695 4503.05
8.92E+08 0.1702 4491.59
9.12E+08 0.1573 4479.45
9.25E+08 0.1555 4472.15
9.44E+08 0.1460 4462.48
9.57E+08 0.1608 4454.88
9.79E+08 0.1563 4442.56
9.93E+08 0.1555 4434.7
1.01E+09 0.1411 4426.01
1.02E+09 0.1329 4418.77
1.04E+09 0.1461 4412.17
1.05E+09 0.1396 4405.08
1.07E+09 0.1386 4398.3
1.08E+09 0.1369 4391.76
1.09E+09 0.1407 4385.71
1.10E+09 0.1371 4379.78
1.12E+09 0.1213 4374.11
1.13E+09 0.1256 4369.04
1.14E+09 0.1215 4363.66
1.15E+09 0.1332 4357.29
1.17E+09 0.1301 4351.15
1.18E+09 0.1294 4343.38
1.20E+09 0.1352 4336.33
1.22E+09 0.1306 4327.31
1.23E+09 0.1278 4319.44
1.25E+09 0.1238 4312.67
1.26E+09 0.1177 4305.85
1.28E+09 0.1210 4300.31
1.29E+09 0.1142 4294.3
1.31E+09 0.1186 4288.2
1.32E+09 0.1144 4283.42
1.33E+09 0.1092 4277.96
1.34E+09 0.1090 4273.29
1.36E+09 0.1157 4267.13
1.37E+09 0.1099 4262.62
1.38E+09 0.1103 4257.13
1.40E+09 0.1068 4252.38
1.41E+09 0.1044 4246.98
1.42E+09 0.1051 4241.44
1.44E+09 0.1073 4236.21
1.45E+09 0.1138 4230.38
1.47E+09 0.1049 4225.37
1.48E+09 0.1100 4220.48
1.49E+09 0.1017 4214.58
1.51E+09 0.0977 4208.74
1.52E+09 0.1053 4203.68
1.54E+09 0.1046 4196.97
1.56E+09 0.0959 4191.55
1.57E+09 0.0932 4186.89
1.59E+09 0.0998 4180.84
1.60E+09 0.0985 4175.93
1.62E+09 0.1006 4169.49
1.64E+09 0.0993 4162.87
1.66E+09 0.0947 4155.8
1.68E+09 0.0963 4149.95
1.69E+09 0.0912 4144.21
1.71E+09 0.0905 4139.18
1.72E+09 0.0875 4134.74
1.74E+09 0.0948 4129.52
1.76E+09 0.0925 4124.15
1.77E+09 0.0924 4119.48
1.79E+09 0.0850 4114.57
1.80E+09 0.0900 4109.45
1.82E+09 0.0863 4104.21
1.84E+09 0.0857 4097.94
1.86E+09 0.0912 4092.3
1.87E+09 0.0854 4086.65
1.89E+09 0.0806 4082.75
1.91E+09 0.0849 4077.01
1.93E+09 0.0769 4071.48
1.94E+09 0.0737 4067.01
1.96E+09 0.0854 4061.92
1.98E+09 0.0787 4056.45
2.00E+09 0.0795 4051.19
2.01E+09 0.0750 4046.53
2.03E+09 0.0711 4042.27
2.05E+09 0.0727 4037.84
2.07E+09 0.0753 4032.5
2.08E+09 0.0697 4028.99
2.10E+09 0.0714 4023.96
2.12E+09 0.0680 4019.22
2.14E+09 0.0697 4014.2
2.17E+09 0.0791 4007.61
2.19E+09 0.0751 4001.26
2.21E+09 0.0724 3994.97
2.24E+09 0.0693 3988.62
2.26E+09 0.0635 3983.61
2.28E+09 0.0645 3978.87
2.30E+09 0.0694 3973.36
2.33E+09 0.0664 3967.51
2.35E+09 0.0662 3961.25
2.37E+09 0.0629 3956.93
2.40E+09 0.0580 3951.47
2.42E+09 0.0702 3945.83
2.45E+09 0.0650 3938.76
2.48E+09 0.0584 3933.58
2.50E+09 0.0543 3928.8
2.52E+09 0.0551 3924.12
2.54E+09 0.0520 3920.3
2.56E+09 0.0515 3916.47
2.59E+09 0.0606 3911.41
2.62E+09 0.0579 3905.54
2.64E+09 0.0497 3900.95
2.67E+09 0.0503 3896.71
2.69E+09 0.0545 3892.51
2.71E+09 0.0511 3887.52
2.74E+09 0.0484 3882.81
2.77E+09 0.0497 3878.21
2.80E+09 0.0549 3872.99
2.83E+09 0.0549 3867.1
2.86E+09 0.0492 3861.51
2.88E+09 0.0448 3856.78
2.91E+09 0.0442 3851.88
2.94E+09 0.0477 3847.4
2.97E+09 0.0452 3842.12
3.00E+09 0.0430 3837.4
3.03E+09 0.0432 3833.49
3.05E+09 0.0408 3829.69
3.08E+09 0.0453 3825.13
3.12E+09 0.0445 3819.49
3.15E+09 0.0471 3813.88
3.19E+09 0.0433 3808.43
3.22E+09 0.0391 3803.74
3.25E+09 0.0345 3799.45
3.28E+09 0.0349 3795.8
3.31E+09 0.0414 3791.9
3.34E+09 0.0364 3787.52
3.37E+09 0.0344 3783.86
3.40E+09 0.0360 3779.73
3.43E+09 0.0351 3775.98
3.47E+09 0.0336 3771.86
3.50E+09 0.0354 3767.61
3.53E+09 0.0307 3764.36
3.56E+09 0.0317 3760.57
3.59E+09 0.0329 3757.02
3.63E+09 0.0328 3752.92
3.66E+09 0.0348 3748.89
3.70E+09 0.0321 3744.75
3.73E+09 0.0322 3740.49
3.77E+09 0.0321 3736.52
3.81E+09 0.0291 3732.21
3.84E+09 0.0294 3728.54
3.87E+09 0.0261 3725.51
3.91E+09 0.0294 3721.91
3.94E+09 0.0268 3718.93
3.97E+09 0.0227 3715.85
4.01E+09 0.0266 3712.91
4.04E+09 0.0279 3709.53
4.07E+09 0.0285 3706.4
4.10E+09 0.0265 3703.6
4.13E+09 0.0218 3700.8
4.16E+09 0.0257 3698.17
4.20E+09 0.0241 3695.13
4.23E+09 0.0224 3692.35
4.27E+09 0.0221 3689.59
4.30E+09 0.0240 3686.87
4.33E+09 0.0213 3684.07
4.37E+09 0.0228 3681.29
4.41E+09 0.0210 3678.38
4.44E+09 0.0235 3675.7
4.48E+09 0.0220 3672.58
4.51E+09 0.0208 3669.82
4.55E+09 0.0198 3667.43
4.58E+09 0.0194 3664.89
4.62E+09 0.0204 3662.21
4.66E+09 0.0192 3659.68
4.70E+09 0.0222 3656.8
4.74E+09 0.0193 3653.95
4.77E+09 0.0181 3651.47
4.81E+09 0.0187 3649.01
4.85E+09 0.0200 3646.53
4.89E+09 0.0191 3643.83
4.92E+09 0.0190 3641.28
4.96E+09 0.0169 3638.74
5.00E+09 0.0169 3636.56
