0.00E+00 -0.5017 4827.06
2.15E+08 0.1333 4751.88
2.23E+08 0.1979 4746.98
2.44E+08 0.1745 4734.16
2.69E+08 0.1865 4718.72
2.94E+08 0.2060 4702.25
3.85E+08 0.1772 4642.91
4.53E+08 0.1904 4599.75
5.30E+08 0.1717 4552.55
5.77E+08 0.1746 4525.19
6.02E+08 0.1791 4510.17
6.27E+08 0.1700 4494.96
6.51E+08 0.1663 4481.28
6.73E+08 0.1708 4468.67
6.92E+08 0.1748 4457.47
7.13E+08 0.1698 4445.54
7.37E+08 0.1658 4431.51
7.59E+08 0.1622 4419.15
7.80E+08 0.1676 4407.83
8.04E+08 0.1611 4394.45
8.28E+08 0.1563 4381.4
8.45E+08 0.1481 4372.48
8.66E+08 0.1472 4362.09
8.83E+08 0.1417 4354.14
9.02E+08 0.1371 4345.14
9.26E+08 0.1387 4333.55
9.53E+08 0.1319 4321.3
9.77E+08 0.1262 4310.71
1.01E+09 0.1302 4298.17
1.03E+09 0.1224 4285.94
1.06E+09 0.1168 4275.89
1.08E+09 0.1074 4268.49
1.09E+09 0.1064 4262.84
1.11E+09 0.1074 4256.99
1.13E+09 0.1086 4250.98
1.14E+09 0.1045 4244.51
1.16E+09 0.1041 4239.34
1.17E+09 0.1079 4234.33
1.19E+09 0.1031 4228.18
1.21E+09 0.0990 4222.15
1.23E+09 0.1033 4215.89
1.25E+09 0.1017 4208.88
1.26E+09 0.0922 4203.49
1.28E+09 0.0970 4198.67
1.29E+09 0.0921 4194.86
1.31E+09 0.0974 4189.06
1.33E+09 0.0955 4183
1.35E+09 0.0941 4176.97
1.36E+09 0.0959 4171.52
1.38E+09 0.0865 4165.69
1.39E+09 0.0882 4161.52
1.41E+09 0.0938 4156.5
1.43E+09 0.0894 4150.55
1.45E+09 0.0817 4145.84
1.46E+09 0.0818 4141.51
1.48E+09 0.0761 4137.68
1.49E+09 0.0875 4132.91
1.51E+09 0.0874 4127.68
1.53E+09 0.0808 4123.41
1.54E+09 0.0750 4119.64
1.55E+09 0.0777 4115.81
1.57E+09 0.0826 4112.14
1.58E+09 0.0782 4108.72
1.60E+09 0.0803 4104.37
1.61E+09 0.0736 4100.74
1.62E+09 0.0749 4097.52
1.64E+09 0.0746 4094.02
1.65E+09 0.0797 4089.91
1.67E+09 0.0752 4085.23
1.69E+09 0.0673 4080.71
1.70E+09 0.0753 4077.92
1.72E+09 0.0705 4073.8
1.73E+09 0.0698 4070.23
1.75E+09 0.0641 4067.22
1.76E+09 0.0788 4063.74
1.78E+09 0.0742 4059.55
1.79E+09 0.0671 4055.51
1.81E+09 0.0713 4052.26
1.83E+09 0.0674 4048.09
1.84E+09 0.0660 4043.96
1.86E+09 0.0629 4040.84
1.87E+09 0.0647 4037.93
1.89E+09 0.0692 4034.24
1.90E+09 0.0665 4030.63
1.92E+09 0.0605 4026.86
1.94E+09 0.0715 4022.63
1.96E+09 0.0688 4018.81
1.97E+09 0.0617 4015
1.99E+09 0.0564 4012.23
2.00E+09 0.0652 4008.5
2.02E+09 0.0584 4005.07
2.04E+09 0.0538 4002.13
2.06E+09 0.0593 3998.6
2.07E+09 0.0631 3994.81
2.09E+09 0.0616 3990.58
2.11E+09 0.0582 3986.48
2.13E+09 0.0552 3982.87
2.15E+09 0.0566 3979.04
2.18E+09 0.0590 3974.57
2.19E+09 0.0573 3971
2.21E+09 0.0528 3967.26
2.23E+09 0.0530 3964.51
2.25E+09 0.0567 3961.25
2.26E+09 0.0579 3958.28
2.28E+09 0.0533 3954.88
2.30E+09 0.0482 3951.18
2.32E+09 0.0514 3947.74
2.34E+09 0.0482 3944.33
2.36E+09 0.0467 3940.73
2.38E+09 0.0530 3937.38
2.41E+09 0.0506 3933.51
2.43E+09 0.0460 3929.55
2.46E+09 0.0513 3925.31
2.48E+09 0.0503 3920.45
2.51E+09 0.0458 3916.43
2.53E+09 0.0451 3913.33
2.55E+09 0.0473 3909.86
2.58E+09 0.0473 3905.71
2.60E+09 0.0451 3901.67
2.63E+09 0.0406 3898.22
2.65E+09 0.0443 3894.27
2.68E+09 0.0440 3890.42
2.70E+09 0.0404 3886.87
2.73E+09 0.0404 3883.11
2.76E+09 0.0386 3879.92
2.78E+09 0.0438 3877
2.80E+09 0.0394 3873.36
2.83E+09 0.0362 3870.25
2.85E+09 0.0371 3867.15
2.88E+09 0.0402 3863.62
2.91E+09 0.0371 3859.69
2.94E+09 0.0360 3856.26
2.96E+09 0.0326 3853.2
2.99E+09 0.0353 3850.4
3.00E+09 0.0368 3848.27
3.03E+09 0.0346 3845.55
3.05E+09 0.0336 3843.14
3.07E+09 0.0336 3840.32
3.10E+09 0.0401 3836.93
3.12E+09 0.0363 3833.62
3.15E+09 0.0322 3831.07
3.17E+09 0.0297 3828.45
3.19E+09 0.0309 3826.17
3.22E+09 0.0346 3823.42
3.24E+09 0.0318 3820.94
3.27E+09 0.0307 3818.2
3.29E+09 0.0329 3815.56
3.32E+09 0.0328 3812.72
3.34E+09 0.0319 3810.02
3.36E+09 0.0300 3807.44
3.39E+09 0.0259 3804.89
3.42E+09 0.0279 3802.71
3.44E+09 0.0279 3800.38
3.47E+09 0.0329 3797.64
3.49E+09 0.0306 3794.75
3.52E+09 0.0280 3792.03
3.55E+09 0.0274 3789.62
3.57E+09 0.0305 3787.23
3.60E+09 0.0281 3784.61
3.62E+09 0.0249 3782.16
3.65E+09 0.0258 3779.92
3.68E+09 0.0248 3777.79
3.70E+09 0.0271 3775.28
3.73E+09 0.0242 3772.87
3.76E+09 0.0234 3770.38
3.79E+09 0.0231 3768.1
3.82E+09 0.0232 3765.84
3.85E+09 0.0291 3763.45
3.88E+09 0.0274 3759.96
3.92E+09 0.0258 3756.87
3.95E+09 0.0244 3753.8
3.98E+09 0.0253 3751.11
4.02E+09 0.0232 3748.15
4.06E+09 0.0233 3745.13
4.09E+09 0.0230 3742.6
4.13E+09 0.0235 3739.69
4.17E+09 0.0215 3736.68
4.20E+09 0.0211 3734.24
4.23E+09 0.0238 3731.7
4.27E+09 0.0247 3729
4.30E+09 0.0219 3726.51
4.33E+09 0.0191 3723.92
4.37E+09 0.0183 3721.72
4.40E+09 0.0191 3719.77
4.43E+09 0.0207 3717.65
4.46E+09 0.0195 3715.5
4.50E+09 0.0201 3713.09
4.53E+09 0.0200 3710.89
4.57E+09 0.0187 3708.55
4.60E+09 0.0194 3706.2
4.64E+09 0.0167 3703.94
4.68E+09 0.0200 3701.73
4.71E+09 0.0203 3699.28
4.75E+09 0.0185 3696.77
4.79E+09 0.0186 3694.43
4.83E+09 0.0189 3691.67
4.87E+09 0.0195 3688.91
4.92E+09 0.0176 3686.11
4.96E+09 0.0163 3683.57
