0.00E+00 -0.6090 5311.61
1.49E+08 0.1924 5248.27
1.53E+08 0.2205 5246.07
1.58E+08 0.2579 5242.62
1.65E+08 0.2584 5236.89
1.75E+08 0.2861 5228.58
1.98E+08 0.2536 5210.22
2.29E+08 0.2785 5185.99
2.53E+08 0.2998 5164.56
3.22E+08 0.2809 5104.52
3.91E+08 0.2608 5048.72
4.29E+08 0.2766 5018.07
4.67E+08 0.2591 4987.69
4.92E+08 0.2515 4969.19
5.10E+08 0.2473 4955.89
5.25E+08 0.2493 4944.67
5.38E+08 0.2630 4934.21
5.51E+08 0.2662 4924.17
5.63E+08 0.2608 4914.64
5.74E+08 0.2616 4906.54
5.88E+08 0.2597 4895.42
6.06E+08 0.2613 4881.03
6.27E+08 0.2531 4865.09
6.44E+08 0.2530 4852.34
6.56E+08 0.2461 4843.29
6.68E+08 0.2352 4835.01
6.77E+08 0.2387 4828.24
6.90E+08 0.2376 4819.09
7.09E+08 0.2370 4805.88
7.29E+08 0.2304 4791.88
7.44E+08 0.2177 4781.85
7.56E+08 0.2191 4773.88
7.68E+08 0.2017 4766.2
7.78E+08 0.2115 4759.99
7.90E+08 0.2107 4752.58
8.01E+08 0.2059 4745.91
8.12E+08 0.2021 4739.01
8.23E+08 0.2104 4732.26
8.36E+08 0.1913 4724.71
8.44E+08 0.2034 4720.05
8.55E+08 0.2042 4713.14
8.66E+08 0.1941 4706.6
8.77E+08 0.1934 4700.52
8.88E+08 0.1930 4694.22
8.97E+08 0.1906 4688.87
9.08E+08 0.1850 4682.87
9.17E+08 0.1892 4677.35
9.26E+08 0.1815 4672.37
9.35E+08 0.1954 4667.45
9.45E+08 0.1897 4662.08
9.54E+08 0.1811 4656.96
9.65E+08 0.1861 4650.99
9.76E+08 0.1879 4644.93
9.87E+08 0.1759 4638.58
9.98E+08 0.1873 4632.67
1.01E+09 0.1815 4626.62
1.02E+09 0.1848 4620.87
1.03E+09 0.1745 4614.88
1.04E+09 0.1756 4609.95
1.05E+09 0.1758 4605.78
1.06E+09 0.1815 4599.71
1.07E+09 0.1760 4593.41
1.08E+09 0.1678 4587.98
1.09E+09 0.1766 4582.79
1.10E+09 0.1676 4577.16
1.11E+09 0.1761 4572.22
1.12E+09 0.1678 4566.54
1.14E+09 0.1683 4560.49
1.15E+09 0.1662 4555.15
1.16E+09 0.1589 4550.01
1.17E+09 0.1645 4545.41
1.18E+09 0.1686 4539.84
1.19E+09 0.1635 4534.18
1.20E+09 0.1559 4529.25
1.21E+09 0.1511 4524.72
1.22E+09 0.1632 4520.57
1.23E+09 0.1614 4516.78
1.24E+09 0.1599 4512.18
1.25E+09 0.1566 4507.35
1.26E+09 0.1467 4503.15
1.26E+09 0.1491 4500.3
1.27E+09 0.1486 4496.52
1.28E+09 0.1468 4492.8
1.29E+09 0.1418 4489.42
1.30E+09 0.1414 4485.64
1.30E+09 0.1392 4482.4
1.31E+09 0.1452 4479.1
1.32E+09 0.1466 4475.81
1.33E+09 0.1460 4471.7
1.34E+09 0.1483 4467.63
1.35E+09 0.1553 4463.59
1.36E+09 0.1435 4459.42
1.37E+09 0.1426 4455.54
1.37E+09 0.1468 4451.6
1.38E+09 0.1428 4447.5
1.39E+09 0.1521 4443.5
1.40E+09 0.1430 4439.36
1.41E+09 0.1332 4435.95
1.42E+09 0.1337 4432.19
1.43E+09 0.1371 4428.27
1.44E+09 0.1385 4424.49
1.45E+09 0.1432 4420.33
1.46E+09 0.1395 4416.41
1.47E+09 0.1327 4412.75
1.48E+09 0.1306 4408.9
1.49E+09 0.1390 4405.14
1.50E+09 0.1377 4400.72
1.51E+09 0.1281 4397.12
1.52E+09 0.1343 4392.62
1.53E+09 0.1339 4388.78
1.54E+09 0.1405 4385.17
1.55E+09 0.1385 4380.55
1.56E+09 0.1334 4376.75
1.56E+09 0.1299 4373.17
1.58E+09 0.1259 4369.14
1.58E+09 0.1297 4365.74
1.59E+09 0.1316 4361.74
1.60E+09 0.1255 4358.28
1.61E+09 0.1261 4354.43
1.62E+09 0.1293 4350.93
1.63E+09 0.1280 4346.64
1.65E+09 0.1265 4342.48
1.66E+09 0.1261 4338.37
1.67E+09 0.1213 4334.8
1.68E+09 0.1215 4330.92
1.69E+09 0.1200 4327.36
1.70E+09 0.1219 4324.12
1.71E+09 0.1178 4319.71
1.72E+09 0.1165 4315.71
1.73E+09 0.1192 4312.28
1.74E+09 0.1190 4308.5
1.75E+09 0.1125 4304.6
1.76E+09 0.1175 4300.49
1.77E+09 0.1185 4296.37
1.79E+09 0.1159 4292.29
1.80E+09 0.1182 4288.26
1.81E+09 0.1167 4284.83
1.82E+09 0.1092 4281.37
1.83E+09 0.1034 4277.87
1.84E+09 0.1127 4274.46
1.85E+09 0.1101 4270.99
1.86E+09 0.1141 4267.56
1.87E+09 0.1073 4263.87
1.88E+09 0.1057 4260.23
1.89E+09 0.1001 4256.98
1.90E+09 0.1009 4253.86
1.91E+09 0.1079 4250.51
1.93E+09 0.1050 4246.89
1.94E+09 0.1011 4243.46
1.95E+09 0.1167 4239.16
1.96E+09 0.1091 4234.99
1.97E+09 0.1001 4231.29
1.99E+09 0.1060 4227.5
2.00E+09 0.1048 4223.61
2.01E+09 0.1043 4219.89
2.02E+09 0.0987 4216.41
2.03E+09 0.1014 4212.84
2.05E+09 0.0949 4209.36
2.06E+09 0.1001 4205.49
2.07E+09 0.0987 4201.66
2.09E+09 0.1013 4197.78
2.10E+09 0.0980 4194.23
2.11E+09 0.0954 4190.7
2.12E+09 0.0956 4187.29
2.13E+09 0.0981 4183.69
2.15E+09 0.0963 4180.42
2.16E+09 0.0930 4176.82
2.17E+09 0.0869 4173.84
2.18E+09 0.0866 4170.81
2.19E+09 0.0918 4167.91
2.20E+09 0.0911 4164.4
2.22E+09 0.0921 4160.87
2.23E+09 0.0882 4157.47
2.24E+09 0.0876 4154.23
2.26E+09 0.0904 4150.66
2.27E+09 0.0942 4147.06
2.28E+09 0.0895 4143.06
2.30E+09 0.0887 4139.43
2.31E+09 0.0834 4136.21
2.32E+09 0.0852 4133.04
2.33E+09 0.0776 4130.08
2.35E+09 0.0807 4127.04
2.36E+09 0.0878 4124.24
2.37E+09 0.0813 4121.2
2.38E+09 0.0750 4118.12
2.40E+09 0.0823 4115.27
2.41E+09 0.0830 4111.63
2.42E+09 0.0828 4108.44
2.44E+09 0.0820 4104.96
2.45E+09 0.0805 4102.15
2.46E+09 0.0729 4099.12
2.48E+09 0.0750 4096.22
2.49E+09 0.0797 4093.05
2.50E+09 0.0771 4090.07
2.52E+09 0.0778 4086.89
2.53E+09 0.0743 4083.74
2.54E+09 0.0775 4080.66
2.56E+09 0.0739 4077.34
2.57E+09 0.0751 4074.41
2.59E+09 0.0734 4070.78
2.60E+09 0.0768 4067.53
2.62E+09 0.0774 4064.46
2.63E+09 0.0739 4061.44
2.64E+09 0.0683 4058.76
2.66E+09 0.0715 4055.61
2.67E+09 0.0709 4052.75
2.68E+09 0.0731 4049.6
2.70E+09 0.0727 4046.63
2.71E+09 0.0696 4043.37
2.73E+09 0.0678 4040.06
2.75E+09 0.0685 4036.8
2.76E+09 0.0761 4033.62
2.78E+09 0.0708 4029.86
2.80E+09 0.0654 4026.42
2.81E+09 0.0703 4023.18
2.83E+09 0.0699 4019.71
2.84E+09 0.0646 4016.38
2.86E+09 0.0634 4013.12
2.88E+09 0.0688 4009.85
2.89E+09 0.0655 4006.38
2.91E+09 0.0684 4002.51
2.93E+09 0.0659 3999.42
2.95E+09 0.0671 3995.68
2.97E+09 0.0654 3992.3
2.99E+09 0.0602 3988.61
3.00E+09 0.0627 3985.82
3.02E+09 0.0606 3982.76
3.03E+09 0.0580 3980.12
3.05E+09 0.0556 3977.15
3.06E+09 0.0563 3974.78
3.08E+09 0.0586 3972.29
3.09E+09 0.0613 3969.43
3.11E+09 0.0574 3966.08
3.13E+09 0.0610 3963.26
3.15E+09 0.0577 3960.14
3.16E+09 0.0569 3957.29
3.18E+09 0.0521 3954.83
3.20E+09 0.0506 3952.43
3.21E+09 0.0522 3949.68
3.23E+09 0.0543 3947.11
3.25E+09 0.0549 3944.02
3.26E+09 0.0567 3941.8
3.28E+09 0.0512 3939.03
3.30E+09 0.0496 3936.48
3.31E+09 0.0493 3934.04
3.33E+09 0.0529 3931.44
3.35E+09 0.0522 3928.83
3.36E+09 0.0518 3925.97
3.38E+09 0.0485 3923.44
3.40E+09 0.0489 3920.99
3.41E+09 0.0465 3918.63
3.43E+09 0.0453 3916.24
3.45E+09 0.0436 3913.75
3.47E+09 0.0472 3911.22
3.48E+09 0.0493 3908.88
3.50E+09 0.0488 3906.52
3.52E+09 0.0446 3903.72
3.54E+09 0.0459 3901.42
3.56E+09 0.0463 3898.83
3.57E+09 0.0441 3896.85
3.59E+09 0.0455 3894.38
3.61E+09 0.0479 3892.01
3.63E+09 0.0455 3889.41
3.65E+09 0.0427 3886.76
3.66E+09 0.0434 3884.55
3.68E+09 0.0426 3882.13
3.70E+09 0.0418 3879.64
3.72E+09 0.0414 3877.28
3.74E+09 0.0477 3874.49
3.76E+09 0.0485 3871.32
3.78E+09 0.0446 3868.41
3.81E+09 0.0434 3865.59
3.83E+09 0.0435 3862.9
3.85E+09 0.0405 3860.36
3.86E+09 0.0387 3858.3
3.89E+09 0.0400 3855.83
3.90E+09 0.0404 3853.66
3.92E+09 0.0394 3851.31
3.94E+09 0.0379 3849.03
3.96E+09 0.0365 3846.75
3.99E+09 0.0384 3844.36
4.01E+09 0.0372 3842.05
4.03E+09 0.0348 3839.82
4.04E+09 0.0365 3837.91
4.06E+09 0.0403 3835.65
4.09E+09 0.0356 3833.25
4.11E+09 0.0376 3830.78
4.13E+09 0.0360 3828.49
4.15E+09 0.0358 3826.13
4.17E+09 0.0363 3823.88
4.19E+09 0.0358 3821.75
4.21E+09 0.0341 3819.59
4.24E+09 0.0349 3817.14
4.26E+09 0.0365 3814.85
4.28E+09 0.0368 3812.41
4.31E+09 0.0332 3809.81
4.33E+09 0.0312 3807.32
4.35E+09 0.0312 3805.28
4.38E+09 0.0353 3803.03
4.40E+09 0.0386 3800.63
4.43E+09 0.0358 3797.57
4.46E+09 0.0353 3794.42
4.48E+09 0.0336 3791.7
4.51E+09 0.0316 3788.87
4.54E+09 0.0343 3786.44
4.56E+09 0.0312 3783.95
4.59E+09 0.0297 3781.57
4.61E+09 0.0326 3779.25
4.64E+09 0.0331 3776.55
4.67E+09 0.0326 3773.21
4.71E+09 0.0338 3769.85
4.75E+09 0.0329 3765.89
4.78E+09 0.0298 3763.12
4.81E+09 0.0264 3760.63
4.84E+09 0.0287 3758.14
4.87E+09 0.0258 3755.67
4.90E+09 0.0292 3753.17
4.93E+09 0.0294 3750.65
4.96E+09 0.0261 3747.95
4.99E+09 0.0240 3745.65
