0.00E+00 -0.4786 4661.88
2.19E+08 0.1139 4602.82
2.25E+08 0.1696 4600.04
2.38E+08 0.1686 4593.35
2.53E+08 0.1731 4585.8
2.81E+08 0.1728 4571.6
3.12E+08 0.1856 4554.92
3.57E+08 0.1887 4529.11
4.52E+08 0.1717 4478.09
5.19E+08 0.1589 4444.92
5.65E+08 0.1493 4423.33
6.06E+08 0.1434 4405.74
6.41E+08 0.1446 4390.67
6.66E+08 0.1550 4379.53
6.91E+08 0.1498 4368.06
7.15E+08 0.1553 4356.97
7.39E+08 0.1554 4345.94
7.69E+08 0.1527 4332.22
7.97E+08 0.1461 4319.34
8.21E+08 0.1395 4309.21
8.40E+08 0.1306 4301.65
8.59E+08 0.1357 4293.95
8.84E+08 0.1290 4284.39
9.10E+08 0.1217 4274.54
9.33E+08 0.1157 4266.38
9.55E+08 0.1141 4258.78
9.79E+08 0.1145 4250.57
1.00E+09 0.1060 4243.57
1.02E+09 0.1069 4236.6
1.04E+09 0.1028 4229.9
1.06E+09 0.1057 4224.55
1.08E+09 0.0971 4219.22
1.09E+09 0.0918 4215.33
1.10E+09 0.0972 4212.11
1.12E+09 0.1026 4207.21
1.14E+09 0.0966 4202.67
1.15E+09 0.0917 4198.67
1.16E+09 0.0962 4194.85
1.18E+09 0.0944 4189.86
1.19E+09 0.0896 4186.09
1.21E+09 0.0922 4182.13
1.22E+09 0.0938 4178.7
1.24E+09 0.0923 4174.18
1.25E+09 0.0910 4169.4
1.27E+09 0.0859 4164.98
1.28E+09 0.0847 4161.46
1.30E+09 0.0898 4157.85
1.31E+09 0.0902 4153.35
1.33E+09 0.0866 4148.88
1.35E+09 0.0862 4144.62
1.37E+09 0.0835 4140.16
1.38E+09 0.0818 4136.39
1.40E+09 0.0811 4132.68
1.41E+09 0.0760 4129.63
1.42E+09 0.0767 4126.36
1.44E+09 0.0825 4123.37
1.45E+09 0.0821 4118.93
1.47E+09 0.0827 4114.49
1.49E+09 0.0772 4109.88
1.51E+09 0.0781 4106.33
1.52E+09 0.0762 4102.24
1.54E+09 0.0740 4098.17
1.56E+09 0.0716 4094.72
1.57E+09 0.0705 4091.29
1.59E+09 0.0707 4087.55
1.61E+09 0.0741 4083.99
1.63E+09 0.0729 4080.2
1.64E+09 0.0745 4076.61
1.66E+09 0.0688 4073.09
1.68E+09 0.0671 4069.61
1.69E+09 0.0681 4065.96
1.71E+09 0.0711 4062.34
1.73E+09 0.0719 4058.34
1.75E+09 0.0684 4054.38
1.77E+09 0.0670 4050.44
1.79E+09 0.0645 4046.4
1.81E+09 0.0639 4042.97
1.82E+09 0.0663 4039.69
1.84E+09 0.0613 4037.07
1.86E+09 0.0655 4033.45
1.88E+09 0.0622 4029.62
1.89E+09 0.0625 4026.16
1.91E+09 0.0630 4022.74
1.93E+09 0.0623 4018.75
1.96E+09 0.0630 4014.75
1.98E+09 0.0623 4010.38
2.00E+09 0.0599 4006.67
2.02E+09 0.0576 4003.1
2.04E+09 0.0576 3999.78
2.06E+09 0.0583 3996.47
2.08E+09 0.0569 3992.53
2.10E+09 0.0575 3988.78
2.12E+09 0.0559 3984.89
2.15E+09 0.0565 3980.92
2.17E+09 0.0577 3977.06
2.19E+09 0.0537 3973.08
2.21E+09 0.0506 3969.93
2.24E+09 0.0518 3966.54
2.26E+09 0.0574 3962.82
2.28E+09 0.0536 3958.7
2.31E+09 0.0523 3954.8
2.34E+09 0.0530 3950.64
2.36E+09 0.0503 3946.81
2.38E+09 0.0479 3943.48
2.41E+09 0.0483 3939.81
2.43E+09 0.0445 3936.62
2.45E+09 0.0494 3933.82
2.47E+09 0.0457 3930.73
2.49E+09 0.0454 3927.92
2.52E+09 0.0456 3924.71
2.54E+09 0.0456 3921.88
2.56E+09 0.0439 3918.76
2.58E+09 0.0465 3915.61
2.61E+09 0.0425 3912.17
2.64E+09 0.0395 3909.01
2.66E+09 0.0440 3906.17
2.68E+09 0.0455 3902.6
2.71E+09 0.0458 3899.07
2.73E+09 0.0412 3896.04
2.76E+09 0.0408 3892.8
2.79E+09 0.0461 3889.33
2.81E+09 0.0438 3885.81
2.84E+09 0.0414 3881.97
2.87E+09 0.0392 3878.45
2.90E+09 0.0375 3875.38
2.93E+09 0.0378 3872.36
2.96E+09 0.0377 3869.01
2.98E+09 0.0366 3865.93
3.01E+09 0.0384 3862.7
3.04E+09 0.0367 3859.47
3.07E+09 0.0355 3856.45
3.10E+09 0.0362 3853.45
3.12E+09 0.0372 3850.31
3.15E+09 0.0332 3847.49
3.18E+09 0.0324 3844.61
3.21E+09 0.0368 3841.52
3.24E+09 0.0348 3837.98
3.28E+09 0.0345 3834.71
3.31E+09 0.0330 3831.39
3.34E+09 0.0320 3828.36
3.37E+09 0.0308 3825.19
3.40E+09 0.0290 3822.57
3.43E+09 0.0314 3819.86
3.46E+09 0.0317 3816.77
3.50E+09 0.0305 3813.57
3.53E+09 0.0317 3810.79
3.56E+09 0.0312 3807.33
3.60E+09 0.0295 3804.29
3.64E+09 0.0267 3801.22
3.67E+09 0.0293 3798.35
3.70E+09 0.0281 3795.46
3.74E+09 0.0256 3792.72
3.77E+09 0.0252 3790.28
3.80E+09 0.0286 3787.69
3.84E+09 0.0290 3784.38
3.88E+09 0.0277 3781.36
3.91E+09 0.0239 3778.9
3.94E+09 0.0244 3776.45
3.97E+09 0.0267 3773.91
4.01E+09 0.0270 3770.88
4.05E+09 0.0238 3768.13
4.08E+09 0.0235 3765.81
4.11E+09 0.0227 3763.73
4.15E+09 0.0239 3761.28
4.18E+09 0.0253 3758.47
4.22E+09 0.0261 3755.59
4.26E+09 0.0246 3752.74
4.30E+09 0.0238 3749.93
4.34E+09 0.0240 3747.16
4.37E+09 0.0228 3744.79
4.40E+09 0.0213 3742.55
4.44E+09 0.0226 3740.18
4.48E+09 0.0208 3737.83
4.51E+09 0.0231 3735.75
4.55E+09 0.0217 3733.07
4.59E+09 0.0196 3730.63
4.63E+09 0.0190 3728.46
4.67E+09 0.0220 3725.86
4.71E+09 0.0204 3723.31
4.75E+09 0.0190 3721.07
4.78E+09 0.0182 3719.28
4.81E+09 0.0195 3717.15
4.85E+09 0.0179 3715.03
4.89E+09 0.0190 3712.87
4.93E+09 0.0192 3710.75
4.97E+09 0.0169 3708.68
