0.00E+00 -0.4651 4889.73
8.06E+07 0.2612 4812.96
1.33E+08 0.2343 4745.08
2.20E+08 0.2029 4650.88
3.53E+08 0.1971 4504.01
4.73E+08 0.1893 4384.66
5.65E+08 0.1562 4302.84
6.46E+08 0.1454 4238.47
7.07E+08 0.1357 4193.83
7.47E+08 0.1274 4166.58
7.91E+08 0.1230 4139.35
8.34E+08 0.1183 4112.35
8.79E+08 0.1056 4086.3
9.20E+08 0.1048 4064.09
9.52E+08 0.1081 4047.1
9.95E+08 0.1009 4024.76
1.02E+09 0.0986 4009.99
1.06E+09 0.0938 3993.12
1.10E+09 0.0844 3973.21
1.14E+09 0.0857 3959.54
1.17E+09 0.0775 3943.94
1.21E+09 0.0750 3929.81
1.24E+09 0.0705 3917.11
1.29E+09 0.0653 3899.92
1.33E+09 0.0646 3887.71
1.36E+09 0.0628 3877.18
1.39E+09 0.0563 3866.85
1.43E+09 0.0579 3855.85
1.47E+09 0.0533 3844.33
1.51E+09 0.0541 3834.7
1.54E+09 0.0482 3826.5
1.58E+09 0.0484 3815.92
1.61E+09 0.0466 3808.61
1.65E+09 0.0449 3800.56
1.68E+09 0.0425 3792.89
1.72E+09 0.0415 3783.18
1.76E+09 0.0437 3775.84
1.79E+09 0.0386 3768.78
1.82E+09 0.0384 3762.2
1.86E+09 0.0381 3755.65
1.89E+09 0.0352 3748.2
1.92E+09 0.0405 3742.58
1.96E+09 0.0353 3736.12
1.99E+09 0.0326 3729.36
2.04E+09 0.0337 3721.87
2.07E+09 0.0329 3715.42
2.11E+09 0.0311 3708.84
2.15E+09 0.0340 3703.6
2.19E+09 0.0294 3697.08
2.23E+09 0.0285 3689.88
2.28E+09 0.0295 3683.62
2.33E+09 0.0265 3676.64
2.37E+09 0.0258 3670.56
2.40E+09 0.0265 3666.08
2.45E+09 0.0246 3659.64
2.50E+09 0.0248 3653.02
2.56E+09 0.0233 3646.77
2.60E+09 0.0253 3641.09
2.65E+09 0.0217 3635.26
2.71E+09 0.0213 3628.75
2.77E+09 0.0210 3622.56
2.82E+09 0.0190 3616.66
2.88E+09 0.0190 3610.54
2.94E+09 0.0182 3605.3
3.00E+09 0.0184 3599.75
3.06E+09 0.0173 3594.32
3.12E+09 0.0163 3588.71
3.19E+09 0.0163 3583.18
3.25E+09 0.0154 3577.78
3.32E+09 0.0149 3572.69
3.38E+09 0.0149 3567.88
3.44E+09 0.0145 3562.84
3.52E+09 0.0139 3557.54
3.58E+09 0.0134 3552.64
3.65E+09 0.0138 3547.81
3.73E+09 0.0128 3542.76
3.80E+09 0.0127 3537.85
3.87E+09 0.0122 3532.97
3.95E+09 0.0118 3528.36
4.02E+09 0.0115 3523.78
4.10E+09 0.0111 3519.54
4.17E+09 0.0109 3515.18
4.25E+09 0.0111 3510.74
4.33E+09 0.0104 3506.44
4.41E+09 0.0102 3502.16
4.48E+09 0.0099 3498.21
4.56E+09 0.0096 3494.23
4.64E+09 0.0096 3490.34
4.72E+09 0.0092 3486.51
4.80E+09 0.0092 3482.69
4.88E+09 0.0090 3478.77
4.96E+09 0.0087 3475.06
