0.00E+00 -0.6785 5468.73
1.51E+08 0.2016 5392.91
1.94E+08 0.2026 5367.89
2.33E+08 0.1794 5345.92
2.57E+08 0.1886 5332.27
2.89E+08 0.1739 5314.84
3.09E+08 0.1820 5304.31
3.27E+08 0.1805 5294.25
3.30E+08 0.1835 5292.66
3.31E+08 0.1943 5292.11
3.33E+08 0.2167 5291.15
3.37E+08 0.2318 5288.09
3.45E+08 0.2382 5282.59
3.57E+08 0.2467 5273.55
3.63E+08 0.2662 5269.3
3.64E+08 0.2972 5268.15
3.67E+08 0.2938 5265.35
3.81E+08 0.2637 5254.24
4.11E+08 0.2765 5230.06
4.28E+08 0.3077 5215.64
4.44E+08 0.2956 5200.56
4.87E+08 0.2575 5165.92
5.33E+08 0.2625 5130.19
5.58E+08 0.2730 5109.88
5.79E+08 0.2872 5091.73
6.11E+08 0.2641 5065.5
6.44E+08 0.2498 5040.37
6.78E+08 0.2374 5015.87
7.04E+08 0.2302 4997.35
7.31E+08 0.2237 4979.05
7.57E+08 0.2163 4961.64
7.79E+08 0.2084 4947.35
7.94E+08 0.2162 4938.25
8.09E+08 0.2477 4927.14
8.27E+08 0.2343 4914.44
8.41E+08 0.2205 4904.61
8.53E+08 0.2316 4896.37
8.66E+08 0.2231 4887.64
8.82E+08 0.2263 4876.87
8.95E+08 0.2230 4867.93
9.10E+08 0.2212 4858.24
9.27E+08 0.2155 4847
9.41E+08 0.2168 4838.34
9.55E+08 0.2094 4829.04
9.67E+08 0.1956 4821.64
9.79E+08 0.2174 4814.15
9.91E+08 0.2055 4806.92
1.00E+09 0.1994 4798.97
1.01E+09 0.2039 4793.13
1.03E+09 0.1980 4785.35
1.04E+09 0.2029 4777.54
1.05E+09 0.1979 4769.13
1.07E+09 0.1993 4761.73
1.08E+09 0.1933 4755.4
1.09E+09 0.1892 4749.12
1.10E+09 0.1882 4741.89
1.11E+09 0.1890 4736.26
1.12E+09 0.1796 4730.86
1.13E+09 0.1901 4725.16
1.14E+09 0.1849 4717.57
1.16E+09 0.1822 4710
1.17E+09 0.1789 4704.4
1.18E+09 0.1820 4698.64
1.19E+09 0.1769 4693.27
1.20E+09 0.1796 4688.25
1.21E+09 0.1812 4682.35
1.22E+09 0.1744 4675.91
1.23E+09 0.1762 4671.41
1.24E+09 0.1772 4665.38
1.25E+09 0.1718 4659.63
1.26E+09 0.1702 4654.41
1.27E+09 0.1697 4649.66
1.28E+09 0.1642 4643.9
1.29E+09 0.1677 4639.62
1.30E+09 0.1636 4634.35
1.31E+09 0.1567 4629.3
1.32E+09 0.1683 4625.42
1.33E+09 0.1618 4621.36
1.34E+09 0.1657 4616.3
1.35E+09 0.1608 4612.18
1.36E+09 0.1594 4608.15
1.37E+09 0.1529 4603.11
1.38E+09 0.1497 4599.11
1.38E+09 0.1558 4594.9
1.40E+09 0.1563 4590.13
1.41E+09 0.1565 4584.75
1.42E+09 0.1494 4580.3
1.43E+09 0.1519 4576
1.44E+09 0.1573 4571.39
1.45E+09 0.1511 4566.4
1.46E+09 0.1471 4561.51
1.47E+09 0.1479 4557.36
1.48E+09 0.1469 4552.5
1.49E+09 0.1521 4548.09
1.50E+09 0.1513 4543.61
1.51E+09 0.1407 4538.98
1.52E+09 0.1471 4534.71
1.53E+09 0.1452 4529.95
1.54E+09 0.1482 4525.44
1.55E+09 0.1443 4521.44
1.56E+09 0.1397 4516.99
1.57E+09 0.1336 4513.09
1.58E+09 0.1429 4509.3
1.59E+09 0.1362 4504.73
1.60E+09 0.1285 4500.82
1.61E+09 0.1261 4497.68
1.62E+09 0.1384 4493.53
1.63E+09 0.1373 4489.43
1.64E+09 0.1268 4484.89
1.65E+09 0.1290 4481.21
1.66E+09 0.1380 4476.81
1.67E+09 0.1323 4472.37
1.68E+09 0.1358 4466.86
1.69E+09 0.1306 4462.41
1.70E+09 0.1269 4458.26
1.72E+09 0.1236 4454.15
1.73E+09 0.1182 4450.47
1.73E+09 0.1146 4447.43
1.74E+09 0.1362 4443.88
1.76E+09 0.1279 4438.96
1.77E+09 0.1242 4434.6
1.78E+09 0.1196 4431.39
1.79E+09 0.1195 4427.13
1.80E+09 0.1159 4423.86
1.81E+09 0.1132 4420.04
1.82E+09 0.1193 4416.65
1.83E+09 0.1114 4412.97
1.84E+09 0.1197 4408.92
1.85E+09 0.1198 4404.56
1.86E+09 0.1157 4400.65
1.88E+09 0.1174 4396.67
1.89E+09 0.1073 4392.89
1.90E+09 0.1077 4389.7
1.91E+09 0.1091 4386.37
1.92E+09 0.1171 4382.98
1.93E+09 0.1168 4378.5
1.94E+09 0.1075 4374.35
1.95E+09 0.1109 4370.51
1.96E+09 0.1152 4366.99
1.98E+09 0.1067 4362.3
1.99E+09 0.1088 4358.26
2.00E+09 0.1022 4354.43
2.01E+09 0.0972 4350.85
2.02E+09 0.1025 4348.07
2.03E+09 0.1097 4344.5
2.05E+09 0.1062 4340.26
2.06E+09 0.0998 4336.86
2.07E+09 0.1006 4333.24
2.08E+09 0.1001 4329.8
2.09E+09 0.0997 4326.47
2.10E+09 0.0961 4323.18
2.12E+09 0.0967 4319.5
2.13E+09 0.0960 4315.87
2.14E+09 0.0916 4312.72
2.15E+09 0.0950 4309.07
2.17E+09 0.0935 4306.02
2.18E+09 0.0919 4302.91
2.19E+09 0.0917 4299.52
2.20E+09 0.0948 4295.88
2.21E+09 0.0903 4292.7
2.22E+09 0.0954 4289.51
2.24E+09 0.1004 4285.45
2.25E+09 0.0921 4281.33
2.27E+09 0.0918 4277.77
2.28E+09 0.0923 4274.51
2.29E+09 0.0877 4271.01
2.30E+09 0.0871 4267.45
2.32E+09 0.0874 4264.13
2.33E+09 0.0886 4260.97
2.34E+09 0.0898 4257.31
2.35E+09 0.0931 4253.9
2.37E+09 0.0849 4250.27
2.38E+09 0.0831 4246.72
2.40E+09 0.0875 4243.14
2.41E+09 0.0886 4239.87
2.42E+09 0.0819 4236.52
2.44E+09 0.0794 4233.2
2.45E+09 0.0768 4230.17
2.46E+09 0.0800 4226.85
2.47E+09 0.0824 4223.93
2.49E+09 0.0765 4220.65
2.50E+09 0.0797 4217.51
2.51E+09 0.0792 4214.42
2.53E+09 0.0701 4211.24
2.54E+09 0.0750 4208.21
2.55E+09 0.0810 4205.75
2.57E+09 0.0749 4202.63
2.58E+09 0.0716 4199.19
2.60E+09 0.0814 4196.02
2.61E+09 0.0740 4192.54
2.63E+09 0.0789 4189.06
2.64E+09 0.0778 4185.83
2.65E+09 0.0707 4182.78
2.67E+09 0.0717 4179.68
2.68E+09 0.0719 4177.02
2.70E+09 0.0647 4173.92
2.71E+09 0.0681 4170.91
2.72E+09 0.0730 4168.03
2.74E+09 0.0698 4165.21
2.75E+09 0.0620 4162.38
2.77E+09 0.0631 4159.67
2.78E+09 0.0651 4156.81
2.80E+09 0.0601 4154.1
2.81E+09 0.0658 4151.41
2.83E+09 0.0653 4148.3
2.84E+09 0.0677 4145.27
2.86E+09 0.0607 4142.2
2.87E+09 0.0642 4139.11
2.89E+09 0.0655 4136.16
2.90E+09 0.0645 4133.71
2.92E+09 0.0652 4130.62
2.93E+09 0.0654 4127.86
2.95E+09 0.0632 4124.9
2.96E+09 0.0605 4121.98
2.98E+09 0.0552 4119.04
3.00E+09 0.0536 4116.31
3.01E+09 0.0552 4113.72
3.02E+09 0.0586 4111.51
3.04E+09 0.0645 4108.53
3.06E+09 0.0620 4105.08
3.08E+09 0.0592 4101.89
3.09E+09 0.0547 4099.16
3.11E+09 0.0527 4096.59
3.12E+09 0.0560 4094.12
3.14E+09 0.0570 4091.29
3.16E+09 0.0623 4088.17
3.18E+09 0.0569 4084.8
3.20E+09 0.0568 4081.57
3.21E+09 0.0553 4078.97
3.23E+09 0.0510 4076.5
3.24E+09 0.0507 4073.94
3.26E+09 0.0497 4071.53
3.27E+09 0.0530 4069.46
3.29E+09 0.0491 4066.87
3.31E+09 0.0510 4064.13
3.33E+09 0.0463 4061.58
3.34E+09 0.0490 4058.94
3.36E+09 0.0453 4056.32
3.38E+09 0.0498 4053.4
3.40E+09 0.0508 4051.22
3.42E+09 0.0472 4048.65
3.44E+09 0.0442 4045.85
3.45E+09 0.0449 4043.48
3.47E+09 0.0521 4041.02
3.49E+09 0.0457 4038.24
3.51E+09 0.0446 4035.65
3.53E+09 0.0454 4033.33
3.54E+09 0.0493 4030.66
3.56E+09 0.0452 4027.84
3.59E+09 0.0419 4025.17
3.60E+09 0.0412 4022.75
3.62E+09 0.0436 4020.16
3.64E+09 0.0503 4017.84
3.66E+09 0.0449 4015.12
3.68E+09 0.0436 4012.29
3.70E+09 0.0406 4010.07
3.72E+09 0.0389 4007.79
3.74E+09 0.0436 4005.39
3.75E+09 0.0449 4003.06
3.78E+09 0.0395 4000.42
3.80E+09 0.0381 3997.95
3.82E+09 0.0362 3995.69
3.84E+09 0.0427 3993.42
3.86E+09 0.0378 3991.02
3.88E+09 0.0382 3988.58
3.90E+09 0.0368 3986.13
3.92E+09 0.0356 3984.08
3.94E+09 0.0355 3981.86
3.96E+09 0.0353 3979.47
3.98E+09 0.0355 3977.16
4.01E+09 0.0378 3974.65
4.03E+09 0.0363 3972.23
4.05E+09 0.0356 3969.58
4.08E+09 0.0341 3966.95
4.10E+09 0.0383 3964.37
4.13E+09 0.0354 3961.54
4.15E+09 0.0316 3959.12
4.17E+09 0.0368 3956.58
4.20E+09 0.0356 3954.09
4.22E+09 0.0338 3951.31
4.26E+09 0.0373 3947.91
4.28E+09 0.0357 3945.1
4.31E+09 0.0328 3942.57
4.33E+09 0.0294 3940.19
4.36E+09 0.0310 3937.6
4.38E+09 0.0291 3935.56
4.41E+09 0.0315 3933.13
4.44E+09 0.0300 3930.58
4.47E+09 0.0298 3927.82
4.49E+09 0.0305 3925.46
4.52E+09 0.0304 3923.04
4.55E+09 0.0340 3919.86
4.59E+09 0.0346 3916.66
4.62E+09 0.0328 3913.48
4.65E+09 0.0317 3910.6
4.68E+09 0.0299 3907.66
4.71E+09 0.0318 3904.37
4.75E+09 0.0294 3901.16
4.79E+09 0.0294 3897.9
4.82E+09 0.0291 3894.55
4.86E+09 0.0270 3891.34
4.90E+09 0.0254 3888.58
4.93E+09 0.0251 3886.36
4.96E+09 0.0270 3883.6
4.99E+09 0.0290 3881.14
