0.00E+00 -0.8031 5842.18
4.51E+08 0.0990 5297.04
6.84E+08 0.0750 5094.55
9.47E+08 0.0538 4925.75
1.25E+09 0.0462 4774.42
1.47E+09 0.0424 4683.11
1.52E+09 0.0934 4644.89
1.58E+09 0.0490 4606.58
1.77E+09 0.0344 4530.94
1.94E+09 0.0358 4476.16
2.09E+09 0.0326 4422.9
2.23E+09 0.0251 4383.77
2.35E+09 0.0202 4354.74
2.49E+09 0.0173 4329.67
2.62E+09 0.0155 4308.55
2.72E+09 0.0144 4293.31
2.81E+09 0.0153 4279.64
2.90E+09 0.0119 4268.39
2.98E+09 0.0102 4259.46
3.05E+09 0.0137 4251.52
3.10E+09 0.0151 4243.34
3.16E+09 0.0142 4235.13
3.22E+09 0.0128 4227.58
3.28E+09 0.0120 4219.74
3.33E+09 0.0119 4213.27
3.39E+09 0.0114 4206.41
3.45E+09 0.0105 4200.14
3.51E+09 0.0098 4193.85
3.57E+09 0.0099 4187.63
3.64E+09 0.0093 4181.22
3.70E+09 0.0085 4175.56
3.78E+09 0.0080 4169.47
3.84E+09 0.0078 4164.38
3.90E+09 0.0075 4159.65
3.97E+09 0.0072 4154.78
4.03E+09 0.0069 4150.51
4.10E+09 0.0065 4145.69
4.18E+09 0.0063 4141
4.25E+09 0.0060 4136.32
4.32E+09 0.0056 4132.18
4.40E+09 0.0053 4128.04
4.48E+09 0.0051 4123.86
4.56E+09 0.0050 4119.91
4.64E+09 0.0047 4116.06
4.72E+09 0.0044 4112.42
4.80E+09 0.0042 4108.88
4.88E+09 0.0041 4105.44
4.97E+09 0.0036 4102.07
