0.00E+00 -0.7558 6016.04
1.64E+08 0.2505 5874.99
2.20E+08 0.2349 5820.5
2.66E+08 0.2289 5777.49
3.08E+08 0.2196 5739.85
3.44E+08 0.2030 5707.74
3.72E+08 0.2055 5684.73
4.03E+08 0.1941 5659
4.27E+08 0.1910 5639.49
4.52E+08 0.1882 5619.57
4.75E+08 0.1850 5601.74
4.98E+08 0.1863 5584.53
5.16E+08 0.1930 5570.31
5.21E+08 0.2408 5566.1
5.23E+08 0.2360 5563.97
5.26E+08 0.2359 5561.49
5.31E+08 0.2544 5555.68
5.49E+08 0.2775 5536.37
5.78E+08 0.2864 5502.37
6.05E+08 0.2992 5469.42
6.24E+08 0.2828 5445.65
6.75E+08 0.2397 5390.82
7.35E+08 0.2142 5334.59
8.01E+08 0.2098 5278.55
8.56E+08 0.2338 5227.81
8.90E+08 0.2602 5192.85
9.41E+08 0.2450 5137.93
1.01E+09 0.2086 5068.97
1.08E+09 0.1924 5013.69
1.14E+09 0.2016 4967.18
1.20E+09 0.2274 4910.04
1.25E+09 0.2009 4869.58
1.26E+09 0.1935 4856.02
1.27E+09 0.1896 4848.31
1.29E+09 0.1861 4835.18
1.31E+09 0.1867 4820.82
1.33E+09 0.1806 4806.07
1.34E+09 0.1752 4794.19
1.36E+09 0.1683 4781.71
1.38E+09 0.1648 4771.23
1.39E+09 0.1839 4758.86
1.41E+09 0.1758 4744.33
1.43E+09 0.1689 4730.68
1.45E+09 0.1623 4719.52
1.47E+09 0.1706 4706.41
1.49E+09 0.1636 4693.54
1.51E+09 0.1548 4681.58
1.52E+09 0.1655 4670.71
1.54E+09 0.1534 4659.15
1.56E+09 0.1608 4647.89
1.57E+09 0.1562 4639.33
1.59E+09 0.1495 4629.4
1.60E+09 0.1416 4618.13
1.62E+09 0.1481 4607.29
1.64E+09 0.1507 4598.02
1.65E+09 0.1435 4587.4
1.67E+09 0.1367 4577.51
1.69E+09 0.1461 4565.6
1.71E+09 0.1439 4554.86
1.73E+09 0.1370 4543.67
1.75E+09 0.1239 4531.53
1.77E+09 0.1260 4523.04
1.79E+09 0.1368 4513.52
1.81E+09 0.1266 4501.62
1.83E+09 0.1331 4490.62
1.84E+09 0.1258 4481.97
1.87E+09 0.1261 4470.49
1.89E+09 0.1233 4458.8
1.92E+09 0.1203 4444.96
1.93E+09 0.1072 4437.68
1.95E+09 0.1103 4428.72
1.98E+09 0.1167 4417.34
2.00E+09 0.1147 4405.91
2.02E+09 0.1128 4394.73
2.05E+09 0.1054 4383.91
2.07E+09 0.1082 4372.75
2.10E+09 0.0999 4361.71
2.12E+09 0.0936 4353
2.14E+09 0.1021 4343.26
2.17E+09 0.1055 4332.68
2.20E+09 0.0897 4322.04
2.22E+09 0.1014 4312.56
2.25E+09 0.0871 4301.32
2.27E+09 0.0875 4292.96
2.30E+09 0.0965 4282.12
2.32E+09 0.0862 4273.25
2.35E+09 0.0845 4262.5
2.38E+09 0.0890 4252.22
2.41E+09 0.0891 4241.44
2.44E+09 0.0815 4233.14
2.47E+09 0.0779 4222.65
2.50E+09 0.0795 4212.79
2.53E+09 0.0830 4202.85
2.55E+09 0.0767 4194.19
2.59E+09 0.0682 4184.11
2.61E+09 0.0750 4176.24
2.65E+09 0.0711 4166
2.68E+09 0.0712 4156.37
2.71E+09 0.0658 4146.95
2.75E+09 0.0692 4136.47
2.78E+09 0.0662 4128.21
2.82E+09 0.0591 4118.25
2.85E+09 0.0659 4109.35
2.89E+09 0.0639 4100.75
2.92E+09 0.0605 4091.82
2.96E+09 0.0567 4083.24
2.99E+09 0.0503 4075.34
3.02E+09 0.0506 4068.79
3.05E+09 0.0565 4061.78
3.09E+09 0.0540 4053.23
3.13E+09 0.0518 4045.32
3.17E+09 0.0513 4037.38
3.20E+09 0.0491 4029.16
3.24E+09 0.0490 4021.2
3.28E+09 0.0469 4013.55
3.33E+09 0.0400 4004.95
3.36E+09 0.0388 3999.6
3.40E+09 0.0390 3992.74
3.44E+09 0.0357 3986.84
3.48E+09 0.0446 3979.76
3.53E+09 0.0424 3971.22
3.58E+09 0.0406 3962.92
3.63E+09 0.0398 3955.18
3.67E+09 0.0375 3947.25
3.72E+09 0.0353 3940.45
3.76E+09 0.0321 3934.15
3.81E+09 0.0298 3928.15
3.85E+09 0.0286 3923.43
3.90E+09 0.0342 3917.4
3.95E+09 0.0312 3910.51
4.00E+09 0.0280 3903.93
4.05E+09 0.0259 3899.01
4.09E+09 0.0260 3894.14
4.14E+09 0.0311 3888.47
4.20E+09 0.0303 3881.42
4.25E+09 0.0279 3875.25
4.31E+09 0.0278 3868.42
4.36E+09 0.0254 3862.13
4.42E+09 0.0256 3856.08
4.48E+09 0.0247 3849.93
4.54E+09 0.0238 3844.23
4.60E+09 0.0223 3838.3
4.66E+09 0.0209 3832.8
4.72E+09 0.0199 3827.93
4.77E+09 0.0167 3823.83
4.82E+09 0.0177 3820.12
4.89E+09 0.0211 3815.3
4.95E+09 0.0204 3809.62
