0.00E+00 -0.5119 5068.51
3.34E+07 0.3432 5046
4.41E+07 0.3917 5032.25
5.62E+07 0.4022 5015.28
7.79E+07 0.3700 4986.47
1.08E+08 0.3368 4949.13
1.37E+08 0.3532 4915.61
1.72E+08 0.3451 4873.25
2.05E+08 0.3572 4832.2
2.39E+08 0.3545 4790.32
2.64E+08 0.3366 4760.59
2.81E+08 0.3243 4741.58
2.97E+08 0.3216 4722.64
3.11E+08 0.3086 4707.78
3.26E+08 0.3099 4691.65
3.36E+08 0.3008 4681.07
3.49E+08 0.3055 4666.47
3.60E+08 0.2974 4654.82
3.71E+08 0.2929 4644.13
3.81E+08 0.2875 4633.83
3.93E+08 0.2884 4622.05
4.05E+08 0.2786 4610.01
4.16E+08 0.2785 4599.58
4.27E+08 0.2754 4588.72
4.38E+08 0.2703 4578.57
4.46E+08 0.2687 4570.48
4.57E+08 0.2615 4560.97
4.67E+08 0.2592 4551.82
4.78E+08 0.2559 4541.24
4.88E+08 0.2519 4532.71
4.96E+08 0.2470 4525.44
5.06E+08 0.2468 4517.19
5.18E+08 0.2433 4507.3
5.27E+08 0.2380 4499.33
5.37E+08 0.2351 4491.04
5.47E+08 0.2319 4482.85
5.55E+08 0.2284 4476.93
5.65E+08 0.2240 4469.22
5.74E+08 0.2228 4461.72
5.85E+08 0.2192 4453.08
5.93E+08 0.2172 4447.39
6.04E+08 0.2146 4439.4
6.13E+08 0.2108 4432.67
6.24E+08 0.2063 4424.61
6.36E+08 0.2031 4416.28
6.48E+08 0.2002 4407.37
6.60E+08 0.1965 4399.48
6.70E+08 0.1929 4392.62
6.81E+08 0.1916 4384.75
6.90E+08 0.1863 4379.05
6.98E+08 0.1860 4373.76
7.11E+08 0.1814 4365.61
7.23E+08 0.1797 4358.29
7.34E+08 0.1782 4351.39
7.46E+08 0.1740 4344.24
7.59E+08 0.1699 4336.41
7.68E+08 0.1676 4330.65
7.80E+08 0.1664 4323.87
7.90E+08 0.1629 4317.91
8.01E+08 0.1622 4312.16
8.10E+08 0.1591 4306.85
8.16E+08 0.1623 4303.26
8.27E+08 0.1578 4297.63
8.35E+08 0.1579 4293.08
8.45E+08 0.1569 4287.68
8.54E+08 0.1581 4282.66
8.64E+08 0.1542 4277.27
8.75E+08 0.1539 4271.22
8.85E+08 0.1523 4266.29
8.95E+08 0.1536 4260.65
9.05E+08 0.1494 4255.54
9.13E+08 0.1465 4251.47
9.19E+08 0.1478 4248.16
9.29E+08 0.1489 4243.49
9.38E+08 0.1476 4238.43
9.47E+08 0.1474 4233.81
9.57E+08 0.1441 4228.87
9.66E+08 0.1440 4224.29
9.74E+08 0.1425 4220.74
9.83E+08 0.1430 4215.96
9.93E+08 0.1403 4211.22
1.00E+09 0.1411 4207.22
1.01E+09 0.1411 4202.19
1.02E+09 0.1385 4197.83
1.03E+09 0.1398 4192.82
1.04E+09 0.1375 4187.82
1.05E+09 0.1372 4183.34
1.06E+09 0.1361 4178.23
1.07E+09 0.1356 4174
1.08E+09 0.1340 4168.84
1.09E+09 0.1333 4164.59
1.10E+09 0.1323 4160.05
1.11E+09 0.1318 4155.26
1.12E+09 0.1306 4150.9
1.13E+09 0.1301 4147.03
1.14E+09 0.1303 4142.82
1.15E+09 0.1283 4138.92
1.16E+09 0.1294 4134.22
1.16E+09 0.1282 4130.51
1.17E+09 0.1276 4126.32
1.18E+09 0.1255 4121.93
1.20E+09 0.1246 4116.48
1.21E+09 0.1250 4111.61
1.22E+09 0.1226 4106.88
1.23E+09 0.1226 4101.98
1.24E+09 0.1222 4097.57
1.25E+09 0.1213 4093.25
1.26E+09 0.1196 4089.73
1.27E+09 0.1202 4085.4
1.28E+09 0.1194 4080.39
1.29E+09 0.1187 4076.1
1.30E+09 0.1173 4071.7
1.31E+09 0.1163 4066.91
1.33E+09 0.1149 4062.48
1.34E+09 0.1160 4057.75
1.35E+09 0.1147 4053.31
1.36E+09 0.1133 4048.39
1.37E+09 0.1127 4044.27
1.38E+09 0.1121 4040.18
1.39E+09 0.1115 4035.91
1.40E+09 0.1117 4031.8
1.41E+09 0.1127 4027.93
1.43E+09 0.1108 4023.34
1.44E+09 0.1092 4019.63
1.44E+09 0.1088 4016.06
1.45E+09 0.1083 4012.45
1.46E+09 0.1080 4008.63
1.48E+09 0.1066 4004
1.49E+09 0.1054 4000.28
1.50E+09 0.1044 3995.92
1.51E+09 0.1036 3992.11
1.52E+09 0.1025 3988.64
1.53E+09 0.1035 3984.87
1.54E+09 0.1031 3980.81
1.55E+09 0.1014 3976.38
1.56E+09 0.1013 3972.45
1.58E+09 0.1009 3968.11
1.59E+09 0.0997 3964.2
1.60E+09 0.0991 3959.54
1.61E+09 0.0970 3956.12
1.62E+09 0.0975 3952.32
1.63E+09 0.0982 3948.2
1.65E+09 0.0957 3944.27
1.66E+09 0.0952 3940.65
1.67E+09 0.0954 3935.81
1.68E+09 0.0947 3931.47
1.70E+09 0.0923 3927.85
1.71E+09 0.0931 3924.19
1.72E+09 0.0929 3921.11
1.73E+09 0.0928 3917.2
1.74E+09 0.0898 3913.14
1.75E+09 0.0913 3909.43
1.76E+09 0.0896 3905.88
1.78E+09 0.0894 3902.15
1.79E+09 0.0879 3898.22
1.80E+09 0.0880 3894.21
1.82E+09 0.0861 3890.34
1.83E+09 0.0880 3887.1
1.84E+09 0.0864 3884.15
1.85E+09 0.0861 3880.33
1.86E+09 0.0837 3876.94
1.87E+09 0.0839 3873.56
1.88E+09 0.0813 3870.15
1.89E+09 0.0830 3866.97
1.90E+09 0.0837 3863.87
1.92E+09 0.0814 3860.47
1.93E+09 0.0816 3856.91
1.94E+09 0.0809 3853.64
1.95E+09 0.0813 3850.14
1.97E+09 0.0789 3846.36
1.98E+09 0.0796 3843.11
1.99E+09 0.0784 3839.57
2.00E+09 0.0781 3836.62
2.01E+09 0.0773 3833.43
2.03E+09 0.0778 3829.96
2.04E+09 0.0761 3826.97
2.05E+09 0.0759 3823.85
2.06E+09 0.0745 3820.62
2.08E+09 0.0747 3817.14
2.09E+09 0.0735 3813.39
2.10E+09 0.0725 3810.1
2.11E+09 0.0727 3807.37
2.13E+09 0.0724 3803.93
2.14E+09 0.0717 3800.52
2.15E+09 0.0709 3797.15
2.17E+09 0.0709 3793.96
2.18E+09 0.0704 3790.78
2.19E+09 0.0704 3787.37
2.21E+09 0.0691 3784.13
2.22E+09 0.0692 3781.11
2.23E+09 0.0679 3777.88
2.25E+09 0.0687 3774.43
2.26E+09 0.0677 3771.14
2.28E+09 0.0661 3767.88
2.29E+09 0.0673 3765.43
2.30E+09 0.0653 3762.42
2.31E+09 0.0640 3759.14
2.33E+09 0.0649 3756.17
2.34E+09 0.0643 3752.87
2.36E+09 0.0636 3749.74
2.37E+09 0.0630 3746.56
2.38E+09 0.0634 3743.7
2.40E+09 0.0622 3740.6
2.41E+09 0.0614 3737.46
2.43E+09 0.0603 3734.38
2.44E+09 0.0599 3731.13
2.46E+09 0.0599 3728.29
2.47E+09 0.0595 3725.09
2.49E+09 0.0588 3721.93
2.50E+09 0.0582 3718.68
2.52E+09 0.0576 3715.48
2.53E+09 0.0568 3712.59
2.55E+09 0.0570 3709.49
2.57E+09 0.0564 3706.34
2.58E+09 0.0559 3703.28
2.60E+09 0.0549 3700.37
2.61E+09 0.0552 3697.41
2.63E+09 0.0544 3694.48
2.64E+09 0.0534 3691.45
2.66E+09 0.0531 3688.46
2.68E+09 0.0532 3685.25
2.70E+09 0.0522 3681.96
2.71E+09 0.0523 3678.71
2.73E+09 0.0513 3675.37
2.75E+09 0.0506 3671.87
2.77E+09 0.0506 3668.48
2.79E+09 0.0496 3665.08
2.81E+09 0.0497 3662.16
2.82E+09 0.0484 3659.3
2.84E+09 0.0492 3655.77
2.87E+09 0.0485 3651.94
2.89E+09 0.0468 3648.55
2.91E+09 0.0469 3644.89
2.93E+09 0.0467 3641.28
2.96E+09 0.0467 3637.48
2.98E+09 0.0459 3633.64
3.00E+09 0.0445 3630.05
3.02E+09 0.0446 3627.24
3.04E+09 0.0441 3624.09
3.06E+09 0.0435 3620.87
3.08E+09 0.0421 3617.68
3.10E+09 0.0416 3614.36
3.12E+09 0.0423 3611.65
3.14E+09 0.0421 3608.53
3.16E+09 0.0421 3605.57
3.19E+09 0.0408 3602.49
3.21E+09 0.0400 3599.17
3.23E+09 0.0406 3596.01
3.26E+09 0.0400 3592.74
3.28E+09 0.0402 3589.48
3.30E+09 0.0391 3586.25
3.32E+09 0.0385 3583.31
3.35E+09 0.0383 3580.25
3.37E+09 0.0380 3576.94
3.40E+09 0.0374 3573.88
3.42E+09 0.0359 3570.58
3.45E+09 0.0361 3567.17
3.47E+09 0.0361 3563.88
3.50E+09 0.0356 3560.44
3.53E+09 0.0345 3557.17
3.56E+09 0.0352 3553.95
3.58E+09 0.0331 3550.57
3.61E+09 0.0340 3547.51
3.64E+09 0.0333 3544.55
3.66E+09 0.0330 3541.54
3.69E+09 0.0320 3538.68
3.72E+09 0.0321 3535.41
3.74E+09 0.0315 3532.39
3.77E+09 0.0309 3529.31
3.80E+09 0.0310 3526.22
3.83E+09 0.0298 3523.37
3.86E+09 0.0300 3520.12
3.88E+09 0.0298 3517.43
3.91E+09 0.0296 3514.57
3.94E+09 0.0296 3511.79
3.97E+09 0.0289 3508.95
4.00E+09 0.0276 3505.95
4.03E+09 0.0278 3503.01
4.06E+09 0.0275 3500.2
4.09E+09 0.0271 3497.29
4.12E+09 0.0268 3494.62
4.15E+09 0.0260 3491.69
4.18E+09 0.0260 3488.73
4.21E+09 0.0250 3485.88
4.25E+09 0.0252 3483.09
4.28E+09 0.0247 3480.56
4.31E+09 0.0243 3477.63
4.35E+09 0.0244 3474.53
4.38E+09 0.0234 3471.53
4.41E+09 0.0232 3468.97
4.45E+09 0.0231 3466.25
4.48E+09 0.0225 3463.56
4.52E+09 0.0220 3461.04
4.55E+09 0.0219 3458.45
4.58E+09 0.0216 3455.76
4.62E+09 0.0212 3453.12
4.65E+09 0.0208 3450.61
4.69E+09 0.0204 3448.06
4.73E+09 0.0201 3445.57
4.76E+09 0.0202 3443.2
4.80E+09 0.0195 3440.64
4.83E+09 0.0196 3438.28
4.86E+09 0.0197 3436.1
4.90E+09 0.0187 3433.39
4.94E+09 0.0184 3430.81
4.98E+09 0.0184 3428.12
