0.00E+00 -0.7759 5842.36
1.14E+08 0.2769 5790.78
1.51E+08 0.2288 5769.58
1.69E+08 0.2587 5758.97
1.88E+08 0.2508 5748.24
1.91E+08 0.2605 5746.1
1.93E+08 0.2739 5745.33
1.94E+08 0.3144 5744.49
1.97E+08 0.3547 5742.25
2.04E+08 0.3581 5736.52
2.11E+08 0.3643 5730.23
2.14E+08 0.3867 5727.7
2.18E+08 0.3954 5724.13
2.22E+08 0.4121 5720.58
2.26E+08 0.4114 5717.13
2.48E+08 0.3680 5697.58
2.65E+08 0.3791 5683.04
2.76E+08 0.3991 5673.48
3.02E+08 0.3999 5649
3.16E+08 0.4202 5635.91
3.38E+08 0.4196 5614.99
3.63E+08 0.4003 5590.86
3.85E+08 0.3851 5571.02
4.06E+08 0.3780 5553.32
4.24E+08 0.3764 5537.01
4.43E+08 0.3776 5521.28
4.60E+08 0.3744 5506.06
4.75E+08 0.3669 5493.46
4.87E+08 0.3940 5482.89
5.06E+08 0.3817 5465.96
5.20E+08 0.3704 5454.26
5.32E+08 0.3638 5443.82
5.43E+08 0.3563 5434.59
5.54E+08 0.3505 5425.88
5.63E+08 0.3514 5418.46
5.73E+08 0.3392 5410.49
5.82E+08 0.3408 5403.38
5.92E+08 0.3383 5395.87
6.01E+08 0.3338 5388.71
6.10E+08 0.3321 5382.06
6.19E+08 0.3260 5374.63
6.28E+08 0.3220 5368.14
6.37E+08 0.3159 5361.41
6.45E+08 0.3159 5355.37
6.54E+08 0.3099 5349.38
6.61E+08 0.3134 5344.43
6.67E+08 0.3083 5339.57
6.74E+08 0.3036 5335.15
6.80E+08 0.3007 5330.5
6.85E+08 0.2983 5327.11
6.92E+08 0.2987 5322.68
6.97E+08 0.2985 5318.81
7.03E+08 0.2958 5315.04
7.08E+08 0.2961 5311.47
7.13E+08 0.2931 5308.06
7.18E+08 0.2924 5304.82
7.24E+08 0.2888 5300.89
7.30E+08 0.2898 5297.11
7.35E+08 0.2875 5293.51
7.40E+08 0.2838 5290.02
7.45E+08 0.2849 5287.01
7.51E+08 0.2805 5283.32
7.56E+08 0.2837 5279.88
7.61E+08 0.2833 5276.75
7.66E+08 0.2845 5273.5
7.71E+08 0.2827 5270.17
7.76E+08 0.2821 5266.91
7.81E+08 0.2822 5263.88
7.86E+08 0.2795 5260.22
7.91E+08 0.2792 5257.44
7.95E+08 0.2805 5254.69
8.00E+08 0.2783 5251.59
8.04E+08 0.2771 5248.62
8.09E+08 0.2775 5245.74
8.13E+08 0.2786 5242.87
8.18E+08 0.2783 5239.73
8.22E+08 0.2805 5237.14
8.27E+08 0.2792 5233.99
8.32E+08 0.2784 5230.89
8.36E+08 0.2796 5228.07
8.41E+08 0.2769 5225.25
8.46E+08 0.2771 5222.1
8.51E+08 0.2759 5218.87
8.55E+08 0.2765 5215.93
8.61E+08 0.2735 5212.36
8.65E+08 0.2774 5209.54
8.70E+08 0.2789 5206.61
8.74E+08 0.2799 5203.85
8.78E+08 0.2792 5201.63
8.82E+08 0.2802 5199.12
8.86E+08 0.2774 5196.29
8.90E+08 0.2780 5193.62
8.95E+08 0.2806 5190.85
8.99E+08 0.2798 5188.12
9.04E+08 0.2806 5184.87
9.09E+08 0.2780 5181.77
9.13E+08 0.2820 5178.78
9.17E+08 0.2797 5176.21
9.21E+08 0.2819 5173.61
9.26E+08 0.2802 5170.51
9.31E+08 0.2797 5167.19
9.36E+08 0.2822 5164.32
9.41E+08 0.2815 5161.02
9.45E+08 0.2804 5158.31
9.49E+08 0.2838 5155.52
9.54E+08 0.2810 5152.65
9.58E+08 0.2834 5149.69
9.63E+08 0.2837 5146.74
9.68E+08 0.2833 5143.63
9.72E+08 0.2825 5140.39
9.78E+08 0.2840 5137.1
9.83E+08 0.2804 5133.3
9.88E+08 0.2812 5130.45
9.94E+08 0.2820 5126.73
9.99E+08 0.2826 5123.3
1.00E+09 0.2809 5120.09
1.01E+09 0.2827 5116.62
1.01E+09 0.2828 5113.38
1.02E+09 0.2814 5109.93
1.03E+09 0.2813 5106.09
1.03E+09 0.2810 5102.8
1.04E+09 0.2845 5099.48
1.04E+09 0.2784 5095.66
1.05E+09 0.2799 5091.49
1.05E+09 0.2801 5087.71
1.06E+09 0.2795 5083.71
1.07E+09 0.2802 5079.43
1.07E+09 0.2764 5075.34
1.08E+09 0.2775 5071.5
1.09E+09 0.2736 5067.33
1.09E+09 0.2779 5063.33
1.10E+09 0.2703 5059.15
1.10E+09 0.2716 5055.26
1.11E+09 0.2745 5050.92
1.12E+09 0.2696 5046.76
1.13E+09 0.2686 5042.14
1.13E+09 0.2684 5037.73
1.14E+09 0.2644 5033.19
1.15E+09 0.2680 5028.41
1.16E+09 0.2662 5023.76
1.16E+09 0.2627 5019.21
1.17E+09 0.2669 5014.46
1.18E+09 0.2628 5009.43
1.19E+09 0.2599 5004.36
1.20E+09 0.2614 4999.75
1.20E+09 0.2572 4995.24
1.21E+09 0.2608 4991.01
1.22E+09 0.2568 4985.63
1.23E+09 0.2556 4980.42
1.24E+09 0.2546 4975.33
1.24E+09 0.2514 4971.38
1.25E+09 0.2539 4966.64
1.26E+09 0.2480 4961.79
1.27E+09 0.2482 4957.01
1.28E+09 0.2467 4952.5
1.28E+09 0.2461 4948.33
1.29E+09 0.2457 4943.28
1.30E+09 0.2483 4938.15
1.31E+09 0.2452 4934.32
1.32E+09 0.2478 4929.41
1.33E+09 0.2418 4924.67
1.33E+09 0.2445 4919.98
1.34E+09 0.2408 4915.68
1.35E+09 0.2393 4911.56
1.36E+09 0.2367 4907.05
1.36E+09 0.2406 4903.34
1.37E+09 0.2396 4899.39
1.38E+09 0.2426 4894.54
1.39E+09 0.2377 4889.87
1.40E+09 0.2346 4885.27
1.41E+09 0.2308 4880.63
1.41E+09 0.2340 4876.71
1.42E+09 0.2375 4872.68
1.43E+09 0.2350 4868.48
1.44E+09 0.2336 4863.68
1.45E+09 0.2331 4858.73
1.45E+09 0.2346 4854.27
1.46E+09 0.2330 4848.9
1.47E+09 0.2308 4843.66
1.48E+09 0.2282 4839.41
1.49E+09 0.2245 4835.19
1.50E+09 0.2292 4830.96
1.51E+09 0.2246 4826.17
1.51E+09 0.2219 4822.38
1.52E+09 0.2256 4817.9
1.53E+09 0.2227 4814.1
1.54E+09 0.2247 4810.15
1.55E+09 0.2258 4805.53
1.56E+09 0.2226 4801.33
1.56E+09 0.2133 4797.15
1.57E+09 0.2175 4794.13
1.58E+09 0.2208 4789.88
1.59E+09 0.2164 4785.59
1.60E+09 0.2174 4780.71
1.61E+09 0.2169 4776.63
1.61E+09 0.2098 4772.58
1.62E+09 0.2170 4768.63
1.63E+09 0.2093 4765.42
1.64E+09 0.2105 4761.56
1.64E+09 0.2082 4758.2
1.65E+09 0.2082 4754.71
1.66E+09 0.2135 4750.96
1.67E+09 0.2109 4746.79
1.67E+09 0.2059 4743.58
1.68E+09 0.1988 4740.38
1.69E+09 0.2120 4736.73
1.70E+09 0.2092 4732.59
1.70E+09 0.2060 4729
1.71E+09 0.2028 4724.89
1.72E+09 0.1953 4721.38
1.73E+09 0.2042 4717.77
1.74E+09 0.2017 4714
1.74E+09 0.1971 4710.48
1.75E+09 0.2052 4707.15
1.76E+09 0.1974 4703.33
1.77E+09 0.1972 4700.2
1.77E+09 0.1910 4696.73
1.78E+09 0.1922 4694.06
1.79E+09 0.1910 4691.26
1.79E+09 0.1878 4687.68
1.80E+09 0.1917 4684.9
1.81E+09 0.1931 4681.65
1.82E+09 0.1908 4678.3
1.82E+09 0.1940 4675.28
1.83E+09 0.1907 4672.24
1.84E+09 0.1870 4668.98
1.84E+09 0.1819 4665.94
1.85E+09 0.1812 4663.24
1.86E+09 0.1813 4660.41
1.86E+09 0.1871 4657.64
1.87E+09 0.1815 4654.78
1.88E+09 0.1763 4652.12
1.88E+09 0.1879 4649.39
1.89E+09 0.1788 4646.2
1.90E+09 0.1711 4643.07
1.91E+09 0.1819 4640.55
1.91E+09 0.1763 4637.96
1.92E+09 0.1845 4635.09
1.93E+09 0.1757 4632.2
1.93E+09 0.1726 4629.28
1.94E+09 0.1779 4626.21
1.95E+09 0.1739 4623.71
1.95E+09 0.1714 4620.81
1.96E+09 0.1773 4618.05
1.97E+09 0.1694 4614.88
1.98E+09 0.1722 4612.01
1.98E+09 0.1728 4609.21
1.99E+09 0.1687 4606.19
2.00E+09 0.1770 4603.26
2.01E+09 0.1695 4600.1
2.01E+09 0.1674 4597.43
2.02E+09 0.1739 4594.89
2.03E+09 0.1677 4592.48
2.03E+09 0.1695 4589.38
2.04E+09 0.1659 4586.67
2.05E+09 0.1636 4583.68
2.05E+09 0.1588 4581.55
2.06E+09 0.1607 4578.76
2.07E+09 0.1668 4576.6
2.07E+09 0.1629 4573.95
2.08E+09 0.1586 4571.76
2.09E+09 0.1569 4569.29
2.09E+09 0.1549 4567.37
2.10E+09 0.1526 4565.39
2.10E+09 0.1565 4563.48
2.11E+09 0.1641 4561.49
2.12E+09 0.1562 4559.2
2.12E+09 0.1521 4556.91
2.13E+09 0.1632 4554.48
2.14E+09 0.1639 4552.06
2.14E+09 0.1597 4549.72
2.15E+09 0.1521 4547.02
2.16E+09 0.1526 4544.8
2.16E+09 0.1485 4542.68
2.17E+09 0.1547 4540.73
2.17E+09 0.1623 4538.8
2.18E+09 0.1541 4536.6
2.19E+09 0.1554 4534.35
2.19E+09 0.1492 4532.3
2.20E+09 0.1417 4530.01
2.20E+09 0.1499 4528.18
2.21E+09 0.1494 4526
2.22E+09 0.1634 4523.69
2.22E+09 0.1564 4521.16
2.23E+09 0.1549 4518.55
2.24E+09 0.1478 4516.01
2.24E+09 0.1461 4513.91
2.25E+09 0.1510 4511.9
2.25E+09 0.1483 4510.06
2.26E+09 0.1422 4507.92
2.27E+09 0.1397 4505.87
2.27E+09 0.1491 4503.73
2.28E+09 0.1567 4501.58
2.29E+09 0.1515 4499.34
2.29E+09 0.1472 4497.23
2.30E+09 0.1456 4494.69
2.31E+09 0.1499 4492.73
2.31E+09 0.1488 4490.41
2.32E+09 0.1504 4488
2.33E+09 0.1502 4485.67
2.33E+09 0.1431 4483.29
2.34E+09 0.1445 4480.59
2.35E+09 0.1450 4478.48
2.36E+09 0.1455 4476.02
2.36E+09 0.1454 4473.59
2.37E+09 0.1417 4470.57
2.38E+09 0.1440 4468.55
2.39E+09 0.1370 4465.93
2.39E+09 0.1472 4463.14
2.40E+09 0.1440 4460.25
2.41E+09 0.1419 4457.45
2.42E+09 0.1365 4454.88
2.43E+09 0.1390 4452.46
2.43E+09 0.1355 4450.51
2.44E+09 0.1432 4448.14
2.45E+09 0.1392 4446.27
2.45E+09 0.1304 4444.08
2.46E+09 0.1297 4441.83
2.47E+09 0.1339 4439.94
2.47E+09 0.1276 4437.88
2.48E+09 0.1360 4436.01
2.49E+09 0.1332 4433.74
2.50E+09 0.1304 4431.48
2.50E+09 0.1381 4429.08
2.51E+09 0.1324 4426.76
2.52E+09 0.1350 4424.58
2.52E+09 0.1322 4422.55
2.53E+09 0.1307 4420.57
2.54E+09 0.1256 4418.67
2.55E+09 0.1263 4416.52
2.55E+09 0.1186 4414.78
2.56E+09 0.1274 4412.84
2.56E+09 0.1289 4410.98
2.57E+09 0.1299 4408.92
2.58E+09 0.1245 4406.77
2.59E+09 0.1241 4404.87
2.59E+09 0.1245 4403.03
2.60E+09 0.1267 4400.99
2.61E+09 0.1227 4399.08
2.61E+09 0.1252 4397.09
2.62E+09 0.1219 4395.12
2.63E+09 0.1214 4393.16
2.63E+09 0.1237 4391.21
2.64E+09 0.1219 4388.96
2.65E+09 0.1293 4387.05
2.65E+09 0.1266 4385.2
2.66E+09 0.1206 4382.9
2.67E+09 0.1216 4380.49
2.68E+09 0.1329 4378.92
2.68E+09 0.1248 4377.15
2.69E+09 0.1166 4375.07
2.70E+09 0.1204 4373.11
2.70E+09 0.1196 4371.05
2.71E+09 0.1153 4369.05
2.72E+09 0.1180 4366.88
2.73E+09 0.1225 4364.89
2.73E+09 0.1230 4363.09
2.74E+09 0.1151 4360.58
2.75E+09 0.1173 4358.74
2.76E+09 0.1166 4356.77
2.77E+09 0.1182 4354.61
2.77E+09 0.1185 4352.96
2.78E+09 0.1201 4350.89
2.79E+09 0.1176 4349.06
2.79E+09 0.1085 4346.9
2.80E+09 0.1145 4344.93
2.81E+09 0.1153 4343.24
2.82E+09 0.1139 4341.31
2.82E+09 0.1180 4339.13
2.83E+09 0.1139 4337.23
2.84E+09 0.1093 4334.99
2.85E+09 0.1195 4333.09
2.85E+09 0.1095 4331.07
2.86E+09 0.1073 4329.04
2.87E+09 0.1078 4327.23
2.88E+09 0.1067 4325.47
2.88E+09 0.1089 4323.69
2.89E+09 0.1090 4321.83
2.90E+09 0.1025 4319.93
2.91E+09 0.1126 4318.02
2.92E+09 0.1090 4315.94
2.92E+09 0.1104 4314.16
2.93E+09 0.1058 4312.07
2.94E+09 0.1097 4310.19
2.95E+09 0.1044 4308.26
2.95E+09 0.1064 4306.25
2.96E+09 0.1078 4304.35
2.97E+09 0.1021 4302.42
2.98E+09 0.1083 4300.54
2.99E+09 0.1019 4298.74
2.99E+09 0.1070 4296.9
3.00E+09 0.1010 4294.99
3.01E+09 0.1046 4292.9
3.02E+09 0.1111 4290.84
3.03E+09 0.1073 4288.77
3.04E+09 0.1005 4286.73
3.04E+09 0.1031 4284.86
3.05E+09 0.1018 4283.02
3.06E+09 0.1007 4281.2
3.07E+09 0.1040 4279.15
3.08E+09 0.1011 4277.26
3.08E+09 0.1026 4275.44
3.09E+09 0.0946 4273.39
3.10E+09 0.0983 4271.55
3.11E+09 0.1031 4269.64
3.12E+09 0.1074 4268.06
3.12E+09 0.1021 4266.06
3.13E+09 0.0965 4263.87
3.14E+09 0.0953 4262
3.15E+09 0.0985 4260.37
3.16E+09 0.0995 4258.55
3.17E+09 0.0950 4256.52
3.17E+09 0.0963 4254.67
3.18E+09 0.1005 4252.8
3.19E+09 0.0991 4250.74
3.20E+09 0.0956 4249.13
3.21E+09 0.0959 4247.13
3.22E+09 0.0960 4245.25
3.23E+09 0.0976 4243.21
3.23E+09 0.0965 4241.37
3.24E+09 0.0912 4239.66
3.25E+09 0.0943 4237.72
3.26E+09 0.0903 4235.89
3.27E+09 0.0936 4234.1
3.28E+09 0.0918 4232.21
3.29E+09 0.0962 4230.43
3.29E+09 0.0948 4228.65
3.30E+09 0.0887 4226.46
3.31E+09 0.0921 4224.63
3.32E+09 0.0932 4222.84
3.33E+09 0.0928 4220.89
3.34E+09 0.0958 4219.17
3.35E+09 0.0919 4217.11
3.36E+09 0.0873 4215.06
3.37E+09 0.0861 4213.23
3.38E+09 0.0868 4211.53
3.39E+09 0.0880 4209.63
3.39E+09 0.0906 4207.98
3.40E+09 0.0857 4205.97
3.41E+09 0.0910 4204.19
3.42E+09 0.0852 4202.34
3.43E+09 0.0908 4200.47
3.44E+09 0.0853 4198.7
3.45E+09 0.0859 4196.77
3.46E+09 0.0834 4194.97
3.47E+09 0.0892 4193.07
3.48E+09 0.0831 4191
3.49E+09 0.0828 4189.23
3.50E+09 0.0846 4187.34
3.51E+09 0.0824 4185.55
3.52E+09 0.0818 4183.53
3.53E+09 0.0799 4181.67
3.54E+09 0.0837 4180.02
3.55E+09 0.0805 4178.11
3.55E+09 0.0881 4176.5
3.56E+09 0.0901 4174.44
3.57E+09 0.0854 4172.54
3.59E+09 0.0808 4170.42
3.60E+09 0.0807 4168.56
3.60E+09 0.0821 4166.82
3.62E+09 0.0783 4164.72
3.62E+09 0.0827 4163.25
3.63E+09 0.0847 4161.61
3.64E+09 0.0815 4159.58
3.65E+09 0.0824 4157.72
3.66E+09 0.0795 4156.02
3.67E+09 0.0809 4153.95
3.68E+09 0.0812 4152.21
3.69E+09 0.0833 4150.18
3.70E+09 0.0786 4148.37
3.71E+09 0.0780 4146.56
3.72E+09 0.0795 4144.81
3.73E+09 0.0769 4143.01
3.74E+09 0.0756 4141.14
3.75E+09 0.0773 4139.55
3.76E+09 0.0756 4137.82
3.77E+09 0.0734 4136.11
3.78E+09 0.0815 4134.62
3.79E+09 0.0791 4133.12
3.80E+09 0.0766 4131.12
3.81E+09 0.0759 4129.26
3.82E+09 0.0798 4127.45
3.83E+09 0.0755 4125.55
3.84E+09 0.0727 4123.64
3.85E+09 0.0762 4121.67
3.86E+09 0.0744 4119.93
3.87E+09 0.0728 4118.27
3.89E+09 0.0730 4116.16
3.90E+09 0.0725 4114.6
3.91E+09 0.0724 4112.82
3.92E+09 0.0730 4111.03
3.93E+09 0.0744 4109.23
3.94E+09 0.0745 4107.46
3.95E+09 0.0707 4105.46
3.96E+09 0.0716 4103.35
3.97E+09 0.0706 4101.49
3.99E+09 0.0729 4099.75
4.00E+09 0.0727 4098.07
4.01E+09 0.0683 4096.24
4.02E+09 0.0708 4094.42
4.03E+09 0.0724 4092.86
4.04E+09 0.0674 4091.06
4.05E+09 0.0664 4089.24
4.06E+09 0.0715 4087.8
4.07E+09 0.0731 4086.07
4.08E+09 0.0684 4084.06
4.09E+09 0.0707 4082.4
4.10E+09 0.0693 4080.64
4.12E+09 0.0657 4078.72
4.13E+09 0.0710 4076.93
4.14E+09 0.0711 4075.24
4.15E+09 0.0668 4073.4
4.16E+09 0.0668 4071.77
4.17E+09 0.0666 4069.94
4.19E+09 0.0634 4068.07
4.20E+09 0.0743 4066.22
4.21E+09 0.0686 4064.61
4.22E+09 0.0634 4062.7
4.23E+09 0.0645 4061.01
4.24E+09 0.0670 4059.48
4.25E+09 0.0635 4057.55
4.27E+09 0.0641 4055.58
4.28E+09 0.0681 4053.91
4.29E+09 0.0633 4051.78
4.31E+09 0.0639 4049.66
4.32E+09 0.0651 4047.8
4.33E+09 0.0632 4046.16
4.34E+09 0.0606 4044.49
4.36E+09 0.0622 4042.69
4.37E+09 0.0670 4041.21
4.38E+09 0.0614 4039.38
4.39E+09 0.0599 4037.58
4.40E+09 0.0627 4035.83
4.42E+09 0.0579 4034.13
4.43E+09 0.0572 4032.25
4.44E+09 0.0603 4030.6
4.45E+09 0.0640 4029.07
4.47E+09 0.0566 4027.14
4.48E+09 0.0573 4025.49
4.49E+09 0.0608 4023.98
4.50E+09 0.0573 4022.22
4.52E+09 0.0615 4020.6
4.53E+09 0.0566 4018.68
4.54E+09 0.0580 4017.06
4.56E+09 0.0537 4015.25
4.57E+09 0.0592 4013.61
4.58E+09 0.0533 4011.81
4.60E+09 0.0531 4010.04
4.61E+09 0.0526 4008.64
4.62E+09 0.0598 4007.1
4.63E+09 0.0565 4005.43
4.65E+09 0.0547 4003.54
4.66E+09 0.0555 4001.97
4.67E+09 0.0584 4000.43
4.69E+09 0.0549 3998.67
4.70E+09 0.0532 3996.76
4.71E+09 0.0537 3995.36
4.73E+09 0.0527 3993.46
4.74E+09 0.0532 3992
4.75E+09 0.0545 3990.54
4.77E+09 0.0555 3988.59
4.78E+09 0.0559 3986.94
4.79E+09 0.0551 3985.16
4.81E+09 0.0547 3983.03
4.83E+09 0.0506 3981.14
4.84E+09 0.0577 3979.28
4.85E+09 0.0554 3977.62
4.87E+09 0.0508 3975.74
4.89E+09 0.0522 3973.89
4.90E+09 0.0493 3972.28
4.92E+09 0.0526 3970.43
4.93E+09 0.0513 3968.77
4.94E+09 0.0494 3967.26
4.96E+09 0.0493 3965.55
4.97E+09 0.0521 3963.99
4.99E+09 0.0498 3962.06
5.00E+09 0.0525 3960.78
