0.00E+00 -0.1737 3280.18
5.16E+07 0.1048 3273.38
8.01E+07 0.1084 3263.16
1.35E+08 0.1031 3243.93
1.97E+08 0.1082 3222.99
2.56E+08 0.0936 3204.1
2.87E+08 0.0897 3194.82
3.17E+08 0.0847 3186.55
3.35E+08 0.0823 3181.75
3.64E+08 0.0788 3174.45
3.88E+08 0.0734 3168.4
4.10E+08 0.0702 3163.39
4.31E+08 0.0673 3158.71
4.52E+08 0.0640 3154.31
4.71E+08 0.0639 3150.39
4.92E+08 0.0597 3146.32
5.11E+08 0.0574 3142.77
5.29E+08 0.0556 3139.43
5.48E+08 0.0545 3136.02
5.68E+08 0.0521 3132.63
5.89E+08 0.0496 3129.21
6.10E+08 0.0468 3125.94
6.31E+08 0.0452 3122.84
6.51E+08 0.0429 3119.97
6.76E+08 0.0410 3116.66
6.97E+08 0.0391 3113.89
7.22E+08 0.0373 3110.91
7.50E+08 0.0341 3107.68
7.77E+08 0.0322 3104.76
8.05E+08 0.0301 3102.02
8.33E+08 0.0285 3099.33
8.64E+08 0.0265 3096.68
8.94E+08 0.0241 3094.26
9.22E+08 0.0229 3092.14
9.56E+08 0.0212 3089.69
9.90E+08 0.0195 3087.45
1.02E+09 0.0185 3085.47
1.06E+09 0.0171 3083.54
1.09E+09 0.0158 3081.69
1.12E+09 0.0152 3080.33
1.15E+09 0.0146 3078.92
1.17E+09 0.0142 3077.74
1.20E+09 0.0143 3076.51
1.23E+09 0.0143 3075.23
1.26E+09 0.0147 3073.94
1.29E+09 0.0139 3072.5
1.32E+09 0.0138 3071.24
1.34E+09 0.0138 3070.2
1.36E+09 0.0139 3069.23
1.39E+09 0.0135 3068.03
1.42E+09 0.0131 3066.71
1.45E+09 0.0132 3065.51
1.48E+09 0.0131 3064.27
1.51E+09 0.0128 3063.08
1.54E+09 0.0129 3061.87
1.57E+09 0.0126 3060.56
1.60E+09 0.0129 3059.21
1.63E+09 0.0129 3057.9
1.66E+09 0.0129 3056.62
1.69E+09 0.0131 3055.38
1.72E+09 0.0128 3054.08
1.76E+09 0.0129 3052.82
1.79E+09 0.0125 3051.5
1.82E+09 0.0127 3050.39
1.84E+09 0.0131 3049.23
1.87E+09 0.0131 3047.9
1.90E+09 0.0130 3046.73
1.93E+09 0.0128 3045.51
1.96E+09 0.0132 3044.29
1.99E+09 0.0130 3042.98
2.02E+09 0.0132 3041.78
2.05E+09 0.0130 3040.48
2.08E+09 0.0130 3039.19
2.11E+09 0.0127 3037.99
2.14E+09 0.0128 3036.71
2.17E+09 0.0132 3035.49
2.20E+09 0.0129 3034.19
2.23E+09 0.0128 3032.92
2.27E+09 0.0128 3031.58
2.30E+09 0.0129 3030.38
2.32E+09 0.0133 3029.24
2.35E+09 0.0131 3027.97
2.38E+09 0.0129 3026.73
2.41E+09 0.0130 3025.48
2.44E+09 0.0130 3024.32
2.47E+09 0.0129 3023.04
2.51E+09 0.0130 3021.7
2.53E+09 0.0131 3020.56
2.56E+09 0.0129 3019.39
2.59E+09 0.0131 3018.08
2.62E+09 0.0132 3016.81
2.65E+09 0.0126 3015.59
2.68E+09 0.0126 3014.28
2.72E+09 0.0127 3012.98
2.75E+09 0.0128 3011.71
2.78E+09 0.0127 3010.39
2.81E+09 0.0128 3009.08
2.84E+09 0.0124 3007.79
2.88E+09 0.0122 3006.51
2.91E+09 0.0123 3005.11
2.95E+09 0.0122 3003.66
2.98E+09 0.0126 3002.21
3.02E+09 0.0127 3000.82
3.05E+09 0.0125 2999.44
3.08E+09 0.0125 2998.14
3.12E+09 0.0125 2996.83
3.14E+09 0.0127 2995.79
3.18E+09 0.0127 2994.48
3.21E+09 0.0128 2993.27
3.23E+09 0.0129 2992.18
3.26E+09 0.0129 2990.94
3.30E+09 0.0127 2989.56
3.33E+09 0.0129 2988.14
3.36E+09 0.0130 2986.75
3.40E+09 0.0131 2985.36
3.43E+09 0.0131 2983.95
3.47E+09 0.0128 2982.5
3.50E+09 0.0130 2981.07
3.53E+09 0.0131 2979.69
3.57E+09 0.0134 2978.26
3.60E+09 0.0131 2976.85
3.63E+09 0.0133 2975.43
3.67E+09 0.0134 2974
3.70E+09 0.0132 2972.53
3.74E+09 0.0133 2971.08
3.77E+09 0.0136 2969.61
3.80E+09 0.0134 2968.2
3.83E+09 0.0135 2966.8
3.87E+09 0.0140 2965.41
3.90E+09 0.0138 2963.88
3.93E+09 0.0138 2962.36
3.97E+09 0.0140 2960.7
4.00E+09 0.0142 2959.25
4.04E+09 0.0141 2957.78
4.07E+09 0.0142 2956.36
4.10E+09 0.0144 2954.87
4.13E+09 0.0142 2953.34
4.17E+09 0.0145 2951.87
4.20E+09 0.0144 2950.42
4.23E+09 0.0146 2948.95
4.26E+09 0.0146 2947.42
4.29E+09 0.0144 2945.87
4.33E+09 0.0146 2944.41
4.36E+09 0.0147 2942.84
4.39E+09 0.0150 2941.46
4.42E+09 0.0147 2939.75
4.46E+09 0.0151 2938.22
4.49E+09 0.0148 2936.66
4.52E+09 0.0149 2935.08
4.55E+09 0.0152 2933.54
4.59E+09 0.0152 2931.9
4.63E+09 0.0150 2930.1
4.66E+09 0.0152 2928.36
4.70E+09 0.0155 2926.71
4.73E+09 0.0153 2924.94
4.77E+09 0.0156 2923.2
4.80E+09 0.0154 2921.56
4.83E+09 0.0159 2919.86
4.87E+09 0.0155 2918.02
4.91E+09 0.0156 2916.26
4.94E+09 0.0154 2914.47
4.98E+09 0.0157 2912.76
