0.00E+00 -0.6696 5331.35
1.55E+08 0.1981 5267.31
2.01E+08 0.1939 5245.61
2.32E+08 0.1729 5230.38
2.59E+08 0.1789 5218.62
2.81E+08 0.1727 5208.28
3.01E+08 0.1672 5199.01
3.06E+08 0.1709 5196.78
3.08E+08 0.1779 5196.21
3.09E+08 0.1999 5195.48
3.14E+08 0.2267 5192.7
3.19E+08 0.2392 5189.66
3.20E+08 0.2519 5188.92
3.21E+08 0.2675 5188.23
3.24E+08 0.2783 5185.99
3.32E+08 0.2715 5180.41
3.46E+08 0.2800 5170.16
3.52E+08 0.3167 5165.65
3.66E+08 0.2914 5153.99
4.00E+08 0.2730 5129.5
4.24E+08 0.2802 5111.7
4.37E+08 0.3029 5102.09
4.63E+08 0.2894 5081.67
4.98E+08 0.2732 5055.72
5.27E+08 0.2604 5034.85
5.54E+08 0.2509 5016.63
5.81E+08 0.2439 4998.99
6.10E+08 0.2389 4980.86
6.39E+08 0.2327 4962.68
6.66E+08 0.2255 4945.96
6.86E+08 0.2201 4934.39
7.00E+08 0.2101 4926.39
7.11E+08 0.2294 4919.94
7.23E+08 0.2333 4912.81
7.37E+08 0.2233 4903.98
7.50E+08 0.2246 4896.54
7.64E+08 0.2257 4887.95
7.78E+08 0.2135 4879.97
7.92E+08 0.2181 4871.73
8.07E+08 0.2183 4863.79
8.21E+08 0.2104 4855.46
8.35E+08 0.2126 4847.84
8.48E+08 0.2034 4840.59
8.61E+08 0.1981 4833.63
8.74E+08 0.1984 4826.92
8.84E+08 0.1903 4821.98
8.93E+08 0.1865 4817.5
9.03E+08 0.1868 4812.57
9.12E+08 0.1873 4807.97
9.20E+08 0.1798 4803.92
9.29E+08 0.1804 4799.76
9.37E+08 0.1729 4795.72
9.46E+08 0.1728 4791.71
9.55E+08 0.1770 4787.72
9.62E+08 0.1762 4784.35
9.71E+08 0.1773 4780.37
9.80E+08 0.1729 4776.05
9.89E+08 0.1696 4772.1
9.98E+08 0.1695 4768
1.01E+09 0.1699 4764.21
1.02E+09 0.1702 4760.05
1.03E+09 0.1656 4755.62
1.03E+09 0.1639 4751.6
1.04E+09 0.1661 4747.56
1.05E+09 0.1623 4743.95
1.06E+09 0.1632 4740.8
1.07E+09 0.1613 4736.93
1.08E+09 0.1590 4733.28
1.08E+09 0.1625 4730.1
1.09E+09 0.1584 4726.73
1.10E+09 0.1589 4723.37
1.11E+09 0.1573 4719.84
1.12E+09 0.1575 4716.56
1.12E+09 0.1596 4713.41
1.13E+09 0.1569 4710.76
1.14E+09 0.1577 4707.78
1.15E+09 0.1594 4704.68
1.15E+09 0.1585 4701.27
1.16E+09 0.1607 4698.04
1.17E+09 0.1570 4694.62
1.18E+09 0.1593 4691.51
1.18E+09 0.1552 4688.09
1.19E+09 0.1607 4684.95
1.20E+09 0.1605 4681.66
1.21E+09 0.1613 4678.42
1.21E+09 0.1584 4675.56
1.22E+09 0.1559 4672.56
1.23E+09 0.1575 4669.78
1.24E+09 0.1565 4666.91
1.24E+09 0.1592 4663.9
1.25E+09 0.1577 4660.77
1.26E+09 0.1575 4657.78
1.26E+09 0.1567 4654.6
1.27E+09 0.1584 4651.42
1.28E+09 0.1582 4648.15
1.29E+09 0.1582 4644.78
1.30E+09 0.1574 4642.05
1.30E+09 0.1540 4639.33
1.31E+09 0.1618 4636.59
1.32E+09 0.1552 4633.2
1.32E+09 0.1609 4629.63
1.33E+09 0.1593 4625.74
1.34E+09 0.1586 4621.63
1.35E+09 0.1560 4617.87
1.36E+09 0.1572 4614.26
1.37E+09 0.1516 4610.76
1.38E+09 0.1556 4607.41
1.39E+09 0.1533 4604.2
1.39E+09 0.1537 4600.78
1.40E+09 0.1505 4597.29
1.41E+09 0.1532 4593.52
1.42E+09 0.1523 4590.1
1.43E+09 0.1484 4586.36
1.44E+09 0.1516 4582.79
1.45E+09 0.1507 4578.86
1.46E+09 0.1504 4574.87
1.47E+09 0.1482 4571.11
1.48E+09 0.1458 4568.17
1.48E+09 0.1443 4564.81
1.50E+09 0.1500 4560.9
1.51E+09 0.1451 4556.48
1.52E+09 0.1494 4552.7
1.53E+09 0.1417 4548.57
1.54E+09 0.1435 4544.79
1.55E+09 0.1380 4541.28
1.56E+09 0.1425 4537.24
1.57E+09 0.1421 4533.46
1.58E+09 0.1337 4529.93
1.59E+09 0.1336 4526.93
1.59E+09 0.1410 4523.99
1.60E+09 0.1378 4520.07
1.61E+09 0.1377 4516.43
1.62E+09 0.1325 4513.26
1.63E+09 0.1346 4510.74
1.64E+09 0.1328 4507.29
1.65E+09 0.1335 4504.12
1.66E+09 0.1342 4499.8
1.67E+09 0.1378 4496.15
1.68E+09 0.1353 4492.14
1.70E+09 0.1347 4487.51
1.71E+09 0.1330 4482.97
1.72E+09 0.1278 4478.9
1.73E+09 0.1303 4475.36
1.74E+09 0.1315 4471.5
1.75E+09 0.1251 4467.96
1.76E+09 0.1233 4464.65
1.77E+09 0.1237 4461.56
1.78E+09 0.1262 4458.51
1.79E+09 0.1262 4455.52
1.80E+09 0.1271 4452.61
1.80E+09 0.1227 4450.31
1.81E+09 0.1188 4447.85
1.82E+09 0.1179 4445.46
1.83E+09 0.1200 4443.22
1.84E+09 0.1142 4440.56
1.85E+09 0.1163 4437.52
1.86E+09 0.1200 4434.69
1.86E+09 0.1265 4431.69
1.87E+09 0.1240 4429.26
1.88E+09 0.1194 4426.4
1.89E+09 0.1207 4423.77
1.90E+09 0.1140 4420.63
1.91E+09 0.1115 4417.74
1.92E+09 0.1192 4414.78
1.93E+09 0.1189 4411.83
1.94E+09 0.1164 4409.16
1.95E+09 0.1127 4406.12
1.95E+09 0.1105 4403.7
1.96E+09 0.1082 4400.92
1.97E+09 0.1135 4398.28
1.98E+09 0.1094 4395.22
1.99E+09 0.1055 4392.15
2.00E+09 0.1135 4389.7
2.01E+09 0.1136 4387.08
2.02E+09 0.1118 4384.47
2.03E+09 0.1081 4381.82
2.04E+09 0.1041 4379.2
2.05E+09 0.1003 4376.82
2.06E+09 0.0984 4374.38
2.07E+09 0.1044 4372
2.07E+09 0.0995 4369.81
2.08E+09 0.0970 4367.62
2.09E+09 0.1025 4365.29
2.10E+09 0.0961 4362.93
2.11E+09 0.0977 4360.51
2.12E+09 0.1017 4358.04
2.13E+09 0.1006 4355.5
2.14E+09 0.1037 4353.1
2.15E+09 0.0985 4350.3
2.16E+09 0.1023 4347.84
2.17E+09 0.1001 4345.3
2.18E+09 0.1024 4342.56
2.19E+09 0.0943 4340.13
2.20E+09 0.0869 4337.82
2.20E+09 0.1001 4335.7
2.21E+09 0.1056 4333.52
2.22E+09 0.1006 4330.84
2.23E+09 0.0942 4327.83
2.24E+09 0.0991 4325.48
2.25E+09 0.0932 4323.05
2.26E+09 0.0909 4320.75
2.27E+09 0.0892 4318.67
2.28E+09 0.0970 4316.37
2.29E+09 0.0942 4314.11
2.30E+09 0.0991 4311.44
2.31E+09 0.0940 4308.8
2.32E+09 0.0879 4306.45
2.33E+09 0.0893 4304.35
2.34E+09 0.0865 4302.07
2.35E+09 0.0882 4299.97
2.36E+09 0.0875 4297.63
2.37E+09 0.0933 4295.33
2.38E+09 0.0889 4293.16
2.39E+09 0.0893 4290.54
2.40E+09 0.0952 4288.32
2.41E+09 0.0894 4286.16
2.42E+09 0.0831 4283.69
2.43E+09 0.0826 4281.53
2.44E+09 0.0785 4279.42
2.45E+09 0.0811 4277.3
2.46E+09 0.0891 4275.14
2.46E+09 0.0833 4272.97
2.48E+09 0.0828 4270.32
2.49E+09 0.0832 4268.01
2.50E+09 0.0822 4265.68
2.51E+09 0.0845 4263.34
2.52E+09 0.0785 4260.74
2.53E+09 0.0827 4258.22
2.54E+09 0.0817 4255.93
2.55E+09 0.0821 4253.46
2.56E+09 0.0800 4251.3
2.58E+09 0.0835 4249
2.59E+09 0.0780 4246.72
2.60E+09 0.0733 4244.24
2.61E+09 0.0804 4242.25
2.62E+09 0.0751 4240.22
2.63E+09 0.0716 4238
2.64E+09 0.0789 4235.53
2.65E+09 0.0803 4233.41
2.66E+09 0.0786 4231.03
2.68E+09 0.0807 4228.51
2.69E+09 0.0802 4225.68
2.70E+09 0.0733 4223.23
2.71E+09 0.0750 4220.89
2.72E+09 0.0745 4218.79
2.73E+09 0.0733 4216.75
2.75E+09 0.0681 4214.62
2.76E+09 0.0759 4212.57
2.77E+09 0.0761 4210.53
2.78E+09 0.0754 4208.12
2.79E+09 0.0702 4205.86
2.80E+09 0.0690 4203.58
2.81E+09 0.0738 4201.42
2.82E+09 0.0685 4199.45
2.84E+09 0.0629 4197.4
2.85E+09 0.0667 4195.25
2.86E+09 0.0699 4193.21
2.87E+09 0.0699 4190.85
2.89E+09 0.0727 4188.34
2.90E+09 0.0719 4186.14
2.91E+09 0.0672 4183.81
2.92E+09 0.0710 4181.41
2.94E+09 0.0675 4179.3
2.95E+09 0.0677 4177.06
2.96E+09 0.0636 4175.14
2.97E+09 0.0666 4172.92
2.98E+09 0.0712 4170.71
3.00E+09 0.0653 4168.65
3.01E+09 0.0644 4166.48
3.02E+09 0.0654 4164.19
3.03E+09 0.0604 4162
3.05E+09 0.0618 4159.7
3.06E+09 0.0646 4157.74
3.07E+09 0.0588 4155.51
3.09E+09 0.0557 4153.39
3.10E+09 0.0551 4151.44
3.11E+09 0.0617 4149.55
3.13E+09 0.0613 4147.58
3.14E+09 0.0636 4145.17
3.15E+09 0.0651 4142.97
3.17E+09 0.0640 4140.92
3.18E+09 0.0593 4138.78
3.19E+09 0.0588 4136.59
3.21E+09 0.0545 4134.51
3.22E+09 0.0549 4132.35
3.23E+09 0.0604 4130.58
3.25E+09 0.0603 4128.67
3.26E+09 0.0541 4126.77
3.27E+09 0.0558 4124.62
3.29E+09 0.0555 4122.46
3.30E+09 0.0559 4120.41
3.32E+09 0.0524 4117.89
3.33E+09 0.0480 4116.22
3.34E+09 0.0535 4114.52
3.36E+09 0.0619 4112.74
3.37E+09 0.0590 4110.69
3.38E+09 0.0549 4108.56
3.40E+09 0.0510 4106.39
3.41E+09 0.0547 4104.19
3.43E+09 0.0522 4102.15
3.45E+09 0.0491 4099.86
3.46E+09 0.0491 4098
3.47E+09 0.0496 4096.05
3.49E+09 0.0546 4093.92
3.51E+09 0.0567 4091.63
3.52E+09 0.0543 4089.47
3.53E+09 0.0495 4087.56
3.55E+09 0.0464 4085.66
3.57E+09 0.0530 4083.56
3.58E+09 0.0528 4081.27
3.60E+09 0.0515 4079.07
3.61E+09 0.0489 4076.86
3.63E+09 0.0501 4074.74
3.65E+09 0.0460 4072.75
3.66E+09 0.0461 4070.86
3.68E+09 0.0498 4069.03
3.69E+09 0.0451 4067
3.71E+09 0.0457 4065.01
3.72E+09 0.0433 4063.2
3.74E+09 0.0470 4061.4
3.76E+09 0.0437 4059.51
3.77E+09 0.0437 4057.74
3.79E+09 0.0449 4055.56
3.81E+09 0.0433 4053.65
3.82E+09 0.0427 4051.74
3.84E+09 0.0436 4049.88
3.85E+09 0.0461 4047.96
3.87E+09 0.0441 4046.14
3.89E+09 0.0417 4044.14
3.90E+09 0.0443 4042.27
3.92E+09 0.0411 4040.17
3.94E+09 0.0431 4038.15
3.96E+09 0.0385 4035.99
3.98E+09 0.0396 4034.19
4.00E+09 0.0368 4032.37
4.01E+09 0.0411 4030.6
4.03E+09 0.0408 4028.69
4.05E+09 0.0419 4026.58
4.07E+09 0.0459 4024.24
4.09E+09 0.0410 4022.12
4.11E+09 0.0392 4020.03
4.13E+09 0.0366 4017.99
4.15E+09 0.0400 4015.95
4.17E+09 0.0398 4014.03
4.19E+09 0.0403 4011.84
4.21E+09 0.0388 4009.67
4.23E+09 0.0375 4007.8
4.25E+09 0.0344 4005.83
4.27E+09 0.0354 4003.95
4.29E+09 0.0372 4002.19
4.31E+09 0.0333 4000.34
4.33E+09 0.0375 3998.36
4.35E+09 0.0357 3996.42
4.37E+09 0.0315 3994.62
4.39E+09 0.0351 3992.68
4.41E+09 0.0386 3990.41
4.44E+09 0.0363 3988.04
4.46E+09 0.0353 3985.83
4.48E+09 0.0346 3983.91
4.50E+09 0.0332 3982.29
4.52E+09 0.0346 3980.42
4.54E+09 0.0349 3978.69
4.56E+09 0.0345 3976.64
4.59E+09 0.0360 3974.51
4.61E+09 0.0346 3972.4
4.63E+09 0.0339 3970.22
4.66E+09 0.0348 3967.81
4.69E+09 0.0334 3965.31
4.71E+09 0.0309 3962.86
4.74E+09 0.0339 3960.58
4.77E+09 0.0325 3958.14
4.80E+09 0.0304 3955.69
4.82E+09 0.0282 3953.84
4.85E+09 0.0267 3952.08
4.87E+09 0.0276 3950.6
4.89E+09 0.0304 3948.88
4.91E+09 0.0324 3947.09
4.94E+09 0.0291 3945
4.96E+09 0.0293 3943.19
4.99E+09 0.0310 3941.25
