0.00E+00 -0.5509 5311.4
1.54E+08 0.1791 5224.23
1.76E+08 0.2445 5202.89
2.26E+08 0.2034 5153.31
3.21E+08 0.2232 5067.9
4.44E+08 0.2139 4947.47
5.41E+08 0.2165 4853.08
6.10E+08 0.2051 4786.7
6.58E+08 0.1948 4743.33
6.96E+08 0.1960 4708.47
7.32E+08 0.1950 4676.42
7.69E+08 0.1890 4643.52
8.13E+08 0.1786 4607.26
8.42E+08 0.1844 4583.4
8.71E+08 0.1775 4559.23
8.97E+08 0.1707 4538.82
9.20E+08 0.1685 4520.85
9.41E+08 0.1646 4504.85
9.71E+08 0.1525 4483.54
9.95E+08 0.1594 4466.13
1.02E+09 0.1532 4450.24
1.04E+09 0.1492 4431.84
1.07E+09 0.1485 4417.3
1.09E+09 0.1430 4403.06
1.11E+09 0.1355 4388.74
1.13E+09 0.1366 4376.17
1.15E+09 0.1280 4362.76
1.18E+09 0.1311 4349
1.20E+09 0.1293 4333.43
1.23E+09 0.1260 4317.73
1.26E+09 0.1223 4300.32
1.29E+09 0.1180 4283.04
1.32E+09 0.1147 4269.67
1.35E+09 0.1104 4254.68
1.37E+09 0.1125 4242.32
1.39E+09 0.1057 4233.36
1.40E+09 0.1006 4226.7
1.42E+09 0.0975 4217.76
1.44E+09 0.1093 4209.19
1.47E+09 0.0983 4197.93
1.49E+09 0.1048 4188.02
1.51E+09 0.0968 4176.32
1.53E+09 0.0926 4167.43
1.55E+09 0.0860 4161.12
1.57E+09 0.0863 4152.74
1.60E+09 0.0986 4141.32
1.62E+09 0.0937 4131.7
1.64E+09 0.0871 4122.45
1.67E+09 0.0820 4113.96
1.69E+09 0.0844 4104.34
1.72E+09 0.0833 4093.81
1.75E+09 0.0857 4081.96
1.77E+09 0.0773 4071.88
1.80E+09 0.0855 4062.32
1.83E+09 0.0770 4050.47
1.85E+09 0.0719 4043.35
1.88E+09 0.0712 4034.52
1.91E+09 0.0788 4024.04
1.95E+09 0.0709 4012.68
1.97E+09 0.0703 4004.11
2.00E+09 0.0633 3996.53
2.03E+09 0.0678 3988.63
2.06E+09 0.0684 3979.4
2.09E+09 0.0649 3969.89
2.11E+09 0.0579 3962.53
2.14E+09 0.0587 3954.4
2.18E+09 0.0548 3945.66
2.21E+09 0.0576 3937.5
2.24E+09 0.0577 3928.99
2.28E+09 0.0593 3919.84
2.31E+09 0.0560 3910.69
2.35E+09 0.0563 3901.48
2.39E+09 0.0528 3891.65
2.43E+09 0.0553 3881.47
2.46E+09 0.0512 3873.35
2.50E+09 0.0439 3865.17
2.53E+09 0.0488 3858.22
2.58E+09 0.0435 3848.63
2.62E+09 0.0466 3841.55
2.65E+09 0.0477 3834.19
2.69E+09 0.0428 3825.19
2.73E+09 0.0363 3817.78
2.77E+09 0.0395 3811
2.81E+09 0.0351 3804.93
2.85E+09 0.0372 3799.19
2.89E+09 0.0359 3792.02
2.93E+09 0.0382 3784.95
2.98E+09 0.0342 3776.29
3.03E+09 0.0292 3770.51
3.07E+09 0.0292 3765.03
3.11E+09 0.0286 3758.98
3.15E+09 0.0346 3752.92
3.21E+09 0.0325 3744.5
3.26E+09 0.0289 3737.69
3.30E+09 0.0254 3731.86
3.36E+09 0.0281 3725.12
3.41E+09 0.0271 3718.3
3.46E+09 0.0265 3712.01
3.51E+09 0.0214 3706.7
3.57E+09 0.0247 3701.57
3.63E+09 0.0268 3694.38
3.69E+09 0.0270 3686.77
3.75E+09 0.0251 3679.21
3.81E+09 0.0234 3673.2
3.86E+09 0.0208 3667.26
3.92E+09 0.0181 3662.1
3.98E+09 0.0182 3657
4.04E+09 0.0181 3652.37
4.09E+09 0.0192 3647.64
4.15E+09 0.0175 3642.8
4.21E+09 0.0164 3638.29
4.27E+09 0.0183 3633.81
4.32E+09 0.0169 3629.34
4.38E+09 0.0168 3624.84
4.44E+09 0.0165 3620.42
4.50E+09 0.0162 3615.61
4.56E+09 0.0151 3611.33
4.62E+09 0.0165 3607.03
4.68E+09 0.0168 3602.49
4.74E+09 0.0161 3598.3
4.80E+09 0.0132 3594.22
4.86E+09 0.0126 3590.55
4.92E+09 0.0139 3587.18
4.98E+09 0.0142 3583.4
