0.00E+00 -0.3908 4346.93
3.44E+07 0.2124 4338.03
4.04E+07 0.2566 4334.43
4.69E+07 0.2840 4329.98
5.62E+07 0.2848 4323.21
6.87E+07 0.2602 4314.77
8.57E+07 0.2513 4303.79
1.05E+08 0.2367 4291.62
1.27E+08 0.2280 4279.24
1.47E+08 0.2235 4267.9
1.62E+08 0.2348 4259.06
1.77E+08 0.2551 4249.9
1.91E+08 0.2630 4240.67
2.05E+08 0.2560 4231.62
2.17E+08 0.2477 4223.77
2.30E+08 0.2473 4215.89
2.41E+08 0.2397 4208.98
2.49E+08 0.2353 4203.98
2.57E+08 0.2326 4199.44
2.65E+08 0.2298 4194.97
2.73E+08 0.2261 4190.08
2.81E+08 0.2230 4185.52
2.89E+08 0.2225 4180.9
2.98E+08 0.2177 4176.01
3.06E+08 0.2154 4171.66
3.14E+08 0.2127 4167.24
3.23E+08 0.2109 4162.8
3.32E+08 0.2056 4158.03
3.40E+08 0.2021 4153.56
3.50E+08 0.2004 4148.73
3.58E+08 0.1962 4144.56
3.66E+08 0.1934 4140.75
3.74E+08 0.1914 4136.65
3.84E+08 0.1874 4131.9
3.92E+08 0.1835 4128.12
4.00E+08 0.1812 4124.71
4.09E+08 0.1780 4120.8
4.17E+08 0.1749 4116.97
4.25E+08 0.1717 4113.34
4.34E+08 0.1696 4109.72
4.42E+08 0.1677 4106.39
4.51E+08 0.1647 4102.4
4.59E+08 0.1617 4099
4.69E+08 0.1594 4095.29
4.76E+08 0.1566 4092.26
4.85E+08 0.1542 4088.96
4.94E+08 0.1502 4085.44
5.00E+08 0.1503 4082.95
5.09E+08 0.1479 4079.76
5.19E+08 0.1456 4075.91
5.28E+08 0.1424 4072.63
5.36E+08 0.1407 4069.87
5.44E+08 0.1396 4067.09
5.52E+08 0.1380 4064.25
5.59E+08 0.1353 4061.64
5.67E+08 0.1338 4059.24
5.75E+08 0.1330 4056.25
5.83E+08 0.1313 4053.72
5.90E+08 0.1312 4051.24
5.97E+08 0.1304 4048.98
6.04E+08 0.1294 4046.64
6.10E+08 0.1278 4044.73
6.16E+08 0.1282 4042.82
6.24E+08 0.1275 4040.22
6.32E+08 0.1265 4037.9
6.40E+08 0.1265 4035.3
6.48E+08 0.1250 4032.8
6.55E+08 0.1253 4030.42
6.61E+08 0.1239 4028.63
6.67E+08 0.1230 4026.79
6.71E+08 0.1227 4025.34
6.76E+08 0.1224 4023.81
6.83E+08 0.1223 4021.91
6.89E+08 0.1212 4019.94
6.94E+08 0.1216 4018.42
7.01E+08 0.1216 4016.31
7.08E+08 0.1207 4014.24
7.15E+08 0.1206 4012.03
7.23E+08 0.1194 4009.63
7.30E+08 0.1186 4007.57
7.37E+08 0.1186 4005.38
7.45E+08 0.1181 4002.99
7.53E+08 0.1181 4000.48
7.61E+08 0.1172 3998.1
7.70E+08 0.1173 3995.58
7.78E+08 0.1157 3993.27
7.85E+08 0.1161 3991.09
7.93E+08 0.1150 3988.74
8.01E+08 0.1146 3986.36
8.10E+08 0.1144 3983.95
8.17E+08 0.1141 3981.98
8.24E+08 0.1137 3979.78
8.31E+08 0.1135 3977.73
8.39E+08 0.1124 3975.39
8.47E+08 0.1124 3973.3
8.53E+08 0.1125 3971.45
8.61E+08 0.1128 3969.27
8.68E+08 0.1114 3967.24
8.76E+08 0.1106 3965.06
8.84E+08 0.1109 3962.87
8.92E+08 0.1096 3960.73
8.99E+08 0.1100 3958.65
9.07E+08 0.1093 3956.53
9.15E+08 0.1092 3954.28
9.24E+08 0.1081 3951.8
9.32E+08 0.1078 3949.61
9.41E+08 0.1077 3947.24
9.49E+08 0.1075 3945.09
9.57E+08 0.1066 3942.93
9.65E+08 0.1065 3940.77
9.72E+08 0.1061 3938.7
9.80E+08 0.1055 3936.78
9.87E+08 0.1048 3934.84
9.94E+08 0.1050 3932.95
1.00E+09 0.1048 3930.9
1.01E+09 0.1041 3928.57
1.02E+09 0.1033 3926.58
1.03E+09 0.1035 3924.58
1.04E+09 0.1037 3922.19
1.04E+09 0.1018 3920.14
1.05E+09 0.1019 3918.26
1.06E+09 0.1023 3915.94
1.07E+09 0.1019 3913.9
1.07E+09 0.1016 3912.08
1.08E+09 0.1011 3910.02
1.09E+09 0.1010 3908.03
1.10E+09 0.1005 3905.52
1.11E+09 0.1007 3903.54
1.12E+09 0.0994 3901.43
1.12E+09 0.0995 3899.35
1.13E+09 0.0998 3897.08
1.14E+09 0.0993 3894.87
1.15E+09 0.0986 3892.57
1.16E+09 0.0982 3889.99
1.17E+09 0.0987 3887.88
1.18E+09 0.0981 3885.71
1.19E+09 0.0964 3883.51
1.20E+09 0.0973 3881.49
1.20E+09 0.0968 3879.38
1.21E+09 0.0965 3877.14
1.22E+09 0.0960 3874.99
1.23E+09 0.0952 3872.57
1.24E+09 0.0942 3870.43
1.25E+09 0.0947 3868.4
1.26E+09 0.0934 3866.61
1.27E+09 0.0937 3864.3
1.28E+09 0.0938 3862.05
1.29E+09 0.0930 3859.98
1.30E+09 0.0923 3857.83
1.30E+09 0.0922 3855.74
1.31E+09 0.0919 3853.44
1.32E+09 0.0915 3851.14
1.33E+09 0.0915 3848.91
1.34E+09 0.0904 3846.93
1.35E+09 0.0910 3845.14
1.36E+09 0.0907 3843.25
1.37E+09 0.0904 3841.16
1.38E+09 0.0902 3839.04
1.39E+09 0.0891 3836.68
1.40E+09 0.0888 3834.59
1.41E+09 0.0885 3832.51
1.41E+09 0.0879 3830.95
1.42E+09 0.0875 3829.1
1.43E+09 0.0875 3827.05
1.44E+09 0.0880 3825.17
1.45E+09 0.0869 3823.3
1.46E+09 0.0866 3821.31
1.47E+09 0.0872 3819.42
1.48E+09 0.0867 3816.96
1.49E+09 0.0859 3814.68
1.50E+09 0.0855 3812.72
1.50E+09 0.0848 3810.93
1.51E+09 0.0854 3809.16
1.52E+09 0.0841 3807.08
1.53E+09 0.0847 3804.69
1.54E+09 0.0835 3802.26
1.55E+09 0.0833 3800.25
1.57E+09 0.0831 3797.98
1.57E+09 0.0829 3795.95
1.58E+09 0.0829 3793.85
1.59E+09 0.0829 3792.02
1.60E+09 0.0812 3790.03
1.61E+09 0.0819 3788.21
1.62E+09 0.0807 3786.48
1.63E+09 0.0808 3784.59
1.64E+09 0.0802 3782.46
1.65E+09 0.0806 3780.44
1.66E+09 0.0802 3778.1
1.67E+09 0.0793 3776.08
1.68E+09 0.0790 3774.28
1.69E+09 0.0787 3772.27
1.70E+09 0.0781 3770.54
1.71E+09 0.0785 3768.7
1.72E+09 0.0778 3766.84
1.73E+09 0.0779 3765.21
1.74E+09 0.0778 3763.55
1.74E+09 0.0776 3761.64
1.75E+09 0.0775 3759.7
1.77E+09 0.0771 3757.33
1.78E+09 0.0763 3755.57
1.79E+09 0.0764 3753.51
1.80E+09 0.0760 3751.53
1.81E+09 0.0757 3749.3
1.82E+09 0.0744 3746.97
1.83E+09 0.0745 3744.96
1.84E+09 0.0755 3742.68
1.86E+09 0.0745 3740.54
1.87E+09 0.0748 3738.67
1.88E+09 0.0736 3736.34
1.89E+09 0.0739 3734.02
1.90E+09 0.0733 3732.03
1.91E+09 0.0724 3729.96
1.92E+09 0.0725 3727.93
1.93E+09 0.0721 3725.84
1.95E+09 0.0720 3723.72
1.96E+09 0.0721 3721.49
1.97E+09 0.0713 3719.29
1.98E+09 0.0710 3717.49
1.99E+09 0.0712 3715.32
2.01E+09 0.0709 3712.92
2.02E+09 0.0698 3710.55
2.03E+09 0.0690 3708.38
2.04E+09 0.0695 3706.58
2.06E+09 0.0684 3704.29
2.07E+09 0.0684 3702.37
2.08E+09 0.0687 3700.33
2.09E+09 0.0682 3698.43
2.10E+09 0.0676 3696.28
2.11E+09 0.0671 3694.3
2.13E+09 0.0674 3692.26
2.14E+09 0.0670 3690.2
2.15E+09 0.0660 3687.91
2.16E+09 0.0660 3686.14
2.17E+09 0.0661 3684.16
2.19E+09 0.0655 3681.84
2.20E+09 0.0656 3679.95
2.21E+09 0.0649 3677.73
2.23E+09 0.0651 3675.69
2.24E+09 0.0646 3673.73
2.25E+09 0.0644 3671.88
2.26E+09 0.0638 3670.03
2.27E+09 0.0631 3668.06
2.28E+09 0.0636 3666.26
2.30E+09 0.0631 3664.36
2.31E+09 0.0631 3662.27
2.32E+09 0.0628 3660.4
2.33E+09 0.0624 3658.48
2.34E+09 0.0613 3656.79
2.35E+09 0.0615 3655.37
2.36E+09 0.0612 3653.79
2.37E+09 0.0611 3651.86
2.39E+09 0.0614 3649.84
2.40E+09 0.0609 3647.93
2.41E+09 0.0606 3645.7
2.43E+09 0.0607 3643.72
2.44E+09 0.0604 3641.88
2.45E+09 0.0594 3639.92
2.47E+09 0.0599 3637.83
2.48E+09 0.0592 3635.85
2.49E+09 0.0590 3634.06
2.50E+09 0.0583 3632.17
2.52E+09 0.0588 3630.18
2.53E+09 0.0580 3628.4
2.54E+09 0.0573 3626.48
2.56E+09 0.0579 3624.77
2.57E+09 0.0578 3623.06
2.58E+09 0.0575 3621.05
2.59E+09 0.0569 3619.01
2.61E+09 0.0567 3616.99
2.62E+09 0.0562 3615.17
2.64E+09 0.0564 3613.25
2.65E+09 0.0555 3611.15
2.66E+09 0.0548 3609.09
2.68E+09 0.0556 3607.13
2.69E+09 0.0546 3604.94
2.71E+09 0.0552 3602.92
2.72E+09 0.0544 3601.11
2.74E+09 0.0540 3599.08
2.75E+09 0.0537 3597.21
2.77E+09 0.0539 3595.17
2.78E+09 0.0533 3593.16
2.79E+09 0.0532 3591.32
2.81E+09 0.0530 3589.55
2.82E+09 0.0523 3587.77
2.84E+09 0.0517 3585.79
2.85E+09 0.0520 3584.14
2.86E+09 0.0521 3582.32
2.88E+09 0.0515 3580.53
2.89E+09 0.0513 3578.59
2.91E+09 0.0515 3576.48
2.92E+09 0.0505 3574.57
2.94E+09 0.0502 3572.73
2.95E+09 0.0500 3570.75
2.97E+09 0.0497 3568.75
2.98E+09 0.0497 3566.95
3.00E+09 0.0497 3565.01
3.01E+09 0.0488 3563.24
3.03E+09 0.0491 3561.47
3.04E+09 0.0481 3559.47
3.06E+09 0.0484 3557.66
3.07E+09 0.0479 3555.72
3.09E+09 0.0480 3554.08
3.10E+09 0.0479 3552.39
3.12E+09 0.0468 3550.7
3.13E+09 0.0468 3549.29
3.14E+09 0.0471 3547.58
3.16E+09 0.0466 3545.5
3.18E+09 0.0462 3543.54
3.19E+09 0.0466 3541.79
3.21E+09 0.0460 3540.12
3.22E+09 0.0458 3538.6
3.23E+09 0.0448 3537.14
3.25E+09 0.0455 3535.57
3.26E+09 0.0459 3533.67
3.28E+09 0.0450 3531.72
3.30E+09 0.0450 3529.85
3.31E+09 0.0447 3528.12
3.33E+09 0.0446 3526.58
3.34E+09 0.0443 3524.91
3.36E+09 0.0443 3523.07
3.37E+09 0.0436 3521.08
3.39E+09 0.0440 3519.29
3.41E+09 0.0434 3517.48
3.43E+09 0.0431 3515.52
3.44E+09 0.0432 3513.52
3.46E+09 0.0425 3511.72
3.48E+09 0.0424 3509.83
3.50E+09 0.0421 3507.86
3.51E+09 0.0422 3506.15
3.53E+09 0.0418 3504.37
3.55E+09 0.0419 3502.44
3.57E+09 0.0412 3500.57
3.58E+09 0.0410 3498.75
3.60E+09 0.0407 3497
3.62E+09 0.0406 3495.31
3.63E+09 0.0404 3493.51
3.66E+09 0.0403 3491.43
3.67E+09 0.0398 3489.64
3.69E+09 0.0402 3487.89
3.71E+09 0.0395 3485.86
3.73E+09 0.0386 3483.78
3.75E+09 0.0388 3481.88
3.77E+09 0.0384 3479.97
3.79E+09 0.0384 3478.26
3.81E+09 0.0381 3476.24
3.83E+09 0.0380 3474.44
3.85E+09 0.0384 3472.64
3.87E+09 0.0377 3470.65
3.89E+09 0.0373 3468.58
3.91E+09 0.0370 3466.64
3.93E+09 0.0362 3464.82
3.95E+09 0.0365 3463.01
3.97E+09 0.0367 3461.14
3.99E+09 0.0362 3459.35
4.01E+09 0.0361 3457.56
4.03E+09 0.0356 3455.72
4.05E+09 0.0356 3453.93
4.07E+09 0.0346 3452.01
4.09E+09 0.0358 3450.32
4.11E+09 0.0351 3448.8
4.13E+09 0.0348 3446.99
4.15E+09 0.0341 3445.3
4.17E+09 0.0343 3443.69
4.19E+09 0.0340 3441.81
4.21E+09 0.0336 3440
4.23E+09 0.0338 3438.29
4.25E+09 0.0339 3436.66
4.27E+09 0.0329 3434.85
4.29E+09 0.0328 3433.17
4.31E+09 0.0330 3431.53
4.33E+09 0.0327 3429.82
4.35E+09 0.0324 3428.03
4.37E+09 0.0325 3426.26
4.40E+09 0.0320 3424.47
4.42E+09 0.0321 3422.77
4.44E+09 0.0314 3421.11
4.46E+09 0.0314 3419.52
4.47E+09 0.0307 3418.24
4.49E+09 0.0310 3416.8
4.51E+09 0.0307 3415.35
4.53E+09 0.0306 3413.88
4.55E+09 0.0299 3412.39
4.57E+09 0.0304 3410.89
4.59E+09 0.0303 3409.08
4.62E+09 0.0300 3407.25
4.64E+09 0.0300 3405.54
4.66E+09 0.0294 3403.87
4.68E+09 0.0292 3402.35
4.70E+09 0.0289 3400.77
4.72E+09 0.0287 3399.37
4.74E+09 0.0282 3397.93
4.76E+09 0.0283 3396.43
4.78E+09 0.0286 3394.93
4.81E+09 0.0288 3393.24
4.83E+09 0.0280 3391.52
4.85E+09 0.0283 3389.92
4.88E+09 0.0279 3388.3
4.90E+09 0.0280 3386.72
4.92E+09 0.0275 3385.24
4.94E+09 0.0274 3383.71
4.97E+09 0.0271 3382.13
4.99E+09 0.0271 3380.72
