0.00E+00 -0.3378 4193
5.81E+07 0.2157 4162.84
8.27E+07 0.2202 4138.36
1.26E+08 0.2046 4097.54
1.81E+08 0.2049 4049.61
2.51E+08 0.1955 3987.52
3.10E+08 0.1952 3935.09
3.72E+08 0.1794 3884.27
4.16E+08 0.1647 3849.89
4.46E+08 0.1554 3828.94
4.65E+08 0.1455 3815.92
4.91E+08 0.1438 3799.11
5.13E+08 0.1406 3784.65
5.37E+08 0.1355 3770.32
5.55E+08 0.1307 3759.46
5.75E+08 0.1265 3747.6
5.98E+08 0.1242 3735.21
6.20E+08 0.1181 3723.15
6.41E+08 0.1127 3711.92
6.60E+08 0.1139 3702.6
6.84E+08 0.1081 3690.77
7.03E+08 0.1048 3681.54
7.26E+08 0.1009 3671.21
7.47E+08 0.0954 3661.95
7.67E+08 0.0937 3653.42
7.88E+08 0.0914 3644.88
8.11E+08 0.0866 3635.84
8.29E+08 0.0838 3628.57
8.49E+08 0.0801 3621.33
8.70E+08 0.0770 3613.93
8.94E+08 0.0731 3605.84
9.16E+08 0.0704 3599.05
9.43E+08 0.0661 3590.55
9.62E+08 0.0642 3585.2
9.81E+08 0.0609 3579.86
1.01E+09 0.0582 3572.26
1.04E+09 0.0555 3565.17
1.07E+09 0.0504 3557.72
1.10E+09 0.0469 3551.13
1.13E+09 0.0444 3544.94
1.16E+09 0.0417 3538.39
1.20E+09 0.0383 3531.99
1.24E+09 0.0347 3525.57
1.28E+09 0.0320 3519.84
1.31E+09 0.0298 3515
1.35E+09 0.0293 3510.31
1.38E+09 0.0267 3506.88
1.40E+09 0.0272 3503.55
1.43E+09 0.0270 3500.45
1.46E+09 0.0264 3496.79
1.49E+09 0.0256 3493.35
1.52E+09 0.0253 3489.68
1.55E+09 0.0246 3486.35
1.59E+09 0.0235 3482.76
1.62E+09 0.0229 3479.03
1.65E+09 0.0230 3475.57
1.69E+09 0.0228 3471.71
1.73E+09 0.0220 3467.95
1.77E+09 0.0204 3464.42
1.80E+09 0.0203 3461.56
1.83E+09 0.0205 3458.42
1.87E+09 0.0195 3455.01
1.90E+09 0.0199 3452.14
1.94E+09 0.0193 3448.85
1.98E+09 0.0186 3445.85
2.02E+09 0.0177 3442.47
2.06E+09 0.0178 3439.35
2.10E+09 0.0175 3436.16
2.14E+09 0.0174 3433.37
2.18E+09 0.0172 3430.31
2.22E+09 0.0164 3427.33
2.26E+09 0.0163 3424.48
2.29E+09 0.0155 3421.97
2.33E+09 0.0157 3419.53
2.36E+09 0.0160 3416.94
2.41E+09 0.0157 3413.86
2.44E+09 0.0143 3411.56
2.47E+09 0.0152 3409.52
2.51E+09 0.0141 3407.11
2.54E+09 0.0142 3404.76
2.59E+09 0.0142 3402
2.63E+09 0.0141 3399.61
2.67E+09 0.0139 3397
2.71E+09 0.0136 3394.24
2.76E+09 0.0131 3391.54
2.79E+09 0.0126 3389.52
2.84E+09 0.0117 3387.26
2.88E+09 0.0119 3384.86
2.92E+09 0.0116 3382.63
2.97E+09 0.0118 3380.41
3.01E+09 0.0118 3377.97
3.06E+09 0.0118 3375.42
3.10E+09 0.0107 3373.23
3.14E+09 0.0106 3371.22
3.19E+09 0.0107 3369
3.24E+09 0.0115 3366.68
3.28E+09 0.0111 3364.39
3.33E+09 0.0108 3362.34
3.37E+09 0.0105 3360.16
3.42E+09 0.0107 3357.75
3.48E+09 0.0102 3355.18
3.54E+09 0.0100 3352.65
3.59E+09 0.0100 3350.12
3.65E+09 0.0092 3347.56
3.71E+09 0.0091 3345.1
3.77E+09 0.0092 3342.63
3.84E+09 0.0091 3340.05
3.90E+09 0.0090 3337.6
3.95E+09 0.0089 3335.3
4.02E+09 0.0089 3332.82
4.08E+09 0.0085 3330.29
4.14E+09 0.0082 3328.14
4.19E+09 0.0079 3326.14
4.26E+09 0.0081 3323.88
4.32E+09 0.0081 3321.6
4.38E+09 0.0079 3319.32
4.45E+09 0.0078 3317.06
4.52E+09 0.0078 3314.78
4.58E+09 0.0072 3312.55
4.65E+09 0.0077 3310.27
4.72E+09 0.0073 3307.93
4.79E+09 0.0071 3305.72
4.86E+09 0.0068 3303.51
4.93E+09 0.0069 3301.21
