0.00E+00 -0.6209 5259.7
2.36E+08 0.1522 5110.11
3.16E+08 0.1339 5057.9
3.73E+08 0.1296 5023.62
4.26E+08 0.1250 4992.96
4.77E+08 0.1151 4964.46
5.22E+08 0.1105 4940.38
5.64E+08 0.1077 4918.78
6.01E+08 0.1036 4900.77
6.34E+08 0.1043 4884.52
6.44E+08 0.1108 4879.49
6.48E+08 0.1400 4877.44
6.55E+08 0.1616 4872.25
6.77E+08 0.1759 4854.55
7.26E+08 0.1711 4815.45
7.57E+08 0.1699 4789.5
8.43E+08 0.1313 4731.1
9.45E+08 0.1142 4673.29
1.05E+09 0.1307 4613.73
1.13E+09 0.1243 4563.44
1.24E+09 0.1117 4506.63
1.37E+09 0.1143 4433.28
1.50E+09 0.0987 4365.44
1.56E+09 0.0795 4340.22
1.58E+09 0.0762 4334.22
1.61E+09 0.0775 4321.42
1.64E+09 0.0727 4311.29
1.67E+09 0.0727 4301.59
1.70E+09 0.0707 4291.52
1.73E+09 0.0708 4281.66
1.76E+09 0.0627 4273.39
1.78E+09 0.0644 4266.24
1.81E+09 0.0619 4258.91
1.84E+09 0.0651 4249.88
1.86E+09 0.0631 4241.59
1.89E+09 0.0646 4234.94
1.92E+09 0.0548 4226.61
1.94E+09 0.0587 4220.17
1.97E+09 0.0520 4213.78
1.99E+09 0.0468 4207.65
2.02E+09 0.0529 4200.81
2.04E+09 0.0516 4195.46
2.07E+09 0.0488 4189.1
2.10E+09 0.0497 4182.89
2.12E+09 0.0513 4177.12
2.16E+09 0.0451 4169.71
2.18E+09 0.0387 4163.94
2.22E+09 0.0446 4158.27
2.24E+09 0.0466 4153.19
2.27E+09 0.0400 4146.71
2.30E+09 0.0361 4142.11
2.32E+09 0.0380 4137.67
2.35E+09 0.0424 4133.2
2.38E+09 0.0397 4127.27
2.41E+09 0.0373 4120.66
2.44E+09 0.0351 4116.25
2.48E+09 0.0360 4110.8
2.50E+09 0.0375 4106.46
2.53E+09 0.0337 4101.26
2.57E+09 0.0382 4095.33
2.60E+09 0.0314 4089.26
2.64E+09 0.0328 4083.94
2.66E+09 0.0305 4080.14
2.71E+09 0.0263 4074.67
2.74E+09 0.0324 4070.89
2.78E+09 0.0289 4064.58
2.82E+09 0.0281 4059.53
2.85E+09 0.0285 4055.64
2.89E+09 0.0220 4050.74
2.93E+09 0.0296 4045.89
2.97E+09 0.0236 4040.65
3.01E+09 0.0265 4036.18
3.05E+09 0.0218 4031.98
3.10E+09 0.0245 4027.19
3.14E+09 0.0222 4022.28
3.19E+09 0.0232 4017.27
3.23E+09 0.0225 4012.43
3.28E+09 0.0186 4007.47
3.32E+09 0.0195 4004.46
3.37E+09 0.0200 3999.65
3.42E+09 0.0178 3994.88
3.47E+09 0.0210 3990.4
3.53E+09 0.0169 3985.51
3.59E+09 0.0173 3980.83
3.64E+09 0.0168 3976.73
3.70E+09 0.0161 3972.09
3.76E+09 0.0163 3967.5
3.82E+09 0.0142 3963
3.88E+09 0.0143 3959.57
3.93E+09 0.0121 3956.29
3.98E+09 0.0138 3952.85
4.04E+09 0.0134 3949.11
4.11E+09 0.0128 3945.07
4.17E+09 0.0110 3941.48
4.22E+09 0.0133 3938.61
4.29E+09 0.0108 3934.52
4.36E+09 0.0114 3931.11
4.41E+09 0.0104 3928.3
4.48E+09 0.0109 3925.08
4.54E+09 0.0097 3922.05
4.62E+09 0.0111 3918.71
4.69E+09 0.0091 3915.23
4.76E+09 0.0092 3912.04
4.83E+09 0.0101 3909.11
4.90E+09 0.0089 3905.96
4.97E+09 0.0097 3902.8
