0.00E+00 -0.7467 5587.78
1.49E+08 0.2078 5503.23
1.95E+08 0.2067 5473.16
2.29E+08 0.2128 5452.24
2.61E+08 0.1899 5432.48
2.82E+08 0.1991 5420.18
3.08E+08 0.1858 5404.8
3.26E+08 0.1917 5394.46
3.45E+08 0.1859 5383.76
3.64E+08 0.1790 5372.97
3.82E+08 0.1759 5363.74
3.97E+08 0.1794 5355.25
4.09E+08 0.1840 5348.58
4.13E+08 0.1945 5346.75
4.14E+08 0.2021 5345.92
4.16E+08 0.2177 5344.95
4.18E+08 0.2359 5343.15
4.23E+08 0.2468 5339.23
4.32E+08 0.2534 5333.07
4.43E+08 0.2620 5324.31
4.55E+08 0.2802 5314.09
4.61E+08 0.3110 5308.93
4.63E+08 0.3348 5307.08
4.75E+08 0.2995 5296.02
5.02E+08 0.2653 5273.75
5.33E+08 0.2787 5247.64
5.53E+08 0.2930 5230.85
5.68E+08 0.3276 5217.07
5.94E+08 0.2958 5192.16
6.30E+08 0.2737 5161.37
6.64E+08 0.2549 5133.5
7.00E+08 0.2349 5106.77
7.39E+08 0.2180 5080.39
7.76E+08 0.2114 5056.58
8.11E+08 0.2038 5034.67
8.39E+08 0.1935 5017.68
8.72E+08 0.2176 4997.64
9.00E+08 0.2522 4977.95
9.33E+08 0.2350 4953.19
9.41E+08 0.2353 4947.49
9.54E+08 0.2077 4938.97
9.66E+08 0.2115 4931.23
9.78E+08 0.2182 4923.25
9.91E+08 0.2067 4915.03
1.00E+09 0.2009 4907.88
1.02E+09 0.2152 4899.86
1.03E+09 0.2049 4890.79
1.04E+09 0.2013 4883.7
1.05E+09 0.1967 4876.41
1.06E+09 0.2016 4869.75
1.07E+09 0.1898 4863.8
1.08E+09 0.1963 4857.93
1.10E+09 0.1928 4851
1.11E+09 0.1939 4843.96
1.12E+09 0.1926 4835.25
1.13E+09 0.1865 4829.23
1.15E+09 0.1908 4821.95
1.16E+09 0.1796 4815.88
1.17E+09 0.1911 4809.43
1.18E+09 0.1825 4803.71
1.19E+09 0.1785 4798.22
1.20E+09 0.1777 4793.67
1.20E+09 0.1760 4789.47
1.21E+09 0.1726 4785.31
1.22E+09 0.1774 4781.04
1.23E+09 0.1719 4775.15
1.24E+09 0.1795 4771.67
1.25E+09 0.1721 4765.25
1.26E+09 0.1737 4759.83
1.27E+09 0.1716 4754.04
1.28E+09 0.1725 4749.35
1.29E+09 0.1624 4744.23
1.30E+09 0.1647 4739.77
1.31E+09 0.1722 4734.74
1.32E+09 0.1655 4729.91
1.33E+09 0.1613 4725.25
1.34E+09 0.1611 4721.6
1.34E+09 0.1677 4717.12
1.36E+09 0.1663 4711.59
1.37E+09 0.1648 4705.13
1.38E+09 0.1571 4700.51
1.39E+09 0.1580 4695.86
1.40E+09 0.1567 4691.83
1.41E+09 0.1495 4687.38
1.42E+09 0.1573 4682.47
1.43E+09 0.1522 4677.7
1.43E+09 0.1491 4674.09
1.44E+09 0.1516 4670.41
1.45E+09 0.1551 4665.65
1.46E+09 0.1437 4661.45
1.47E+09 0.1511 4657.3
1.48E+09 0.1448 4652.67
1.49E+09 0.1462 4648.21
1.50E+09 0.1434 4643.9
1.51E+09 0.1406 4639.99
1.52E+09 0.1493 4636.43
1.53E+09 0.1500 4631.77
1.54E+09 0.1463 4626.15
1.55E+09 0.1441 4620.77
1.56E+09 0.1425 4616.34
1.57E+09 0.1370 4611.8
1.59E+09 0.1400 4607.24
1.60E+09 0.1364 4602.3
1.61E+09 0.1344 4598.15
1.62E+09 0.1323 4593.68
1.63E+09 0.1348 4588.98
1.64E+09 0.1332 4585.23
1.65E+09 0.1328 4580.19
1.66E+09 0.1264 4576.64
1.67E+09 0.1294 4572.27
1.68E+09 0.1300 4567.97
1.69E+09 0.1331 4563.69
1.70E+09 0.1258 4559.63
1.72E+09 0.1285 4555.08
1.73E+09 0.1216 4551.29
1.74E+09 0.1264 4547.39
1.75E+09 0.1254 4543.11
1.76E+09 0.1264 4539.01
1.77E+09 0.1201 4534.71
1.78E+09 0.1242 4530.76
1.79E+09 0.1244 4526.04
1.81E+09 0.1147 4521.63
1.82E+09 0.1147 4517.42
1.83E+09 0.1178 4513.55
1.84E+09 0.1134 4509.15
1.85E+09 0.1108 4505.7
1.87E+09 0.1211 4500.36
1.88E+09 0.1150 4496.15
1.89E+09 0.1122 4492.02
1.90E+09 0.1140 4487.59
1.92E+09 0.1077 4482.92
1.93E+09 0.1150 4477.98
1.94E+09 0.1143 4473.93
1.96E+09 0.1062 4469.85
1.97E+09 0.1051 4465.42
1.98E+09 0.1100 4461.96
1.99E+09 0.0996 4458.18
2.00E+09 0.1083 4454.74
2.02E+09 0.1061 4450.81
2.03E+09 0.1003 4446.61
2.04E+09 0.0964 4442.91
2.06E+09 0.1019 4439.12
2.07E+09 0.1014 4434.77
2.08E+09 0.1010 4431.12
2.09E+09 0.0976 4427
2.11E+09 0.0968 4423.09
2.12E+09 0.1017 4418.48
2.14E+09 0.0915 4414.64
2.15E+09 0.0956 4410.78
2.16E+09 0.0933 4406.84
2.18E+09 0.0942 4402.53
2.19E+09 0.0974 4398.01
2.21E+09 0.0930 4393.28
2.22E+09 0.0918 4389.71
2.24E+09 0.0896 4385.85
2.25E+09 0.0903 4381.53
2.27E+09 0.0908 4377.26
2.28E+09 0.0831 4373.63
2.30E+09 0.0911 4369.98
2.31E+09 0.0849 4366.83
2.32E+09 0.0848 4363.39
2.34E+09 0.0874 4359.34
2.35E+09 0.0869 4355.6
2.37E+09 0.0823 4351.98
2.38E+09 0.0825 4347.95
2.40E+09 0.0784 4343.97
2.41E+09 0.0843 4340.1
2.43E+09 0.0833 4336.92
2.44E+09 0.0808 4333.29
2.46E+09 0.0814 4329.42
2.47E+09 0.0796 4325.24
2.49E+09 0.0798 4321.68
2.50E+09 0.0780 4318.4
2.52E+09 0.0793 4314.55
2.54E+09 0.0727 4310.95
2.55E+09 0.0727 4307.33
2.57E+09 0.0703 4303.25
2.59E+09 0.0689 4299.79
2.60E+09 0.0725 4296.81
2.62E+09 0.0709 4293.31
2.63E+09 0.0709 4289.78
2.65E+09 0.0714 4286.46
2.67E+09 0.0693 4283.08
2.69E+09 0.0672 4278.88
2.70E+09 0.0658 4275.59
2.72E+09 0.0699 4271.39
2.74E+09 0.0616 4267.14
2.76E+09 0.0704 4263.41
2.79E+09 0.0681 4258.42
2.81E+09 0.0645 4253.86
2.83E+09 0.0651 4250.05
2.85E+09 0.0579 4246.63
2.86E+09 0.0578 4243.77
2.88E+09 0.0623 4240.93
2.90E+09 0.0606 4237.18
2.92E+09 0.0611 4233.7
2.94E+09 0.0597 4229.69
2.96E+09 0.0637 4226.77
2.97E+09 0.0565 4223.56
2.99E+09 0.0581 4219.97
3.01E+09 0.0605 4217.1
3.03E+09 0.0558 4213.76
3.05E+09 0.0572 4210.3
3.07E+09 0.0546 4206.72
3.09E+09 0.0575 4203.33
3.11E+09 0.0510 4200.1
3.13E+09 0.0510 4196.82
3.15E+09 0.0504 4194.35
3.17E+09 0.0514 4191.29
3.19E+09 0.0508 4188.21
3.21E+09 0.0479 4185.09
3.22E+09 0.0474 4182.6
3.25E+09 0.0494 4179.32
3.27E+09 0.0499 4175.67
3.29E+09 0.0467 4172.71
3.32E+09 0.0478 4169.01
3.34E+09 0.0490 4165.77
3.36E+09 0.0476 4162.33
3.39E+09 0.0432 4158.89
3.41E+09 0.0453 4155.65
3.43E+09 0.0439 4152.75
3.46E+09 0.0482 4149.53
3.48E+09 0.0427 4145.74
3.51E+09 0.0413 4142.91
3.53E+09 0.0402 4140.15
3.55E+09 0.0446 4136.98
3.58E+09 0.0414 4133.74
3.60E+09 0.0414 4130.64
3.63E+09 0.0419 4127.34
3.66E+09 0.0411 4123.83
3.68E+09 0.0383 4121.07
3.71E+09 0.0387 4118.25
3.73E+09 0.0388 4115.17
3.76E+09 0.0393 4112.05
3.78E+09 0.0381 4108.95
3.82E+09 0.0382 4105.11
3.84E+09 0.0370 4101.99
3.87E+09 0.0326 4099.14
3.90E+09 0.0329 4096.69
3.92E+09 0.0334 4094.38
3.95E+09 0.0348 4091.39
3.98E+09 0.0344 4088.39
4.01E+09 0.0337 4085.5
4.04E+09 0.0329 4082.4
4.07E+09 0.0340 4079.32
4.10E+09 0.0320 4076.09
4.13E+09 0.0317 4072.73
4.16E+09 0.0320 4069.78
4.20E+09 0.0328 4066.48
4.23E+09 0.0307 4063.18
4.27E+09 0.0311 4060
4.30E+09 0.0304 4056.91
4.34E+09 0.0295 4053.52
4.37E+09 0.0302 4050.4
4.41E+09 0.0286 4047.13
4.44E+09 0.0291 4044.13
4.48E+09 0.0283 4040.92
4.52E+09 0.0299 4037.59
4.55E+09 0.0277 4034.56
4.59E+09 0.0278 4031.48
4.63E+09 0.0262 4028.3
4.66E+09 0.0269 4025.26
4.70E+09 0.0265 4022.15
4.74E+09 0.0257 4019.12
4.78E+09 0.0247 4015.95
4.82E+09 0.0241 4012.9
4.86E+09 0.0256 4009.88
4.90E+09 0.0259 4006.74
4.94E+09 0.0245 4003.53
4.99E+09 0.0235 4000.41
