0.00E+00 -0.5988 5313.05
4.17E+08 0.0910 4962.5
6.09E+08 0.0797 4827.21
7.95E+08 0.0629 4718.61
9.24E+08 0.0565 4656.35
1.07E+09 0.0505 4590.56
1.15E+09 0.0867 4555.29
1.17E+09 0.1077 4540.91
1.22E+09 0.0782 4499.59
1.41E+09 0.0619 4404.08
1.56E+09 0.0627 4324.02
1.70E+09 0.0472 4266.12
1.83E+09 0.0392 4220.54
1.94E+09 0.0338 4186.48
2.06E+09 0.0293 4155.08
2.17E+09 0.0308 4129.51
2.29E+09 0.0342 4093.82
2.38E+09 0.0301 4069.68
2.47E+09 0.0255 4048.42
2.54E+09 0.0270 4034.05
2.59E+09 0.0233 4023.13
2.65E+09 0.0229 4012.66
2.70E+09 0.0257 4002.48
2.75E+09 0.0244 3992.85
2.80E+09 0.0215 3982.93
2.86E+09 0.0192 3972.92
2.91E+09 0.0189 3964.42
2.97E+09 0.0185 3955.75
3.01E+09 0.0173 3948.8
3.07E+09 0.0161 3941.03
3.13E+09 0.0153 3933.78
3.19E+09 0.0164 3926.33
3.24E+09 0.0162 3918.53
3.30E+09 0.0143 3910.78
3.37E+09 0.0138 3902.96
3.43E+09 0.0140 3895.68
3.49E+09 0.0130 3888.98
3.56E+09 0.0124 3881.61
3.63E+09 0.0117 3875.18
3.70E+09 0.0108 3868.33
3.77E+09 0.0110 3862.31
3.83E+09 0.0103 3856.64
3.91E+09 0.0099 3850.3
3.99E+09 0.0099 3843.9
4.06E+09 0.0093 3837.78
4.14E+09 0.0085 3832.2
4.22E+09 0.0081 3826.47
4.31E+09 0.0078 3820.95
4.39E+09 0.0072 3815.7
4.48E+09 0.0071 3810.69
4.56E+09 0.0066 3805.76
4.65E+09 0.0062 3801.05
4.74E+09 0.0061 3796.56
4.83E+09 0.0062 3792.29
4.91E+09 0.0057 3788.01
