0.00E+00 -0.4786 4923.96
3.03E+07 0.2954 4909.18
3.73E+07 0.3517 4902.11
4.92E+07 0.3561 4888.92
6.17E+07 0.3413 4875.72
7.29E+07 0.3486 4863.93
8.95E+07 0.3161 4846.9
1.14E+08 0.2766 4824.65
1.30E+08 0.3202 4810.23
1.52E+08 0.3334 4788.99
1.79E+08 0.3471 4761.24
2.08E+08 0.3374 4730.59
2.30E+08 0.3266 4708.12
2.45E+08 0.3173 4692.77
2.59E+08 0.3182 4679.63
2.72E+08 0.3120 4667.1
2.84E+08 0.3051 4655.58
2.97E+08 0.3010 4643.18
3.06E+08 0.2980 4635.17
3.15E+08 0.2940 4626.75
3.26E+08 0.2904 4616.9
3.34E+08 0.2862 4609.89
3.43E+08 0.2836 4601.55
3.52E+08 0.2806 4593.7
3.61E+08 0.2753 4585.89
3.70E+08 0.2758 4578.45
3.79E+08 0.2691 4571.42
3.87E+08 0.2654 4564.78
3.95E+08 0.2650 4557.65
4.05E+08 0.2625 4549.71
4.15E+08 0.2585 4542.07
4.23E+08 0.2540 4535.82
4.31E+08 0.2522 4529.21
4.39E+08 0.2476 4523.3
4.45E+08 0.2473 4518.57
4.54E+08 0.2434 4511.73
4.63E+08 0.2394 4505.45
4.70E+08 0.2375 4500.22
4.79E+08 0.2354 4493.66
4.87E+08 0.2314 4487.87
4.95E+08 0.2277 4482.18
5.03E+08 0.2258 4476.58
5.12E+08 0.2217 4470.5
5.21E+08 0.2184 4464.55
5.30E+08 0.2162 4458.1
5.40E+08 0.2134 4451.87
5.49E+08 0.2117 4445.5
5.59E+08 0.2075 4439.56
5.66E+08 0.2059 4434.83
5.75E+08 0.2028 4429.01
5.86E+08 0.2000 4422.67
5.95E+08 0.1979 4416.96
6.05E+08 0.1931 4411.18
6.15E+08 0.1912 4405.01
6.25E+08 0.1876 4399.29
6.34E+08 0.1834 4393.88
6.45E+08 0.1832 4387.87
6.55E+08 0.1812 4382.12
6.63E+08 0.1782 4377.93
6.73E+08 0.1758 4372.41
6.82E+08 0.1735 4367.39
6.90E+08 0.1726 4363.19
6.99E+08 0.1702 4358.52
7.08E+08 0.1692 4354.06
7.16E+08 0.1666 4349.6
7.24E+08 0.1685 4345.75
7.32E+08 0.1665 4341.53
7.39E+08 0.1655 4337.64
7.47E+08 0.1632 4333.83
7.54E+08 0.1634 4330.23
7.62E+08 0.1643 4326.43
7.69E+08 0.1626 4322.9
7.78E+08 0.1603 4318.22
7.85E+08 0.1593 4314.79
7.94E+08 0.1592 4310.54
8.02E+08 0.1595 4306.6
8.10E+08 0.1579 4302.74
8.17E+08 0.1575 4299.22
8.26E+08 0.1581 4295.17
8.34E+08 0.1554 4291.34
8.41E+08 0.1548 4288.02
8.47E+08 0.1553 4284.9
8.56E+08 0.1549 4280.74
8.63E+08 0.1514 4277.28
8.71E+08 0.1536 4273.54
8.79E+08 0.1525 4269.84
8.89E+08 0.1527 4265.21
8.97E+08 0.1514 4261.44
9.05E+08 0.1517 4257.52
9.14E+08 0.1513 4253.59
9.23E+08 0.1500 4249.39
9.31E+08 0.1503 4245.69
9.38E+08 0.1476 4242.32
9.46E+08 0.1473 4238.85
9.55E+08 0.1475 4234.92
9.64E+08 0.1463 4230.76
9.73E+08 0.1451 4226.59
9.81E+08 0.1452 4223.14
9.88E+08 0.1443 4220.11
9.95E+08 0.1449 4216.77
1.00E+09 0.1443 4213.28
1.01E+09 0.1427 4209.45
1.02E+09 0.1430 4205.95
1.03E+09 0.1427 4202.2
1.04E+09 0.1419 4198.52
1.04E+09 0.1410 4194.93
1.05E+09 0.1413 4191.19
1.06E+09 0.1407 4187.5
1.07E+09 0.1386 4183.85
1.08E+09 0.1369 4180.2
1.09E+09 0.1382 4176.19
1.10E+09 0.1368 4172.27
1.11E+09 0.1370 4168.52
1.12E+09 0.1359 4164.22
1.13E+09 0.1347 4160.05
1.14E+09 0.1342 4156.11
1.15E+09 0.1344 4152
1.16E+09 0.1336 4147.8
1.17E+09 0.1335 4143.8
1.18E+09 0.1315 4139.96
1.18E+09 0.1316 4136.68
1.19E+09 0.1307 4133.29
1.20E+09 0.1302 4129.94
1.21E+09 0.1299 4126.35
1.22E+09 0.1282 4122.33
1.23E+09 0.1284 4118.12
1.24E+09 0.1281 4114.3
1.25E+09 0.1275 4110.08
1.26E+09 0.1253 4105.46
1.27E+09 0.1254 4100.96
1.28E+09 0.1252 4097.22
1.29E+09 0.1237 4093.97
1.30E+09 0.1236 4090.27
1.31E+09 0.1232 4086.76
1.32E+09 0.1222 4082.77
1.33E+09 0.1220 4078.41
1.35E+09 0.1203 4073.76
1.36E+09 0.1194 4069.64
1.37E+09 0.1192 4065.96
1.38E+09 0.1184 4062.35
1.39E+09 0.1175 4058.28
1.40E+09 0.1180 4054.9
1.41E+09 0.1162 4051.35
1.42E+09 0.1164 4047.53
1.43E+09 0.1149 4043.75
1.44E+09 0.1168 4039.88
1.45E+09 0.1144 4035.67
1.46E+09 0.1123 4031.85
1.47E+09 0.1123 4028.35
1.48E+09 0.1121 4024.77
1.49E+09 0.1107 4020.91
1.51E+09 0.1107 4017.19
1.52E+09 0.1104 4013.18
1.53E+09 0.1098 4009.35
1.54E+09 0.1086 4005.51
1.55E+09 0.1080 4001.71
1.56E+09 0.1074 3997.74
1.58E+09 0.1074 3993.76
1.59E+09 0.1065 3989.87
1.60E+09 0.1048 3985.8
1.61E+09 0.1050 3981.93
1.62E+09 0.1046 3978.26
1.63E+09 0.1033 3974.47
1.65E+09 0.1029 3971.14
1.66E+09 0.1021 3967.28
1.67E+09 0.1015 3963.97
1.68E+09 0.1013 3960.55
1.69E+09 0.1007 3957
1.70E+09 0.0993 3953.34
1.71E+09 0.0990 3949.88
1.72E+09 0.0987 3946.63
1.74E+09 0.0980 3943.39
1.75E+09 0.0982 3939.72
1.76E+09 0.0967 3936.73
1.77E+09 0.0968 3933.75
1.78E+09 0.0969 3931.18
1.79E+09 0.0965 3928.4
1.80E+09 0.0967 3924.92
1.81E+09 0.0951 3921.6
1.82E+09 0.0937 3918.35
1.83E+09 0.0945 3914.9
1.84E+09 0.0943 3911.54
1.85E+09 0.0919 3908.12
1.87E+09 0.0918 3904.88
1.88E+09 0.0915 3901.87
1.89E+09 0.0915 3898.93
1.90E+09 0.0893 3895.46
1.91E+09 0.0899 3892.5
1.92E+09 0.0884 3888.99
1.94E+09 0.0886 3885.66
1.95E+09 0.0884 3882.45
1.96E+09 0.0883 3878.7
1.98E+09 0.0876 3874.9
1.99E+09 0.0868 3871.14
2.00E+09 0.0860 3867.86
2.01E+09 0.0855 3865.52
2.02E+09 0.0855 3862.99
2.03E+09 0.0852 3860.09
2.04E+09 0.0845 3857.63
2.05E+09 0.0846 3855.09
2.06E+09 0.0830 3851.68
2.08E+09 0.0834 3848.3
2.09E+09 0.0824 3844.83
2.10E+09 0.0820 3841.63
2.11E+09 0.0816 3839.03
2.12E+09 0.0814 3836.48
2.14E+09 0.0806 3833.53
2.15E+09 0.0815 3831.02
2.16E+09 0.0808 3827.97
2.17E+09 0.0785 3825.24
2.18E+09 0.0790 3821.97
2.19E+09 0.0785 3819.07
2.21E+09 0.0774 3815.99
2.22E+09 0.0776 3812.77
2.23E+09 0.0762 3809.46
2.25E+09 0.0757 3806.36
2.26E+09 0.0765 3803.78
2.27E+09 0.0750 3800.65
2.28E+09 0.0739 3797.76
2.29E+09 0.0748 3795.32
2.31E+09 0.0741 3792.31
2.32E+09 0.0743 3789.61
2.33E+09 0.0736 3786.8
2.35E+09 0.0726 3783.23
2.36E+09 0.0713 3780.36
2.37E+09 0.0721 3777.63
2.39E+09 0.0715 3774.85
2.40E+09 0.0699 3771.67
2.42E+09 0.0708 3768.49
2.43E+09 0.0697 3765.57
2.44E+09 0.0691 3762.89
2.45E+09 0.0689 3760.15
2.47E+09 0.0686 3757.16
2.48E+09 0.0684 3754.15
2.50E+09 0.0676 3751.45
2.51E+09 0.0674 3748.88
2.52E+09 0.0662 3746.72
2.53E+09 0.0665 3744.54
2.54E+09 0.0669 3742.55
2.55E+09 0.0661 3740.28
2.56E+09 0.0648 3738.13
2.57E+09 0.0648 3736.29
2.58E+09 0.0644 3734.11
2.59E+09 0.0651 3732.01
2.60E+09 0.0636 3729.76
2.61E+09 0.0646 3727.78
2.62E+09 0.0635 3725.31
2.64E+09 0.0634 3722.91
2.65E+09 0.0625 3720.47
2.66E+09 0.0629 3718.11
2.67E+09 0.0621 3715.66
2.69E+09 0.0612 3713.52
2.70E+09 0.0621 3711.41
2.71E+09 0.0614 3709.31
2.72E+09 0.0615 3706.97
2.73E+09 0.0609 3704.37
2.75E+09 0.0603 3701.99
2.76E+09 0.0599 3699.74
2.77E+09 0.0598 3697.47
2.78E+09 0.0593 3695.22
2.80E+09 0.0585 3692.82
2.81E+09 0.0587 3690.44
2.82E+09 0.0574 3687.9
2.84E+09 0.0572 3685.34
2.86E+09 0.0572 3682.23
2.87E+09 0.0564 3679.4
2.89E+09 0.0569 3676.57
2.91E+09 0.0567 3673.53
2.92E+09 0.0554 3670.7
2.94E+09 0.0554 3668.02
2.96E+09 0.0547 3665.24
2.97E+09 0.0554 3662.47
2.99E+09 0.0545 3659.46
3.01E+09 0.0534 3656.48
3.02E+09 0.0532 3653.72
3.04E+09 0.0534 3650.87
3.06E+09 0.0525 3648.47
3.07E+09 0.0521 3646.12
3.08E+09 0.0513 3644.29
3.10E+09 0.0515 3642.2
3.11E+09 0.0504 3640.14
3.12E+09 0.0505 3638.19
3.13E+09 0.0503 3636.26
3.15E+09 0.0500 3634.31
3.16E+09 0.0499 3632.5
3.17E+09 0.0490 3630.71
3.18E+09 0.0486 3628.73
3.20E+09 0.0499 3626.62
3.21E+09 0.0498 3624.46
3.22E+09 0.0484 3622.5
3.24E+09 0.0479 3620.34
3.25E+09 0.0478 3618.25
3.27E+09 0.0479 3615.96
3.28E+09 0.0475 3613.86
3.30E+09 0.0470 3611.72
3.31E+09 0.0465 3609.61
3.33E+09 0.0464 3607.03
3.35E+09 0.0459 3604.48
3.36E+09 0.0462 3602.23
3.38E+09 0.0458 3599.94
3.40E+09 0.0451 3597.63
3.41E+09 0.0451 3595.54
3.43E+09 0.0447 3592.82
3.45E+09 0.0440 3590.5
3.47E+09 0.0434 3588.08
3.48E+09 0.0439 3585.6
3.51E+09 0.0429 3582.87
3.52E+09 0.0428 3580.5
3.54E+09 0.0421 3578.54
3.56E+09 0.0419 3576.32
3.57E+09 0.0416 3574.23
3.59E+09 0.0413 3571.92
3.61E+09 0.0413 3569.61
3.63E+09 0.0412 3567.23
3.64E+09 0.0414 3565.22
3.66E+09 0.0411 3562.88
3.68E+09 0.0399 3560.47
3.70E+09 0.0401 3558.01
3.72E+09 0.0393 3555.83
3.74E+09 0.0391 3553.36
3.76E+09 0.0390 3551.09
3.78E+09 0.0385 3548.48
3.80E+09 0.0383 3545.94
3.83E+09 0.0376 3543.18
3.85E+09 0.0375 3540.66
3.87E+09 0.0364 3538.14
3.89E+09 0.0365 3535.76
3.91E+09 0.0360 3533.23
3.94E+09 0.0362 3530.25
3.96E+09 0.0355 3527.41
3.99E+09 0.0353 3524.71
4.01E+09 0.0346 3522.33
4.03E+09 0.0351 3520.56
4.05E+09 0.0341 3518.71
4.06E+09 0.0336 3516.85
4.08E+09 0.0333 3514.78
4.11E+09 0.0341 3512.48
4.13E+09 0.0334 3509.78
4.16E+09 0.0333 3507.02
4.19E+09 0.0329 3504.17
4.21E+09 0.0323 3501.62
4.24E+09 0.0320 3498.82
4.27E+09 0.0319 3496.25
4.29E+09 0.0313 3493.75
4.32E+09 0.0311 3491.34
4.34E+09 0.0303 3488.95
4.37E+09 0.0305 3486.67
4.39E+09 0.0298 3484.27
4.42E+09 0.0300 3482.16
4.44E+09 0.0299 3480.32
4.46E+09 0.0295 3478.37
4.48E+09 0.0281 3476.28
4.50E+09 0.0286 3474.47
4.53E+09 0.0283 3472.34
4.55E+09 0.0286 3470.36
4.58E+09 0.0280 3468.05
4.60E+09 0.0276 3465.64
4.64E+09 0.0275 3463.01
4.67E+09 0.0265 3460.5
4.70E+09 0.0266 3458.09
4.72E+09 0.0262 3455.93
4.75E+09 0.0262 3453.68
4.78E+09 0.0259 3451.67
4.80E+09 0.0260 3449.79
4.82E+09 0.0248 3447.83
4.85E+09 0.0253 3445.99
4.88E+09 0.0250 3443.84
4.91E+09 0.0247 3441.47
4.94E+09 0.0244 3439.23
4.97E+09 0.0244 3436.97
