0.00E+00 -0.5435 5049.68
3.61E+08 0.0914 4826.35
4.92E+08 0.0873 4753
5.95E+08 0.0788 4700.32
7.05E+08 0.0751 4648.08
8.18E+08 0.0661 4598.3
8.55E+08 0.0976 4582.87
8.61E+08 0.1311 4578.08
8.78E+08 0.1194 4564.39
9.81E+08 0.0945 4501.29
1.08E+09 0.1067 4442.02
1.19E+09 0.0758 4383.69
1.34E+09 0.0630 4320.77
1.46E+09 0.0551 4275.8
1.58E+09 0.0692 4231.31
1.67E+09 0.0558 4196.51
1.76E+09 0.0498 4167.22
1.86E+09 0.0531 4137.4
1.94E+09 0.0447 4113.09
2.01E+09 0.0353 4095.32
2.06E+09 0.0372 4084.39
2.11E+09 0.0335 4073.15
2.16E+09 0.0310 4063.95
2.20E+09 0.0286 4056.56
2.24E+09 0.0368 4049.6
2.26E+09 0.0361 4043.31
2.30E+09 0.0289 4036.23
2.34E+09 0.0276 4029.39
2.37E+09 0.0288 4024.52
2.40E+09 0.0302 4018.4
2.44E+09 0.0334 4010
2.48E+09 0.0304 4001.9
2.52E+09 0.0295 3995.51
2.57E+09 0.0225 3987.67
2.60E+09 0.0262 3982.14
2.64E+09 0.0233 3976.83
2.68E+09 0.0255 3971.29
2.71E+09 0.0225 3965.98
2.76E+09 0.0237 3959.59
2.81E+09 0.0266 3951.99
2.84E+09 0.0214 3946.44
2.89E+09 0.0170 3940.54
2.94E+09 0.0163 3935.98
3.00E+09 0.0222 3929.33
3.05E+09 0.0199 3922.51
3.10E+09 0.0190 3916.7
3.14E+09 0.0171 3911.5
3.19E+09 0.0170 3906.78
3.24E+09 0.0151 3901.6
3.28E+09 0.0157 3898.02
3.34E+09 0.0127 3892.89
3.38E+09 0.0136 3889.22
3.42E+09 0.0156 3885.37
3.48E+09 0.0145 3880.4
3.55E+09 0.0144 3873.98
3.60E+09 0.0133 3869.9
3.66E+09 0.0128 3864.75
3.71E+09 0.0118 3861.05
3.77E+09 0.0116 3857.25
3.82E+09 0.0110 3853.58
3.88E+09 0.0092 3849.97
3.92E+09 0.0097 3847.05
3.98E+09 0.0104 3843.68
4.05E+09 0.0110 3839.07
4.13E+09 0.0090 3834.39
4.20E+09 0.0111 3829.51
4.26E+09 0.0086 3826.07
4.34E+09 0.0075 3822.18
4.42E+09 0.0089 3818.34
4.48E+09 0.0073 3815.61
4.55E+09 0.0066 3812.42
4.62E+09 0.0072 3809.5
4.68E+09 0.0086 3806.46
4.76E+09 0.0075 3802.55
4.84E+09 0.0067 3799.21
4.91E+09 0.0066 3796.23
4.98E+09 0.0072 3793.36
