0.00E+00 -0.8520 5867.06
1.24E+08 0.2575 5786.27
1.63E+08 0.2570 5755.85
1.96E+08 0.2601 5731.37
2.28E+08 0.2478 5708.43
2.47E+08 0.2430 5694.59
2.71E+08 0.2269 5677.99
2.86E+08 0.2329 5667.4
3.05E+08 0.2235 5655.04
3.25E+08 0.2222 5642.12
3.39E+08 0.2234 5632.69
3.59E+08 0.2113 5620.16
3.73E+08 0.2127 5611.08
3.88E+08 0.2131 5602.15
4.02E+08 0.2075 5593.04
4.15E+08 0.2074 5585.35
4.27E+08 0.2067 5578.06
4.36E+08 0.2103 5572.58
4.41E+08 0.2190 5569.29
4.42E+08 0.2290 5568.64
4.43E+08 0.2403 5568.06
4.44E+08 0.2500 5567.5
4.45E+08 0.2673 5566.69
4.47E+08 0.2877 5565.09
4.51E+08 0.2986 5561.38
4.58E+08 0.2999 5555.69
4.67E+08 0.3133 5547.53
4.78E+08 0.3288 5537.26
4.87E+08 0.3451 5528.16
4.91E+08 0.3790 5524.29
4.94E+08 0.3925 5520.62
5.10E+08 0.3199 5504.32
5.34E+08 0.3021 5482.56
5.60E+08 0.3113 5458.62
5.78E+08 0.3252 5441.87
5.94E+08 0.3374 5426.36
6.10E+08 0.3685 5410.78
6.30E+08 0.3385 5389.6
6.57E+08 0.3080 5363.6
6.87E+08 0.2777 5338.02
7.16E+08 0.2605 5315.15
7.47E+08 0.2489 5292.17
7.79E+08 0.2433 5268.99
8.13E+08 0.2343 5244.93
8.44E+08 0.2809 5221.4
8.77E+08 0.2934 5191.85
8.97E+08 0.2809 5175.28
9.11E+08 0.2745 5163.66
9.25E+08 0.2582 5152.46
9.36E+08 0.2509 5144.37
9.47E+08 0.2455 5136.66
9.58E+08 0.2443 5128.89
9.68E+08 0.2420 5121.62
9.78E+08 0.2320 5114.41
9.89E+08 0.2344 5106.98
9.98E+08 0.2350 5100.93
1.01E+09 0.2298 5095.31
1.01E+09 0.2190 5090.37
1.02E+09 0.2205 5085.21
1.03E+09 0.2206 5079.62
1.04E+09 0.2186 5074.67
1.05E+09 0.2189 5069.8
1.05E+09 0.2163 5064.07
1.06E+09 0.2147 5058.74
1.07E+09 0.2123 5051.5
1.08E+09 0.2101 5046.06
1.09E+09 0.2037 5040.83
1.10E+09 0.2059 5036.2
1.11E+09 0.2050 5031.34
1.12E+09 0.2020 5025.34
1.13E+09 0.1948 5019.85
1.14E+09 0.1975 5013.93
1.15E+09 0.1959 5008.46
1.16E+09 0.1931 5003.54
1.16E+09 0.1932 4998.4
1.17E+09 0.1919 4993.92
1.18E+09 0.1897 4989.46
1.19E+09 0.1875 4984.34
1.20E+09 0.1843 4979.44
1.21E+09 0.1821 4975.54
1.21E+09 0.1823 4972.24
1.22E+09 0.1847 4968.4
1.23E+09 0.1851 4963.73
1.24E+09 0.1790 4958.02
1.25E+09 0.1819 4953.4
1.26E+09 0.1808 4948.66
1.26E+09 0.1796 4943.86
1.27E+09 0.1768 4939.4
1.28E+09 0.1779 4935.44
1.29E+09 0.1758 4931.38
1.30E+09 0.1751 4926.44
1.31E+09 0.1744 4921.26
1.32E+09 0.1749 4916.86
1.33E+09 0.1727 4912.28
1.34E+09 0.1740 4907.49
1.34E+09 0.1752 4903.68
1.35E+09 0.1713 4899.53
1.36E+09 0.1683 4895.31
1.37E+09 0.1745 4891.52
1.38E+09 0.1720 4886.15
1.39E+09 0.1676 4881.74
1.39E+09 0.1677 4878.47
1.40E+09 0.1662 4873.55
1.41E+09 0.1653 4869.69
1.42E+09 0.1661 4865.6
1.43E+09 0.1625 4861.24
1.44E+09 0.1664 4856.84
1.45E+09 0.1638 4852.15
1.45E+09 0.1676 4848.52
1.46E+09 0.1637 4844.17
1.47E+09 0.1647 4839.88
1.48E+09 0.1637 4835.68
1.49E+09 0.1675 4831.6
1.50E+09 0.1629 4826.69
1.51E+09 0.1605 4822.01
1.52E+09 0.1658 4817.42
1.53E+09 0.1579 4812.65
1.54E+09 0.1616 4808.52
1.55E+09 0.1593 4803.14
1.56E+09 0.1569 4798.9
1.57E+09 0.1583 4794.74
1.58E+09 0.1580 4790.29
1.59E+09 0.1589 4785.22
1.60E+09 0.1529 4779.91
1.61E+09 0.1562 4775.16
1.62E+09 0.1514 4770.33
1.63E+09 0.1557 4766.5
1.64E+09 0.1524 4761.68
1.65E+09 0.1529 4757
1.66E+09 0.1496 4751.66
1.67E+09 0.1487 4747.49
1.68E+09 0.1534 4743.29
1.69E+09 0.1467 4738.44
1.70E+09 0.1501 4733.9
1.71E+09 0.1479 4729.07
1.72E+09 0.1477 4724.61
1.73E+09 0.1464 4720.59
1.74E+09 0.1472 4715.86
1.76E+09 0.1472 4710.85
1.77E+09 0.1428 4706.46
1.78E+09 0.1451 4702.37
1.79E+09 0.1383 4697.13
1.80E+09 0.1440 4693.28
1.81E+09 0.1420 4688.65
1.82E+09 0.1365 4683.75
1.83E+09 0.1348 4678.85
1.85E+09 0.1346 4673.88
1.86E+09 0.1376 4668.5
1.87E+09 0.1399 4663.62
1.88E+09 0.1368 4658.9
1.90E+09 0.1325 4653.77
1.91E+09 0.1334 4648.5
1.92E+09 0.1342 4643.66
1.93E+09 0.1318 4638.62
1.95E+09 0.1308 4633.66
1.96E+09 0.1289 4628.7
1.97E+09 0.1292 4623.68
1.98E+09 0.1301 4619.33
2.00E+09 0.1248 4614.17
2.01E+09 0.1247 4609.15
2.03E+09 0.1215 4603.94
2.04E+09 0.1225 4598.47
2.05E+09 0.1244 4594.2
2.07E+09 0.1185 4588.63
2.08E+09 0.1226 4583.86
2.10E+09 0.1173 4578.92
2.11E+09 0.1173 4573.74
2.13E+09 0.1145 4568.5
2.14E+09 0.1125 4563.56
2.16E+09 0.1133 4558.18
2.17E+09 0.1163 4553.47
2.19E+09 0.1089 4548.55
2.20E+09 0.1106 4543.7
2.22E+09 0.1080 4538.5
2.23E+09 0.1087 4533.63
2.25E+09 0.1082 4529.17
2.26E+09 0.1054 4523.84
2.28E+09 0.1063 4519.99
2.29E+09 0.1028 4515.15
2.30E+09 0.1087 4511.69
2.32E+09 0.1025 4506.98
2.33E+09 0.1045 4503.12
2.35E+09 0.1008 4498.66
2.36E+09 0.0962 4493.82
2.38E+09 0.0981 4489.13
2.39E+09 0.0987 4484.61
2.41E+09 0.0969 4481.18
2.42E+09 0.0959 4476.47
2.44E+09 0.0950 4472.35
2.45E+09 0.0942 4467.85
2.47E+09 0.0901 4463.14
2.49E+09 0.0918 4459.24
2.50E+09 0.0903 4455.5
2.52E+09 0.0902 4450.81
2.53E+09 0.0879 4446.95
2.55E+09 0.0893 4442.97
2.57E+09 0.0881 4438.48
2.58E+09 0.0855 4433.86
2.60E+09 0.0857 4429.77
2.62E+09 0.0863 4425.67
2.63E+09 0.0817 4421.11
2.65E+09 0.0836 4417.26
2.67E+09 0.0792 4413.48
2.68E+09 0.0851 4409.52
2.70E+09 0.0809 4405.64
2.72E+09 0.0808 4401.39
2.73E+09 0.0783 4398.29
2.75E+09 0.0767 4394.54
2.76E+09 0.0764 4390.45
2.78E+09 0.0757 4386.85
2.80E+09 0.0760 4382.88
2.81E+09 0.0779 4379.09
2.83E+09 0.0746 4374.87
2.85E+09 0.0724 4370.83
2.87E+09 0.0725 4367.31
2.88E+09 0.0778 4363.85
2.90E+09 0.0680 4359.8
2.92E+09 0.0712 4355.94
2.94E+09 0.0719 4352.71
2.96E+09 0.0680 4349.07
2.97E+09 0.0664 4345.75
2.99E+09 0.0667 4342.62
3.00E+09 0.0717 4339.44
3.02E+09 0.0654 4335.83
3.04E+09 0.0634 4332.39
3.06E+09 0.0627 4329.43
3.07E+09 0.0641 4326.67
3.09E+09 0.0629 4323.51
3.11E+09 0.0619 4320.02
3.12E+09 0.0634 4316.68
3.14E+09 0.0615 4313.56
3.16E+09 0.0601 4310.46
3.18E+09 0.0598 4307.31
3.19E+09 0.0590 4304.5
3.21E+09 0.0570 4301.41
3.23E+09 0.0583 4298.29
3.25E+09 0.0553 4295.09
3.27E+09 0.0551 4291.99
3.29E+09 0.0536 4289.14
3.31E+09 0.0543 4286.07
3.32E+09 0.0554 4283.62
3.34E+09 0.0539 4281.01
3.36E+09 0.0520 4277.85
3.38E+09 0.0509 4275.03
3.39E+09 0.0518 4272.39
3.41E+09 0.0522 4269.92
3.43E+09 0.0501 4267.39
3.44E+09 0.0510 4264.62
3.46E+09 0.0525 4261.9
3.48E+09 0.0493 4259.02
3.50E+09 0.0482 4256.53
3.52E+09 0.0470 4254.03
3.54E+09 0.0470 4251.4
3.55E+09 0.0491 4248.82
3.57E+09 0.0477 4246.39
3.59E+09 0.0473 4243.63
3.61E+09 0.0462 4240.84
3.63E+09 0.0474 4238.26
3.65E+09 0.0454 4235.87
3.67E+09 0.0442 4233.49
3.69E+09 0.0439 4230.86
3.71E+09 0.0427 4228.34
3.73E+09 0.0420 4225.86
3.74E+09 0.0434 4223.57
3.76E+09 0.0423 4221.26
3.78E+09 0.0430 4218.88
3.80E+09 0.0409 4216.54
3.82E+09 0.0419 4214.27
3.84E+09 0.0407 4211.89
3.86E+09 0.0386 4209.54
3.88E+09 0.0397 4207.13
3.90E+09 0.0380 4205.01
3.92E+09 0.0369 4202.87
3.94E+09 0.0393 4200.49
3.96E+09 0.0384 4198.16
3.98E+09 0.0376 4195.73
4.00E+09 0.0349 4193.39
4.02E+09 0.0362 4191.26
4.05E+09 0.0379 4188.76
4.07E+09 0.0372 4186.34
4.09E+09 0.0351 4184.01
4.11E+09 0.0362 4181.5
4.14E+09 0.0344 4179.26
4.16E+09 0.0345 4177.07
4.18E+09 0.0342 4174.73
4.20E+09 0.0324 4172.7
4.22E+09 0.0316 4170.55
4.25E+09 0.0334 4168.4
4.27E+09 0.0319 4166.41
4.29E+09 0.0309 4164.24
4.32E+09 0.0306 4162.04
4.34E+09 0.0309 4159.99
4.36E+09 0.0313 4157.7
4.39E+09 0.0301 4155.55
4.41E+09 0.0296 4153.59
4.43E+09 0.0294 4151.6
4.46E+09 0.0298 4149.54
4.48E+09 0.0296 4147.16
4.51E+09 0.0283 4145.03
4.53E+09 0.0271 4143.46
4.55E+09 0.0283 4141.4
4.58E+09 0.0278 4139.19
4.60E+09 0.0272 4137.35
4.63E+09 0.0253 4135.32
4.66E+09 0.0266 4133.21
4.68E+09 0.0259 4131.31
4.71E+09 0.0245 4129.2
4.74E+09 0.0252 4127.48
4.76E+09 0.0254 4125.53
4.79E+09 0.0255 4123.46
4.82E+09 0.0250 4121.36
4.85E+09 0.0242 4119.25
4.87E+09 0.0229 4117.4
4.90E+09 0.0229 4115.64
4.92E+09 0.0242 4113.82
4.95E+09 0.0235 4111.87
4.98E+09 0.0244 4109.92
