0.00E+00 -0.4677 4721.33
2.94E+07 0.2563 4712.34
3.55E+07 0.3100 4708.4
4.02E+07 0.3461 4704.75
4.79E+07 0.3658 4698.37
5.63E+07 0.3412 4691.42
6.92E+07 0.3309 4681.52
8.52E+07 0.3094 4669.62
1.02E+08 0.2930 4657.88
1.18E+08 0.2906 4647.29
1.34E+08 0.2832 4636.73
1.47E+08 0.2963 4628.06
1.59E+08 0.3215 4619.02
1.73E+08 0.3320 4608.38
1.83E+08 0.3209 4600.47
1.94E+08 0.3163 4592.33
2.05E+08 0.3116 4584.72
2.13E+08 0.3051 4578.95
2.18E+08 0.3003 4575.06
2.25E+08 0.3004 4570.2
2.32E+08 0.2957 4565.46
2.41E+08 0.2952 4559.77
2.49E+08 0.2890 4554.28
2.56E+08 0.2845 4549.67
2.61E+08 0.2815 4546.3
2.67E+08 0.2807 4542.15
2.73E+08 0.2784 4538.07
2.80E+08 0.2741 4534.16
2.85E+08 0.2703 4530.72
2.91E+08 0.2689 4526.87
2.97E+08 0.2641 4523.06
3.03E+08 0.2605 4519.33
3.09E+08 0.2595 4516.16
3.15E+08 0.2559 4512.34
3.22E+08 0.2539 4508.47
3.28E+08 0.2491 4504.44
3.34E+08 0.2460 4501.43
3.40E+08 0.2449 4497.83
3.47E+08 0.2412 4493.79
3.53E+08 0.2372 4490.41
3.60E+08 0.2344 4486.8
3.67E+08 0.2323 4482.91
3.73E+08 0.2291 4479.53
3.80E+08 0.2271 4476.22
3.87E+08 0.2244 4472.57
3.93E+08 0.2210 4469.37
3.99E+08 0.2180 4466.3
4.05E+08 0.2158 4463.12
4.12E+08 0.2136 4459.9
4.17E+08 0.2112 4457.08
4.24E+08 0.2091 4454.07
4.30E+08 0.2068 4451.16
4.36E+08 0.2026 4448.26
4.41E+08 0.2014 4445.75
4.47E+08 0.1996 4443.03
4.53E+08 0.1971 4440.21
4.59E+08 0.1953 4437.69
4.64E+08 0.1930 4435.31
4.69E+08 0.1916 4433.08
4.74E+08 0.1880 4430.96
4.79E+08 0.1886 4428.72
4.84E+08 0.1871 4426.37
4.89E+08 0.1843 4424.22
4.94E+08 0.1827 4422.17
5.00E+08 0.1820 4419.94
5.05E+08 0.1788 4417.49
5.10E+08 0.1790 4415.41
5.15E+08 0.1766 4413.34
5.20E+08 0.1742 4411.33
5.25E+08 0.1743 4409.6
5.29E+08 0.1725 4407.82
5.34E+08 0.1723 4405.8
5.39E+08 0.1702 4403.87
5.44E+08 0.1690 4401.99
5.48E+08 0.1662 4400.19
5.53E+08 0.1675 4398.48
5.57E+08 0.1653 4396.72
5.62E+08 0.1642 4395.13
5.66E+08 0.1631 4393.43
5.71E+08 0.1621 4391.4
5.75E+08 0.1617 4389.93
5.79E+08 0.1609 4388.46
5.83E+08 0.1609 4386.9
5.87E+08 0.1608 4385.5
5.91E+08 0.1600 4384.07
5.94E+08 0.1594 4382.8
5.98E+08 0.1579 4381.43
6.02E+08 0.1571 4380.19
6.05E+08 0.1590 4378.79
6.10E+08 0.1566 4377.07
6.14E+08 0.1576 4375.83
6.17E+08 0.1553 4374.44
6.21E+08 0.1578 4373.29
6.24E+08 0.1561 4372.09
6.28E+08 0.1549 4370.69
6.32E+08 0.1531 4369.08
6.35E+08 0.1533 4367.99
6.38E+08 0.1530 4366.85
6.42E+08 0.1521 4365.77
6.45E+08 0.1528 4364.58
6.48E+08 0.1521 4363.42
6.51E+08 0.1518 4362.37
6.54E+08 0.1517 4361.23
6.58E+08 0.1517 4359.88
6.63E+08 0.1522 4358.39
6.66E+08 0.1524 4357.18
6.69E+08 0.1516 4356.08
6.72E+08 0.1517 4354.9
6.76E+08 0.1511 4353.74
6.79E+08 0.1507 4352.41
6.83E+08 0.1519 4351.33
6.86E+08 0.1518 4350.21
6.90E+08 0.1501 4348.72
6.94E+08 0.1510 4347.23
6.98E+08 0.1514 4346.01
7.01E+08 0.1517 4345.03
7.04E+08 0.1513 4343.73
7.09E+08 0.1514 4342.11
7.13E+08 0.1505 4340.64
7.18E+08 0.1506 4339.05
7.22E+08 0.1504 4337.59
7.26E+08 0.1510 4336.11
7.30E+08 0.1510 4334.65
7.34E+08 0.1500 4333.22
7.37E+08 0.1508 4332.16
7.40E+08 0.1509 4331.15
7.44E+08 0.1504 4329.91
7.48E+08 0.1503 4328.34
7.52E+08 0.1503 4327.04
7.56E+08 0.1504 4325.54
7.60E+08 0.1509 4324.16
7.64E+08 0.1508 4322.86
7.68E+08 0.1513 4321.64
7.71E+08 0.1513 4320.29
7.75E+08 0.1508 4318.92
7.79E+08 0.1520 4317.74
7.82E+08 0.1512 4316.42
7.87E+08 0.1510 4314.97
7.91E+08 0.1522 4313.47
7.96E+08 0.1506 4311.73
8.00E+08 0.1504 4310.32
8.04E+08 0.1505 4309.02
8.07E+08 0.1511 4307.71
8.11E+08 0.1511 4306.28
8.15E+08 0.1514 4304.86
8.20E+08 0.1512 4303.34
8.24E+08 0.1513 4302.02
8.28E+08 0.1504 4300.59
8.31E+08 0.1517 4299.25
8.36E+08 0.1514 4297.78
8.40E+08 0.1513 4296.31
8.44E+08 0.1504 4294.9
8.48E+08 0.1509 4293.45
8.52E+08 0.1504 4292.07
8.57E+08 0.1505 4290.38
8.61E+08 0.1498 4288.85
8.65E+08 0.1506 4287.51
8.69E+08 0.1513 4286.08
8.74E+08 0.1502 4284.46
8.78E+08 0.1503 4282.92
8.83E+08 0.1498 4281.29
8.88E+08 0.1502 4279.54
8.93E+08 0.1500 4277.96
8.97E+08 0.1510 4276.32
9.03E+08 0.1497 4274.39
9.08E+08 0.1505 4272.43
9.14E+08 0.1503 4270.48
9.19E+08 0.1507 4268.75
9.26E+08 0.1500 4266.5
9.31E+08 0.1492 4264.5
9.36E+08 0.1507 4262.85
9.41E+08 0.1495 4261.12
9.46E+08 0.1511 4259.21
9.51E+08 0.1501 4257.48
9.57E+08 0.1497 4255.73
9.62E+08 0.1512 4253.83
9.67E+08 0.1506 4251.92
9.74E+08 0.1500 4249.76
9.79E+08 0.1503 4247.83
9.84E+08 0.1508 4246.03
9.90E+08 0.1507 4244.09
9.97E+08 0.1506 4241.76
1.00E+09 0.1483 4240
1.01E+09 0.1480 4238.14
1.01E+09 0.1484 4236.36
1.02E+09 0.1478 4234.37
1.02E+09 0.1488 4232.44
1.03E+09 0.1482 4230.31
1.04E+09 0.1482 4228.09
1.04E+09 0.1475 4225.95
1.05E+09 0.1477 4223.7
1.06E+09 0.1465 4221.56
1.06E+09 0.1464 4219.35
1.07E+09 0.1468 4216.99
1.08E+09 0.1465 4214.77
1.08E+09 0.1469 4211.99
1.09E+09 0.1454 4209.93
1.10E+09 0.1453 4208
1.10E+09 0.1449 4205.56
1.11E+09 0.1441 4203.14
1.12E+09 0.1442 4201.09
1.12E+09 0.1443 4198.79
1.13E+09 0.1443 4196.53
1.14E+09 0.1428 4194.15
1.14E+09 0.1427 4192.32
1.15E+09 0.1427 4190.37
1.16E+09 0.1429 4188.04
1.16E+09 0.1421 4185.95
1.17E+09 0.1422 4183.81
1.17E+09 0.1406 4181.65
1.18E+09 0.1407 4179.45
1.19E+09 0.1408 4177.43
1.19E+09 0.1398 4175.18
1.20E+09 0.1395 4173.19
1.21E+09 0.1396 4171.01
1.21E+09 0.1387 4168.68
1.22E+09 0.1394 4166.39
1.23E+09 0.1384 4163.89
1.24E+09 0.1382 4161.78
1.24E+09 0.1375 4159.77
1.25E+09 0.1382 4157.8
1.25E+09 0.1375 4155.79
1.26E+09 0.1370 4153.31
1.27E+09 0.1367 4151.02
1.28E+09 0.1353 4148.69
1.28E+09 0.1354 4146.64
1.29E+09 0.1349 4144.33
1.30E+09 0.1345 4142.31
1.30E+09 0.1334 4140.12
1.31E+09 0.1342 4137.79
1.32E+09 0.1337 4135.78
1.33E+09 0.1336 4133.75
1.33E+09 0.1328 4131.53
1.34E+09 0.1322 4129.27
1.35E+09 0.1331 4127.42
1.35E+09 0.1311 4125.76
1.36E+09 0.1321 4124.28
1.36E+09 0.1305 4122.42
1.37E+09 0.1316 4120.56
1.37E+09 0.1308 4118.65
1.38E+09 0.1299 4116.42
1.39E+09 0.1313 4114.46
1.40E+09 0.1306 4112.33
1.40E+09 0.1291 4110.22
1.41E+09 0.1294 4108.39
1.42E+09 0.1295 4106.38
1.42E+09 0.1293 4104.23
1.43E+09 0.1273 4101.8
1.44E+09 0.1287 4099.68
1.45E+09 0.1280 4097.26
1.45E+09 0.1266 4094.76
1.46E+09 0.1265 4092.49
1.47E+09 0.1264 4090.37
1.48E+09 0.1266 4088.3
1.48E+09 0.1260 4086.17
1.49E+09 0.1251 4084.16
1.50E+09 0.1260 4082.26
1.50E+09 0.1244 4080.52
1.51E+09 0.1237 4078.92
1.51E+09 0.1234 4077.2
1.52E+09 0.1236 4075.18
1.53E+09 0.1239 4073.04
1.54E+09 0.1237 4070.94
1.54E+09 0.1229 4069.01
1.55E+09 0.1229 4067.36
1.55E+09 0.1230 4066.01
1.56E+09 0.1212 4064.19
1.57E+09 0.1214 4062.48
1.57E+09 0.1217 4060.28
1.58E+09 0.1214 4058.12
1.59E+09 0.1210 4055.99
1.60E+09 0.1211 4053.88
1.60E+09 0.1207 4051.8
1.61E+09 0.1200 4049.97
1.62E+09 0.1195 4047.66
1.63E+09 0.1196 4045.55
1.64E+09 0.1191 4043.24
1.64E+09 0.1173 4041.03
1.65E+09 0.1177 4039.26
1.66E+09 0.1172 4037.13
1.66E+09 0.1169 4035.15
1.67E+09 0.1175 4033.08
1.68E+09 0.1166 4031.22
1.69E+09 0.1160 4029.01
1.70E+09 0.1166 4027
1.70E+09 0.1154 4024.66
1.71E+09 0.1154 4022.59
1.72E+09 0.1153 4020.4
1.73E+09 0.1155 4018.3
1.74E+09 0.1131 4016.29
1.74E+09 0.1139 4014.06
1.75E+09 0.1133 4011.88
1.76E+09 0.1138 4009.63
1.77E+09 0.1135 4007.83
1.78E+09 0.1122 4005.73
1.78E+09 0.1120 4003.4
1.79E+09 0.1116 4001.51
1.80E+09 0.1114 3999.42
1.81E+09 0.1111 3997.31
1.82E+09 0.1107 3995.03
1.83E+09 0.1101 3992.85
1.83E+09 0.1107 3990.68
1.84E+09 0.1092 3988.39
1.85E+09 0.1097 3986.24
1.86E+09 0.1089 3984.19
1.87E+09 0.1085 3982.27
1.88E+09 0.1081 3980.21
1.88E+09 0.1082 3977.98
1.89E+09 0.1078 3975.73
1.90E+09 0.1068 3973.66
1.91E+09 0.1064 3971.62
1.92E+09 0.1069 3969.54
1.93E+09 0.1064 3967.25
1.94E+09 0.1061 3965.09
1.94E+09 0.1056 3963.03
1.95E+09 0.1056 3960.87
1.96E+09 0.1050 3958.65
1.97E+09 0.1047 3956.63
1.98E+09 0.1051 3954.52
1.99E+09 0.1041 3952.25
2.00E+09 0.1036 3950.13
2.01E+09 0.1032 3947.82
2.02E+09 0.1031 3945.75
2.02E+09 0.1026 3943.83
2.03E+09 0.1012 3941.8
2.04E+09 0.1012 3939.92
2.05E+09 0.1023 3937.86
2.06E+09 0.1017 3935.58
2.07E+09 0.1007 3933.73
2.08E+09 0.1003 3931.42
2.09E+09 0.0999 3929.5
2.09E+09 0.1002 3927.55
2.10E+09 0.0995 3925.48
2.11E+09 0.0991 3923.41
2.12E+09 0.0988 3921.56
2.13E+09 0.0980 3919.52
2.14E+09 0.0989 3917.33
2.15E+09 0.0977 3915.12
2.16E+09 0.0972 3913.1
2.16E+09 0.0974 3911.28
2.17E+09 0.0969 3909.18
2.18E+09 0.0961 3907.28
2.19E+09 0.0967 3905.42
2.20E+09 0.0961 3903.59
2.21E+09 0.0958 3901.21
2.22E+09 0.0964 3899.66
2.23E+09 0.0955 3897.51
2.24E+09 0.0951 3895.05
2.25E+09 0.0947 3892.85
2.26E+09 0.0948 3890.65
2.27E+09 0.0940 3888.32
2.28E+09 0.0941 3886.49
2.29E+09 0.0939 3884.62
2.29E+09 0.0935 3882.65
2.30E+09 0.0930 3880.6
2.31E+09 0.0919 3878.41
2.32E+09 0.0922 3876.37
2.33E+09 0.0918 3874.4
2.34E+09 0.0912 3872.17
2.35E+09 0.0910 3870.14
2.36E+09 0.0903 3867.93
2.37E+09 0.0909 3865.92
2.38E+09 0.0902 3864.06
2.39E+09 0.0903 3862.12
2.40E+09 0.0898 3860.13
2.41E+09 0.0896 3857.95
2.42E+09 0.0892 3855.78
2.43E+09 0.0885 3853.65
2.44E+09 0.0881 3851.75
2.45E+09 0.0881 3849.96
2.46E+09 0.0870 3848.1
2.47E+09 0.0871 3846.51
2.48E+09 0.0869 3844.98
2.48E+09 0.0872 3843.02
2.49E+09 0.0866 3841.06
2.51E+09 0.0860 3838.82
2.52E+09 0.0857 3836.97
2.53E+09 0.0856 3834.8
2.54E+09 0.0848 3832.77
2.55E+09 0.0844 3830.86
2.56E+09 0.0849 3828.79
2.57E+09 0.0840 3826.55
2.58E+09 0.0843 3824.43
2.59E+09 0.0832 3822.27
2.60E+09 0.0829 3820.18
2.61E+09 0.0832 3818.2
2.62E+09 0.0823 3816.29
2.63E+09 0.0818 3814.31
2.64E+09 0.0827 3812.21
2.65E+09 0.0822 3810.42
2.66E+09 0.0818 3808.54
2.67E+09 0.0819 3806.71
2.68E+09 0.0806 3804.64
2.69E+09 0.0809 3802.52
2.70E+09 0.0807 3800.45
2.72E+09 0.0802 3798.48
2.73E+09 0.0794 3796.69
2.73E+09 0.0799 3794.88
2.75E+09 0.0785 3792.85
2.76E+09 0.0785 3790.84
2.77E+09 0.0782 3788.78
2.78E+09 0.0783 3786.9
2.79E+09 0.0773 3785.11
2.80E+09 0.0772 3783.74
2.81E+09 0.0759 3782.14
2.81E+09 0.0758 3780.47
2.82E+09 0.0768 3778.8
2.83E+09 0.0770 3776.95
2.84E+09 0.0755 3775.14
2.86E+09 0.0758 3773.31
2.87E+09 0.0754 3771.25
2.88E+09 0.0759 3769.08
2.89E+09 0.0752 3767.01
2.90E+09 0.0747 3765.04
2.91E+09 0.0743 3763.2
2.93E+09 0.0741 3761.05
2.94E+09 0.0738 3759.23
2.95E+09 0.0733 3757.31
2.96E+09 0.0736 3755.11
2.97E+09 0.0720 3752.96
2.99E+09 0.0729 3750.91
3.00E+09 0.0725 3749.1
3.01E+09 0.0712 3747.5
3.02E+09 0.0713 3745.79
3.03E+09 0.0714 3744.11
3.04E+09 0.0712 3742.28
3.05E+09 0.0704 3740.3
3.06E+09 0.0711 3738.41
3.07E+09 0.0703 3736.3
3.08E+09 0.0695 3734.51
3.10E+09 0.0695 3732.74
3.11E+09 0.0693 3731.02
3.12E+09 0.0688 3728.96
3.13E+09 0.0695 3727.05
3.14E+09 0.0690 3725.12
3.16E+09 0.0685 3722.98
3.17E+09 0.0681 3720.96
3.18E+09 0.0680 3719.17
3.19E+09 0.0677 3717.21
3.20E+09 0.0670 3715.49
3.22E+09 0.0663 3713.65
3.23E+09 0.0669 3711.97
3.24E+09 0.0661 3710.1
3.25E+09 0.0653 3708.4
3.26E+09 0.0656 3706.48
3.28E+09 0.0654 3704.64
3.29E+09 0.0649 3702.85
3.30E+09 0.0648 3700.88
3.31E+09 0.0647 3699.02
3.32E+09 0.0642 3697.17
3.34E+09 0.0636 3695.16
3.35E+09 0.0635 3693.31
3.36E+09 0.0627 3691.61
3.37E+09 0.0627 3690.17
3.38E+09 0.0630 3688.52
3.40E+09 0.0629 3686.65
3.41E+09 0.0628 3684.98
3.42E+09 0.0615 3683.33
3.43E+09 0.0616 3681.64
3.44E+09 0.0623 3679.88
3.46E+09 0.0617 3678.04
3.47E+09 0.0611 3676.22
3.48E+09 0.0610 3674.49
3.49E+09 0.0608 3672.73
3.51E+09 0.0600 3670.99
3.52E+09 0.0600 3669.05
3.54E+09 0.0596 3667
3.55E+09 0.0595 3665.19
3.56E+09 0.0596 3663.22
3.58E+09 0.0590 3661.24
3.59E+09 0.0587 3659.67
3.60E+09 0.0589 3657.91
3.61E+09 0.0588 3656.03
3.63E+09 0.0587 3654.09
3.64E+09 0.0580 3652.43
3.65E+09 0.0581 3650.71
3.67E+09 0.0569 3648.65
3.68E+09 0.0568 3646.92
3.70E+09 0.0565 3645.03
3.71E+09 0.0563 3643.5
3.72E+09 0.0562 3641.6
3.73E+09 0.0561 3640.11
3.75E+09 0.0564 3638.45
3.76E+09 0.0558 3636.61
3.78E+09 0.0552 3634.9
3.79E+09 0.0550 3633.21
3.80E+09 0.0553 3631.38
3.82E+09 0.0545 3629.67
3.83E+09 0.0543 3627.92
3.84E+09 0.0544 3626.08
3.86E+09 0.0540 3624.17
3.87E+09 0.0535 3622.45
3.89E+09 0.0534 3620.74
3.90E+09 0.0534 3618.87
3.92E+09 0.0531 3617.11
3.93E+09 0.0524 3615.34
3.95E+09 0.0526 3613.47
3.96E+09 0.0520 3611.71
3.98E+09 0.0519 3609.98
3.99E+09 0.0517 3608.62
4.00E+09 0.0521 3606.97
4.02E+09 0.0512 3605.14
4.03E+09 0.0516 3603.43
4.04E+09 0.0513 3601.73
4.06E+09 0.0508 3599.95
4.07E+09 0.0509 3598.42
4.09E+09 0.0506 3596.82
4.10E+09 0.0507 3594.98
4.12E+09 0.0500 3593.23
4.13E+09 0.0500 3591.69
4.14E+09 0.0495 3590.12
4.16E+09 0.0497 3588.41
4.17E+09 0.0490 3586.8
4.18E+09 0.0486 3585.59
4.20E+09 0.0488 3584.13
4.21E+09 0.0482 3582.72
4.22E+09 0.0482 3581.3
4.23E+09 0.0481 3579.9
4.25E+09 0.0474 3578.25
4.27E+09 0.0477 3576.47
4.28E+09 0.0478 3574.81
4.30E+09 0.0469 3573.01
4.31E+09 0.0468 3571.14
4.33E+09 0.0468 3569.35
4.35E+09 0.0458 3567.6
4.36E+09 0.0459 3566.07
4.38E+09 0.0457 3564.43
4.39E+09 0.0464 3562.87
4.41E+09 0.0450 3561.02
4.43E+09 0.0451 3559.29
4.44E+09 0.0447 3557.72
4.46E+09 0.0451 3556.04
4.47E+09 0.0447 3554.32
4.49E+09 0.0446 3552.55
4.51E+09 0.0443 3550.68
4.52E+09 0.0434 3549.07
4.54E+09 0.0434 3547.38
4.56E+09 0.0434 3545.8
4.57E+09 0.0434 3544.27
4.59E+09 0.0430 3542.55
4.61E+09 0.0431 3540.93
4.62E+09 0.0425 3539.37
4.64E+09 0.0421 3537.71
4.66E+09 0.0420 3535.97
4.67E+09 0.0421 3534.23
4.69E+09 0.0421 3532.48
4.71E+09 0.0416 3530.81
4.73E+09 0.0412 3529.06
4.75E+09 0.0414 3527.23
4.76E+09 0.0410 3525.59
4.78E+09 0.0409 3523.96
4.80E+09 0.0409 3522.39
4.81E+09 0.0399 3520.94
4.83E+09 0.0402 3519.37
4.85E+09 0.0393 3517.78
4.86E+09 0.0396 3516.27
4.88E+09 0.0391 3514.52
4.90E+09 0.0389 3512.72
4.92E+09 0.0386 3511.13
4.94E+09 0.0389 3509.55
4.96E+09 0.0384 3507.93
4.97E+09 0.0386 3506.26
4.99E+09 0.0380 3504.64
