0.00E+00 -0.3091 4114.24
3.24E+07 0.1960 4106.58
4.38E+07 0.2275 4099.01
6.38E+07 0.2186 4085.52
7.83E+07 0.2189 4075.8
1.15E+08 0.1957 4053.47
1.46E+08 0.2204 4032.79
1.95E+08 0.2147 4000.74
2.28E+08 0.2039 3979.42
2.41E+08 0.1990 3971.39
2.56E+08 0.1931 3962.36
2.72E+08 0.1903 3952.94
2.89E+08 0.1857 3943
3.01E+08 0.1805 3936.45
3.16E+08 0.1781 3928.04
3.29E+08 0.1753 3921.27
3.43E+08 0.1715 3913.96
3.54E+08 0.1699 3907.82
3.68E+08 0.1652 3900.96
3.80E+08 0.1621 3894.62
3.92E+08 0.1602 3889.04
4.04E+08 0.1580 3883.08
4.14E+08 0.1561 3878.1
4.25E+08 0.1524 3872.93
4.36E+08 0.1510 3867.91
4.47E+08 0.1485 3863.08
4.59E+08 0.1449 3857.75
4.69E+08 0.1426 3853.18
4.80E+08 0.1393 3848.53
4.89E+08 0.1383 3844.58
5.00E+08 0.1353 3840.28
5.10E+08 0.1341 3836.22
5.21E+08 0.1303 3831.66
5.30E+08 0.1289 3827.97
5.41E+08 0.1268 3823.56
5.53E+08 0.1244 3819.29
5.65E+08 0.1226 3814.65
5.76E+08 0.1200 3810.45
5.89E+08 0.1164 3805.96
6.01E+08 0.1149 3801.67
6.12E+08 0.1134 3797.71
6.25E+08 0.1112 3793.24
6.38E+08 0.1088 3789
6.50E+08 0.1067 3784.9
6.64E+08 0.1042 3780.48
6.77E+08 0.1021 3776.46
6.89E+08 0.0999 3772.57
7.01E+08 0.0984 3769.17
7.11E+08 0.0971 3766.04
7.22E+08 0.0948 3762.92
7.33E+08 0.0938 3759.54
7.43E+08 0.0932 3756.68
7.54E+08 0.0925 3753.67
7.64E+08 0.0924 3750.95
7.74E+08 0.0911 3748.06
7.83E+08 0.0908 3745.47
7.93E+08 0.0899 3742.8
8.04E+08 0.0896 3739.9
8.14E+08 0.0895 3737.15
8.21E+08 0.0882 3735.28
8.30E+08 0.0876 3732.77
8.39E+08 0.0884 3730.36
8.47E+08 0.0879 3728.22
8.55E+08 0.0873 3725.91
8.63E+08 0.0876 3723.95
8.73E+08 0.0872 3721.19
8.82E+08 0.0872 3718.77
8.91E+08 0.0869 3716.44
8.98E+08 0.0859 3714.55
9.09E+08 0.0856 3711.74
9.20E+08 0.0862 3708.91
9.29E+08 0.0857 3706.37
9.37E+08 0.0855 3704.47
9.47E+08 0.0862 3701.88
9.57E+08 0.0846 3699.22
9.66E+08 0.0838 3696.85
9.75E+08 0.0846 3694.39
9.86E+08 0.0842 3691.57
9.95E+08 0.0840 3689.39
1.00E+09 0.0836 3686.9
1.01E+09 0.0835 3684.46
1.02E+09 0.0830 3681.76
1.04E+09 0.0822 3678.79
1.05E+09 0.0822 3675.88
1.06E+09 0.0819 3672.9
1.07E+09 0.0810 3669.85
1.08E+09 0.0808 3667.44
1.09E+09 0.0803 3664.92
1.11E+09 0.0793 3661.86
1.12E+09 0.0797 3659.38
1.13E+09 0.0798 3656.82
1.14E+09 0.0789 3653.6
1.15E+09 0.0784 3650.81
1.16E+09 0.0779 3648.28
1.17E+09 0.0779 3645.4
1.19E+09 0.0777 3642.25
1.20E+09 0.0771 3639.77
1.21E+09 0.0766 3637.04
1.22E+09 0.0754 3634.16
1.23E+09 0.0763 3631.09
1.25E+09 0.0762 3628.23
1.26E+09 0.0749 3625.16
1.27E+09 0.0751 3622.36
1.28E+09 0.0743 3619.58
1.29E+09 0.0747 3617.32
1.31E+09 0.0744 3614.74
1.32E+09 0.0741 3611.77
1.33E+09 0.0731 3609.09
1.34E+09 0.0735 3606.48
1.36E+09 0.0721 3603.45
1.37E+09 0.0715 3600.63
1.38E+09 0.0716 3598.16
1.39E+09 0.0709 3595.04
1.41E+09 0.0707 3592.17
1.42E+09 0.0708 3589.31
1.43E+09 0.0702 3586.6
1.45E+09 0.0699 3583.94
1.46E+09 0.0684 3580.97
1.47E+09 0.0691 3578.42
1.49E+09 0.0690 3575.63
1.50E+09 0.0681 3572.95
1.51E+09 0.0684 3570.31
1.52E+09 0.0674 3567.42
1.54E+09 0.0673 3564.59
1.55E+09 0.0666 3561.7
1.57E+09 0.0664 3558.97
1.58E+09 0.0663 3556.58
1.59E+09 0.0655 3553.72
1.61E+09 0.0655 3550.91
1.62E+09 0.0650 3548.11
1.63E+09 0.0647 3545.4
1.65E+09 0.0644 3542.96
1.66E+09 0.0643 3540.14
1.68E+09 0.0635 3537.07
1.69E+09 0.0634 3534.2
1.71E+09 0.0625 3531.11
1.72E+09 0.0620 3528.01
1.74E+09 0.0623 3525.44
1.75E+09 0.0618 3522.51
1.77E+09 0.0613 3519.86
1.78E+09 0.0606 3517.17
1.80E+09 0.0607 3514.62
1.81E+09 0.0603 3511.77
1.83E+09 0.0588 3508.72
1.84E+09 0.0603 3506.26
1.86E+09 0.0594 3503.3
1.87E+09 0.0589 3500.71
1.89E+09 0.0581 3497.9
1.90E+09 0.0576 3495.11
1.92E+09 0.0575 3492.28
1.93E+09 0.0575 3489.64
1.95E+09 0.0570 3487.12
1.96E+09 0.0566 3484.34
1.98E+09 0.0565 3481.87
1.99E+09 0.0554 3479.18
2.01E+09 0.0555 3476.44
2.02E+09 0.0556 3474.22
2.04E+09 0.0548 3471.44
2.05E+09 0.0551 3468.98
2.07E+09 0.0541 3466.22
2.09E+09 0.0537 3463.72
2.10E+09 0.0537 3460.84
2.12E+09 0.0531 3457.67
2.14E+09 0.0531 3454.96
2.16E+09 0.0531 3452.37
2.17E+09 0.0524 3449.73
2.19E+09 0.0517 3447.22
2.21E+09 0.0516 3444.55
2.22E+09 0.0515 3441.86
2.24E+09 0.0514 3439.31
2.26E+09 0.0511 3436.68
2.27E+09 0.0500 3434.06
2.29E+09 0.0511 3431.68
2.30E+09 0.0496 3429.07
2.32E+09 0.0495 3426.52
2.34E+09 0.0489 3423.75
2.36E+09 0.0491 3421.28
2.37E+09 0.0488 3418.86
2.39E+09 0.0479 3416.08
2.41E+09 0.0477 3413.17
2.43E+09 0.0473 3410.65
2.44E+09 0.0471 3408.43
2.46E+09 0.0464 3405.79
2.48E+09 0.0469 3403.11
2.50E+09 0.0463 3400.55
2.52E+09 0.0457 3397.91
2.54E+09 0.0455 3395.47
2.55E+09 0.0454 3392.94
2.57E+09 0.0453 3390.42
2.59E+09 0.0444 3387.65
2.61E+09 0.0443 3384.94
2.63E+09 0.0436 3382.31
2.65E+09 0.0432 3379.56
2.67E+09 0.0432 3376.75
2.69E+09 0.0432 3374.42
2.71E+09 0.0430 3371.97
2.73E+09 0.0427 3369.26
2.75E+09 0.0420 3366.66
2.77E+09 0.0417 3364.13
2.79E+09 0.0414 3361.47
2.81E+09 0.0415 3359.08
2.83E+09 0.0415 3356.61
2.85E+09 0.0411 3353.82
2.87E+09 0.0402 3351.31
2.89E+09 0.0403 3349
2.91E+09 0.0402 3346.49
2.93E+09 0.0397 3343.99
2.95E+09 0.0396 3341.54
2.97E+09 0.0389 3338.98
3.00E+09 0.0390 3336.26
3.02E+09 0.0389 3333.69
3.04E+09 0.0383 3331.33
3.06E+09 0.0376 3328.81
3.08E+09 0.0374 3326.32
3.10E+09 0.0371 3323.82
3.12E+09 0.0370 3321.6
3.15E+09 0.0363 3319.16
3.17E+09 0.0362 3316.49
3.19E+09 0.0367 3314.01
3.21E+09 0.0360 3311.41
3.24E+09 0.0359 3308.94
3.26E+09 0.0360 3306.61
3.28E+09 0.0355 3304.23
3.30E+09 0.0347 3301.9
3.32E+09 0.0345 3299.66
3.35E+09 0.0352 3297.36
3.37E+09 0.0343 3294.87
3.39E+09 0.0344 3292.74
3.41E+09 0.0342 3290.44
3.44E+09 0.0340 3287.97
3.46E+09 0.0335 3285.35
3.49E+09 0.0329 3282.82
3.51E+09 0.0331 3280.56
3.53E+09 0.0327 3278.17
3.56E+09 0.0322 3275.61
3.58E+09 0.0320 3273.21
3.61E+09 0.0314 3270.76
3.63E+09 0.0314 3268.41
3.66E+09 0.0310 3266.06
3.68E+09 0.0310 3263.96
3.70E+09 0.0307 3261.73
3.73E+09 0.0312 3259.45
3.75E+09 0.0306 3257.17
3.78E+09 0.0302 3254.7
3.80E+09 0.0300 3252.47
3.83E+09 0.0302 3250.06
3.86E+09 0.0295 3247.37
3.88E+09 0.0290 3245.04
3.91E+09 0.0289 3242.83
3.94E+09 0.0288 3240.36
3.96E+09 0.0285 3238.12
3.99E+09 0.0286 3235.71
4.01E+09 0.0284 3233.47
4.04E+09 0.0282 3231.37
4.07E+09 0.0278 3229.14
4.09E+09 0.0274 3226.94
4.12E+09 0.0274 3224.86
4.14E+09 0.0272 3222.78
4.17E+09 0.0269 3220.77
4.19E+09 0.0265 3218.82
4.21E+09 0.0262 3216.86
4.24E+09 0.0261 3214.66
4.27E+09 0.0261 3212.39
4.30E+09 0.0252 3210.32
4.33E+09 0.0255 3208.11
4.35E+09 0.0252 3205.97
4.38E+09 0.0252 3203.77
4.41E+09 0.0245 3201.45
4.44E+09 0.0246 3199.14
4.47E+09 0.0248 3196.91
4.50E+09 0.0243 3194.88
4.53E+09 0.0242 3192.66
4.56E+09 0.0242 3190.62
4.59E+09 0.0239 3188.41
4.62E+09 0.0239 3186.27
4.65E+09 0.0235 3184.21
4.67E+09 0.0237 3182.46
4.70E+09 0.0229 3180.58
4.72E+09 0.0231 3178.9
4.75E+09 0.0226 3176.94
4.78E+09 0.0227 3174.72
4.81E+09 0.0229 3172.49
4.84E+09 0.0226 3170.34
4.87E+09 0.0225 3168.46
4.90E+09 0.0222 3166.48
4.93E+09 0.0221 3164.43
4.96E+09 0.0215 3162.27
5.00E+09 0.0216 3160.16
