0.00E+00 -0.3058 4067.59
3.18E+07 0.1839 4062.14
3.86E+07 0.2265 4058.43
4.67E+07 0.2308 4053.6
5.34E+07 0.2264 4049.7
6.51E+07 0.2174 4043.08
8.97E+07 0.2070 4029.79
1.15E+08 0.2167 4016.38
1.39E+08 0.2168 4003.2
1.66E+08 0.2147 3988.07
1.85E+08 0.2067 3978.16
1.97E+08 0.2021 3971.77
2.09E+08 0.1977 3965.48
2.21E+08 0.1927 3959.55
2.32E+08 0.1921 3953.85
2.42E+08 0.1866 3949.2
2.52E+08 0.1867 3944.57
2.61E+08 0.1805 3940.26
2.69E+08 0.1806 3936.4
2.80E+08 0.1782 3931.34
2.89E+08 0.1747 3927.08
2.98E+08 0.1720 3923.27
3.07E+08 0.1708 3919.38
3.16E+08 0.1668 3915.5
3.23E+08 0.1669 3912.29
3.32E+08 0.1635 3908.66
3.40E+08 0.1619 3905.02
3.49E+08 0.1583 3901.35
3.58E+08 0.1564 3897.9
3.66E+08 0.1545 3894.59
3.74E+08 0.1519 3891.53
3.82E+08 0.1500 3888.57
3.89E+08 0.1481 3885.72
3.98E+08 0.1450 3882.45
4.05E+08 0.1441 3879.85
4.13E+08 0.1419 3876.88
4.20E+08 0.1398 3874.16
4.28E+08 0.1390 3871.46
4.36E+08 0.1361 3868.56
4.43E+08 0.1339 3866.07
4.51E+08 0.1327 3863.35
4.61E+08 0.1300 3860.11
4.70E+08 0.1284 3857.13
4.79E+08 0.1273 3854.14
4.88E+08 0.1252 3851.04
4.97E+08 0.1233 3848.35
5.05E+08 0.1215 3845.65
5.14E+08 0.1200 3842.82
5.24E+08 0.1175 3840.03
5.32E+08 0.1153 3837.59
5.39E+08 0.1151 3835.34
5.46E+08 0.1145 3833.46
5.52E+08 0.1124 3831.63
5.58E+08 0.1117 3829.89
5.64E+08 0.1116 3828.05
5.71E+08 0.1112 3826.2
5.77E+08 0.1104 3824.34
5.84E+08 0.1101 3822.42
5.91E+08 0.1097 3820.61
5.99E+08 0.1094 3818.4
6.07E+08 0.1086 3816.12
6.15E+08 0.1085 3813.84
6.22E+08 0.1071 3811.8
6.29E+08 0.1073 3809.94
6.37E+08 0.1064 3807.85
6.43E+08 0.1062 3806.22
6.48E+08 0.1058 3804.78
6.54E+08 0.1052 3803.03
6.61E+08 0.1054 3801.21
6.68E+08 0.1047 3799.4
6.74E+08 0.1041 3797.82
6.79E+08 0.1032 3796.35
6.85E+08 0.1038 3794.66
6.93E+08 0.1033 3792.6
7.01E+08 0.1028 3790.42
7.10E+08 0.1027 3788.15
7.17E+08 0.1030 3786.19
7.25E+08 0.1020 3784.13
7.33E+08 0.1021 3781.99
7.42E+08 0.1019 3779.85
7.50E+08 0.1010 3777.72
7.58E+08 0.1009 3775.66
7.65E+08 0.1006 3773.87
7.73E+08 0.1003 3771.81
7.80E+08 0.1001 3770.03
7.86E+08 0.0997 3768.3
7.92E+08 0.0992 3766.73
7.98E+08 0.0993 3765.21
8.05E+08 0.0993 3763.54
8.10E+08 0.0986 3762.19
8.17E+08 0.0973 3760.51
8.24E+08 0.0978 3758.83
8.31E+08 0.0970 3757.09
8.38E+08 0.0974 3755.24
8.47E+08 0.0971 3753.11
8.55E+08 0.0970 3751.05
8.64E+08 0.0962 3748.82
8.72E+08 0.0959 3746.88
8.79E+08 0.0960 3745.2
8.87E+08 0.0954 3743.05
8.96E+08 0.0966 3740.83
9.06E+08 0.0954 3738.34
9.14E+08 0.0951 3736.52
9.23E+08 0.0951 3734.42
9.30E+08 0.0948 3732.57
9.38E+08 0.0944 3730.75
9.45E+08 0.0937 3729.07
9.52E+08 0.0938 3727.36
9.59E+08 0.0930 3725.65
9.65E+08 0.0924 3724.2
9.72E+08 0.0925 3722.6
9.79E+08 0.0917 3720.85
9.86E+08 0.0922 3719.15
9.94E+08 0.0922 3717.36
1.00E+09 0.0913 3715.31
1.01E+09 0.0915 3713.36
1.02E+09 0.0918 3711.47
1.03E+09 0.0912 3709.3
1.04E+09 0.0915 3707.32
1.05E+09 0.0901 3705.26
1.05E+09 0.0903 3703.57
1.06E+09 0.0895 3701.46
1.07E+09 0.0902 3699.33
1.08E+09 0.0899 3697.31
1.09E+09 0.0898 3695.11
1.10E+09 0.0884 3693.42
1.10E+09 0.0886 3692.01
1.11E+09 0.0886 3690.29
1.12E+09 0.0879 3688.61
1.13E+09 0.0882 3686.73
1.13E+09 0.0876 3684.75
1.14E+09 0.0879 3682.87
1.15E+09 0.0877 3680.88
1.16E+09 0.0871 3679.02
1.17E+09 0.0869 3676.87
1.18E+09 0.0864 3674.72
1.19E+09 0.0861 3672.62
1.20E+09 0.0856 3670.72
1.21E+09 0.0860 3668.88
1.22E+09 0.0863 3666.81
1.22E+09 0.0853 3664.82
1.23E+09 0.0853 3662.84
1.24E+09 0.0853 3660.65
1.25E+09 0.0850 3658.43
1.26E+09 0.0839 3656.36
1.27E+09 0.0843 3654.41
1.28E+09 0.0839 3652.35
1.29E+09 0.0843 3650.48
1.30E+09 0.0835 3648.3
1.31E+09 0.0832 3646.4
1.32E+09 0.0835 3644.25
1.33E+09 0.0828 3642.09
1.34E+09 0.0825 3640.01
1.35E+09 0.0824 3637.74
1.36E+09 0.0819 3635.72
1.37E+09 0.0821 3633.94
1.38E+09 0.0812 3632.22
1.38E+09 0.0807 3630.51
1.39E+09 0.0811 3628.56
1.40E+09 0.0794 3626.63
1.41E+09 0.0795 3624.62
1.42E+09 0.0796 3622.92
1.43E+09 0.0793 3620.8
1.44E+09 0.0786 3618.89
1.45E+09 0.0783 3617.13
1.46E+09 0.0783 3615.31
1.47E+09 0.0785 3613.76
1.47E+09 0.0778 3612.26
1.48E+09 0.0774 3610.68
1.49E+09 0.0773 3609.15
1.50E+09 0.0772 3607.5
1.51E+09 0.0768 3605.94
1.51E+09 0.0767 3604.32
1.52E+09 0.0771 3602.48
1.53E+09 0.0761 3600.49
1.54E+09 0.0758 3598.7
1.55E+09 0.0761 3596.86
1.56E+09 0.0756 3595.06
1.57E+09 0.0753 3593.1
1.58E+09 0.0747 3591.19
1.59E+09 0.0746 3589.09
1.60E+09 0.0745 3587.23
1.61E+09 0.0742 3585.31
1.62E+09 0.0749 3583.52
1.63E+09 0.0742 3581.6
1.64E+09 0.0740 3579.57
1.65E+09 0.0739 3577.84
1.66E+09 0.0733 3575.78
1.67E+09 0.0730 3573.85
1.68E+09 0.0732 3571.95
1.69E+09 0.0733 3569.9
1.70E+09 0.0726 3567.97
1.71E+09 0.0724 3565.94
1.73E+09 0.0718 3563.8
1.74E+09 0.0715 3562.16
1.75E+09 0.0716 3560.24
1.76E+09 0.0709 3558.45
1.77E+09 0.0714 3556.71
1.78E+09 0.0709 3554.73
1.79E+09 0.0709 3552.89
1.80E+09 0.0701 3550.78
1.81E+09 0.0696 3548.89
1.82E+09 0.0699 3547.1
1.83E+09 0.0692 3545.44
1.84E+09 0.0693 3543.68
1.85E+09 0.0683 3541.85
1.86E+09 0.0682 3539.94
1.87E+09 0.0682 3537.96
1.88E+09 0.0681 3536
1.89E+09 0.0678 3534.36
1.90E+09 0.0676 3532.31
1.91E+09 0.0672 3530.16
1.93E+09 0.0665 3528.02
1.94E+09 0.0665 3525.97
1.95E+09 0.0669 3523.76
1.96E+09 0.0663 3521.75
1.97E+09 0.0656 3520
1.98E+09 0.0655 3518.4
1.99E+09 0.0652 3516.83
2.00E+09 0.0647 3515.25
2.01E+09 0.0646 3513.57
2.02E+09 0.0641 3511.62
2.04E+09 0.0641 3509.72
2.05E+09 0.0640 3507.89
2.06E+09 0.0645 3506.08
2.07E+09 0.0634 3504.05
2.08E+09 0.0638 3502.2
2.09E+09 0.0635 3500.4
2.11E+09 0.0630 3498.25
2.12E+09 0.0624 3496.3
2.13E+09 0.0622 3494.44
2.14E+09 0.0625 3492.6
2.15E+09 0.0621 3490.71
2.16E+09 0.0619 3489.05
2.17E+09 0.0618 3487.37
2.18E+09 0.0618 3485.81
2.19E+09 0.0613 3484.08
2.21E+09 0.0614 3482.35
2.22E+09 0.0605 3480.65
2.23E+09 0.0606 3478.71
2.24E+09 0.0602 3476.79
2.25E+09 0.0598 3474.88
2.27E+09 0.0599 3473.02
2.28E+09 0.0594 3470.78
2.29E+09 0.0589 3468.98
2.30E+09 0.0590 3467.36
2.31E+09 0.0583 3465.63
2.32E+09 0.0588 3464.24
2.33E+09 0.0584 3462.48
2.35E+09 0.0579 3460.75
2.36E+09 0.0579 3459.17
2.37E+09 0.0586 3457.5
2.38E+09 0.0571 3455.79
2.39E+09 0.0576 3454.17
2.40E+09 0.0571 3452.42
2.41E+09 0.0567 3450.81
2.43E+09 0.0565 3448.8
2.44E+09 0.0562 3446.9
2.45E+09 0.0562 3445.24
2.46E+09 0.0563 3443.72
2.47E+09 0.0561 3442.09
2.49E+09 0.0556 3440.3
2.50E+09 0.0556 3438.67
2.51E+09 0.0550 3436.99
2.52E+09 0.0550 3435.36
2.53E+09 0.0543 3433.79
2.54E+09 0.0553 3432.38
2.55E+09 0.0550 3430.7
2.57E+09 0.0548 3428.92
2.58E+09 0.0543 3427.2
2.59E+09 0.0537 3425.5
2.61E+09 0.0539 3423.47
2.62E+09 0.0534 3421.67
2.63E+09 0.0533 3419.62
2.65E+09 0.0531 3417.52
2.66E+09 0.0520 3415.44
2.68E+09 0.0522 3413.58
2.69E+09 0.0515 3411.78
2.71E+09 0.0517 3409.87
2.72E+09 0.0518 3408.14
2.73E+09 0.0514 3406.26
2.75E+09 0.0505 3404.44
2.76E+09 0.0513 3402.71
2.77E+09 0.0503 3401.14
2.79E+09 0.0505 3399.49
2.80E+09 0.0505 3397.83
2.81E+09 0.0499 3395.94
2.83E+09 0.0500 3393.96
2.84E+09 0.0498 3392.35
2.85E+09 0.0497 3390.8
2.87E+09 0.0490 3389.17
2.88E+09 0.0487 3387.67
2.89E+09 0.0486 3386.18
2.90E+09 0.0484 3384.47
2.92E+09 0.0486 3382.66
2.93E+09 0.0487 3381
2.95E+09 0.0478 3379.05
2.96E+09 0.0479 3377.25
2.97E+09 0.0471 3375.67
2.99E+09 0.0475 3374.2
3.00E+09 0.0477 3372.54
3.02E+09 0.0471 3370.59
3.03E+09 0.0471 3368.92
3.04E+09 0.0471 3367.33
3.06E+09 0.0466 3365.48
3.07E+09 0.0466 3363.86
3.09E+09 0.0459 3362.18
3.10E+09 0.0457 3360.54
3.11E+09 0.0455 3359
3.13E+09 0.0458 3357.4
3.14E+09 0.0454 3355.56
3.16E+09 0.0453 3353.94
3.17E+09 0.0447 3352.02
3.19E+09 0.0444 3350.08
3.21E+09 0.0446 3348.16
3.22E+09 0.0438 3346.28
3.24E+09 0.0437 3344.57
3.25E+09 0.0434 3342.98
3.27E+09 0.0434 3341.43
3.28E+09 0.0429 3339.82
3.30E+09 0.0424 3338.08
3.31E+09 0.0427 3336.46
3.33E+09 0.0423 3334.84
3.34E+09 0.0425 3333.24
3.36E+09 0.0422 3331.42
3.37E+09 0.0418 3329.56
3.39E+09 0.0416 3327.92
3.40E+09 0.0416 3326.41
3.42E+09 0.0417 3324.93
3.43E+09 0.0417 3323.19
3.45E+09 0.0412 3321.59
3.46E+09 0.0409 3320.09
3.48E+09 0.0409 3318.6
3.49E+09 0.0402 3317.11
3.51E+09 0.0400 3315.53
3.52E+09 0.0403 3313.82
3.54E+09 0.0401 3311.84
3.56E+09 0.0401 3310.01
3.58E+09 0.0398 3308.14
3.60E+09 0.0398 3306.4
3.61E+09 0.0396 3304.79
3.63E+09 0.0391 3303
3.65E+09 0.0395 3301.28
3.67E+09 0.0389 3299.4
3.68E+09 0.0387 3297.5
3.70E+09 0.0383 3295.83
3.72E+09 0.0384 3294.1
3.74E+09 0.0383 3292.28
3.76E+09 0.0377 3290.4
3.78E+09 0.0374 3288.58
3.79E+09 0.0377 3286.83
3.81E+09 0.0372 3284.9
3.83E+09 0.0370 3283.09
3.85E+09 0.0369 3281.3
3.87E+09 0.0371 3279.47
3.89E+09 0.0364 3277.54
3.91E+09 0.0364 3275.61
3.93E+09 0.0363 3273.72
3.95E+09 0.0364 3271.96
3.97E+09 0.0357 3270.11
3.99E+09 0.0355 3268.34
4.01E+09 0.0351 3266.35
4.03E+09 0.0350 3264.78
4.05E+09 0.0348 3263.13
4.07E+09 0.0345 3261.22
4.09E+09 0.0344 3259.71
4.11E+09 0.0341 3257.99
4.13E+09 0.0342 3256.12
4.15E+09 0.0339 3254.23
4.17E+09 0.0335 3252.47
4.19E+09 0.0334 3250.75
4.21E+09 0.0331 3249.06
4.23E+09 0.0326 3247.52
4.24E+09 0.0327 3246.05
4.26E+09 0.0330 3244.63
4.28E+09 0.0325 3243.26
4.29E+09 0.0322 3241.85
4.31E+09 0.0323 3240.47
4.33E+09 0.0323 3239.01
4.35E+09 0.0322 3237.4
4.37E+09 0.0322 3235.84
4.39E+09 0.0317 3234.25
4.41E+09 0.0316 3232.64
4.43E+09 0.0312 3230.89
4.45E+09 0.0313 3229.34
4.47E+09 0.0311 3227.77
4.49E+09 0.0309 3226.12
4.51E+09 0.0305 3224.63
4.53E+09 0.0305 3223.14
4.55E+09 0.0301 3221.56
4.56E+09 0.0302 3220.13
4.59E+09 0.0306 3218.54
4.61E+09 0.0303 3216.88
4.63E+09 0.0301 3214.96
4.65E+09 0.0299 3213.28
4.67E+09 0.0292 3211.66
4.70E+09 0.0294 3210.05
4.72E+09 0.0294 3208.33
4.74E+09 0.0290 3206.57
4.76E+09 0.0291 3204.9
4.79E+09 0.0284 3203.01
4.81E+09 0.0284 3201.21
4.84E+09 0.0283 3199.62
4.86E+09 0.0288 3198.06
4.88E+09 0.0282 3196.37
4.90E+09 0.0280 3194.68
4.93E+09 0.0282 3193.11
4.95E+09 0.0281 3191.53
4.97E+09 0.0277 3190.14
4.99E+09 0.0274 3188.67
