0.00E+00 -0.3616 4207.34
3.84E+07 0.1909 4197.89
4.57E+07 0.2311 4193.83
5.30E+07 0.2565 4189.1
6.52E+07 0.2495 4180.77
8.09E+07 0.2350 4171.04
1.00E+08 0.2261 4159.3
1.25E+08 0.2083 4145.34
1.48E+08 0.2008 4132.9
1.69E+08 0.1972 4121.9
1.85E+08 0.2241 4112.54
2.03E+08 0.2333 4101.83
2.18E+08 0.2290 4092.53
2.35E+08 0.2249 4082.62
2.49E+08 0.2187 4074.38
2.63E+08 0.2101 4066.55
2.74E+08 0.2050 4060.82
2.85E+08 0.2025 4054.91
2.95E+08 0.1994 4049.15
3.05E+08 0.1979 4044.3
3.17E+08 0.1947 4037.97
3.30E+08 0.1888 4031.2
3.41E+08 0.1830 4025.97
3.49E+08 0.1799 4022.38
3.60E+08 0.1787 4017.02
3.72E+08 0.1747 4011.47
3.81E+08 0.1717 4007.24
3.92E+08 0.1678 4002.59
4.01E+08 0.1643 3998.62
4.10E+08 0.1609 3994.49
4.20E+08 0.1585 3990.39
4.29E+08 0.1546 3986.92
4.37E+08 0.1523 3983.39
4.46E+08 0.1496 3980.05
4.54E+08 0.1467 3976.76
4.64E+08 0.1449 3973.05
4.73E+08 0.1414 3969.46
4.82E+08 0.1396 3966.26
4.91E+08 0.1363 3963.08
5.00E+08 0.1337 3959.7
5.10E+08 0.1318 3956.2
5.20E+08 0.1291 3952.81
5.31E+08 0.1259 3949.14
5.41E+08 0.1239 3945.97
5.51E+08 0.1207 3942.74
5.62E+08 0.1184 3939.15
5.74E+08 0.1153 3935.68
5.84E+08 0.1129 3932.48
5.96E+08 0.1099 3929.22
6.07E+08 0.1076 3925.9
6.18E+08 0.1061 3922.9
6.30E+08 0.1024 3919.52
6.43E+08 0.0999 3916.2
6.56E+08 0.0971 3912.9
6.67E+08 0.0938 3909.95
6.79E+08 0.0921 3907.06
6.91E+08 0.0904 3904.17
7.01E+08 0.0876 3901.8
7.10E+08 0.0856 3899.82
7.18E+08 0.0847 3898.1
7.25E+08 0.0836 3896.51
7.34E+08 0.0823 3894.62
7.40E+08 0.0815 3893.23
7.47E+08 0.0803 3891.67
7.54E+08 0.0785 3890.22
7.61E+08 0.0781 3888.87
7.67E+08 0.0786 3887.62
7.76E+08 0.0783 3885.84
7.85E+08 0.0775 3884
7.93E+08 0.0773 3882.25
8.02E+08 0.0763 3880.54
8.12E+08 0.0759 3878.53
8.21E+08 0.0759 3876.62
8.30E+08 0.0747 3874.98
8.38E+08 0.0737 3873.4
8.47E+08 0.0732 3871.64
8.55E+08 0.0733 3870.07
8.63E+08 0.0725 3868.54
8.69E+08 0.0728 3867.3
8.77E+08 0.0718 3865.87
8.85E+08 0.0725 3864.34
8.94E+08 0.0718 3862.68
9.02E+08 0.0709 3861.21
9.08E+08 0.0713 3859.95
9.16E+08 0.0713 3858.47
9.22E+08 0.0715 3857.38
9.28E+08 0.0711 3856.38
9.35E+08 0.0715 3855.01
9.41E+08 0.0717 3853.79
9.47E+08 0.0722 3852.67
9.53E+08 0.0710 3851.64
9.58E+08 0.0724 3850.63
9.64E+08 0.0720 3849.42
9.71E+08 0.0718 3848.22
9.78E+08 0.0717 3846.94
9.85E+08 0.0711 3845.56
9.93E+08 0.0713 3844.13
1.00E+09 0.0722 3842.66
1.01E+09 0.0714 3841.4
1.01E+09 0.0722 3840.12
1.02E+09 0.0726 3838.78
1.03E+09 0.0724 3837.58
1.03E+09 0.0716 3836.38
1.04E+09 0.0731 3835.44
1.04E+09 0.0719 3834.22
1.05E+09 0.0728 3832.98
1.06E+09 0.0725 3831.67
1.07E+09 0.0739 3830.3
1.07E+09 0.0735 3828.99
1.08E+09 0.0744 3827.72
1.09E+09 0.0736 3826.31
1.09E+09 0.0726 3824.95
1.10E+09 0.0735 3823.73
1.11E+09 0.0729 3822.41
1.11E+09 0.0735 3821.17
1.12E+09 0.0734 3819.77
1.13E+09 0.0727 3818.36
1.13E+09 0.0730 3817.24
1.14E+09 0.0728 3815.96
1.15E+09 0.0746 3814.61
1.16E+09 0.0732 3813.03
1.16E+09 0.0734 3811.69
1.17E+09 0.0731 3810.33
1.18E+09 0.0733 3808.98
1.18E+09 0.0732 3807.53
1.19E+09 0.0729 3806.18
1.20E+09 0.0733 3804.82
1.21E+09 0.0733 3803.38
1.21E+09 0.0731 3801.81
1.22E+09 0.0734 3800.11
1.23E+09 0.0731 3798.62
1.24E+09 0.0724 3797.11
1.25E+09 0.0725 3795.53
1.25E+09 0.0723 3793.97
1.26E+09 0.0729 3792.54
1.27E+09 0.0715 3791.04
1.28E+09 0.0725 3789.49
1.29E+09 0.0716 3787.78
1.29E+09 0.0721 3786.32
1.30E+09 0.0716 3784.77
1.31E+09 0.0720 3783.02
1.32E+09 0.0713 3781.38
1.33E+09 0.0708 3779.77
1.34E+09 0.0708 3778.13
1.35E+09 0.0709 3776.34
1.36E+09 0.0714 3774.7
1.37E+09 0.0719 3772.76
1.38E+09 0.0720 3770.94
1.39E+09 0.0719 3769.11
1.40E+09 0.0708 3767.21
1.41E+09 0.0710 3765.38
1.42E+09 0.0711 3763.56
1.43E+09 0.0712 3761.72
1.44E+09 0.0706 3759.9
1.45E+09 0.0709 3757.82
1.46E+09 0.0713 3755.94
1.47E+09 0.0700 3754.46
1.47E+09 0.0701 3752.82
1.48E+09 0.0710 3750.93
1.49E+09 0.0712 3749.11
1.50E+09 0.0711 3747.35
1.51E+09 0.0704 3745.43
1.53E+09 0.0701 3743.3
1.54E+09 0.0700 3740.92
1.55E+09 0.0706 3738.78
1.56E+09 0.0697 3737.05
1.57E+09 0.0685 3735.5
1.58E+09 0.0690 3734.24
1.58E+09 0.0698 3732.64
1.60E+09 0.0689 3730.42
1.61E+09 0.0695 3728.54
1.62E+09 0.0687 3726.84
1.63E+09 0.0681 3724.79
1.64E+09 0.0686 3722.78
1.65E+09 0.0687 3720.64
1.66E+09 0.0681 3718.61
1.67E+09 0.0683 3716.43
1.68E+09 0.0676 3714.5
1.70E+09 0.0677 3712.36
1.71E+09 0.0676 3710.36
1.72E+09 0.0666 3708.18
1.73E+09 0.0669 3706.31
1.74E+09 0.0664 3704.39
1.75E+09 0.0659 3702.5
1.76E+09 0.0650 3700.8
1.77E+09 0.0648 3699.32
1.78E+09 0.0654 3697.97
1.79E+09 0.0644 3696.57
1.80E+09 0.0646 3695.08
1.81E+09 0.0636 3693.6
1.81E+09 0.0634 3692.36
1.82E+09 0.0624 3690.88
1.83E+09 0.0627 3689.63
1.84E+09 0.0618 3688.17
1.85E+09 0.0615 3686.74
1.86E+09 0.0615 3685.32
1.86E+09 0.0606 3684.14
1.87E+09 0.0606 3682.98
1.88E+09 0.0608 3681.46
1.89E+09 0.0600 3679.99
1.90E+09 0.0607 3678.67
1.91E+09 0.0596 3677.11
1.92E+09 0.0603 3675.65
1.93E+09 0.0593 3674.16
1.94E+09 0.0590 3672.62
1.95E+09 0.0588 3671.03
1.96E+09 0.0579 3669.35
1.97E+09 0.0591 3667.96
1.98E+09 0.0573 3666.43
1.99E+09 0.0576 3665.02
2.00E+09 0.0575 3663.56
2.01E+09 0.0570 3661.97
2.02E+09 0.0567 3660.37
2.03E+09 0.0570 3658.91
2.04E+09 0.0572 3657.34
2.05E+09 0.0564 3655.79
2.06E+09 0.0565 3654.09
2.07E+09 0.0562 3652.57
2.08E+09 0.0558 3650.96
2.09E+09 0.0552 3649.54
2.10E+09 0.0550 3648.05
2.11E+09 0.0554 3646.58
2.12E+09 0.0547 3644.97
2.13E+09 0.0546 3643.41
2.14E+09 0.0551 3641.72
2.16E+09 0.0540 3639.82
2.17E+09 0.0538 3638.24
2.18E+09 0.0541 3636.59
2.19E+09 0.0541 3634.7
2.21E+09 0.0541 3633.03
2.22E+09 0.0535 3631.25
2.23E+09 0.0538 3629.51
2.24E+09 0.0538 3627.78
2.26E+09 0.0537 3625.97
2.27E+09 0.0534 3624.06
2.28E+09 0.0536 3622.09
2.30E+09 0.0531 3620.16
2.31E+09 0.0532 3618.39
2.32E+09 0.0534 3616.68
2.33E+09 0.0532 3614.91
2.35E+09 0.0525 3613.18
2.36E+09 0.0530 3611.52
2.37E+09 0.0520 3609.95
2.38E+09 0.0517 3608.2
2.40E+09 0.0519 3606.41
2.41E+09 0.0516 3604.7
2.42E+09 0.0512 3603.29
2.43E+09 0.0504 3601.95
2.44E+09 0.0505 3600.65
2.45E+09 0.0501 3599.32
2.46E+09 0.0503 3598.12
2.47E+09 0.0496 3596.93
2.48E+09 0.0498 3595.84
2.48E+09 0.0487 3594.82
2.49E+09 0.0483 3593.86
2.50E+09 0.0484 3592.87
2.51E+09 0.0486 3591.81
2.52E+09 0.0480 3590.68
2.53E+09 0.0482 3589.61
2.53E+09 0.0477 3588.56
2.54E+09 0.0475 3587.49
2.55E+09 0.0473 3586.5
2.56E+09 0.0473 3585.38
2.57E+09 0.0463 3584.24
2.58E+09 0.0462 3583.27
2.59E+09 0.0464 3582.26
2.59E+09 0.0457 3581.16
2.60E+09 0.0460 3580.04
2.61E+09 0.0454 3578.97
2.62E+09 0.0455 3577.96
2.63E+09 0.0447 3576.88
2.64E+09 0.0450 3575.74
2.65E+09 0.0443 3574.74
2.66E+09 0.0445 3573.65
2.67E+09 0.0444 3572.71
2.67E+09 0.0439 3571.7
2.68E+09 0.0438 3570.69
2.69E+09 0.0436 3569.61
2.70E+09 0.0434 3568.53
2.71E+09 0.0434 3567.37
2.72E+09 0.0437 3566.28
2.73E+09 0.0434 3565.15
2.74E+09 0.0427 3564.1
2.75E+09 0.0424 3562.99
2.76E+09 0.0424 3561.82
2.77E+09 0.0424 3560.61
2.78E+09 0.0425 3559.6
2.79E+09 0.0420 3558.54
2.80E+09 0.0417 3557.45
2.81E+09 0.0414 3556.37
2.82E+09 0.0414 3555.14
2.83E+09 0.0411 3553.92
2.84E+09 0.0415 3552.75
2.86E+09 0.0415 3551.53
2.87E+09 0.0413 3550.45
2.88E+09 0.0405 3549.17
2.89E+09 0.0410 3547.8
2.90E+09 0.0399 3546.48
2.91E+09 0.0408 3545.35
2.93E+09 0.0395 3543.69
2.94E+09 0.0399 3542.42
2.95E+09 0.0400 3541.22
2.96E+09 0.0404 3540.06
2.98E+09 0.0398 3538.79
2.99E+09 0.0400 3537.51
3.00E+09 0.0392 3536.02
3.01E+09 0.0396 3534.63
3.03E+09 0.0401 3533.43
3.04E+09 0.0391 3532.14
3.05E+09 0.0392 3530.89
3.06E+09 0.0391 3529.56
3.08E+09 0.0395 3528.2
3.09E+09 0.0390 3526.68
3.11E+09 0.0388 3525.09
3.12E+09 0.0384 3523.78
3.14E+09 0.0380 3522.09
3.15E+09 0.0383 3520.72
3.17E+09 0.0374 3519.26
3.18E+09 0.0371 3518
3.19E+09 0.0376 3516.92
3.20E+09 0.0371 3515.41
3.22E+09 0.0374 3513.98
3.23E+09 0.0376 3512.69
3.25E+09 0.0374 3511.43
3.26E+09 0.0369 3509.97
3.27E+09 0.0370 3508.6
3.29E+09 0.0375 3507.27
3.30E+09 0.0370 3505.64
3.32E+09 0.0368 3504.08
3.34E+09 0.0365 3502.61
3.35E+09 0.0366 3501.15
3.37E+09 0.0368 3499.73
3.38E+09 0.0365 3498.12
3.40E+09 0.0364 3496.35
3.42E+09 0.0363 3494.64
3.44E+09 0.0358 3493.04
3.45E+09 0.0358 3491.43
3.47E+09 0.0364 3489.68
3.49E+09 0.0356 3487.94
3.51E+09 0.0350 3486.22
3.53E+09 0.0354 3484.52
3.54E+09 0.0347 3482.79
3.56E+09 0.0356 3481.11
3.58E+09 0.0352 3479.52
3.60E+09 0.0354 3477.79
3.62E+09 0.0347 3476.06
3.63E+09 0.0347 3474.59
3.65E+09 0.0342 3473.28
3.67E+09 0.0344 3471.6
3.69E+09 0.0342 3469.98
3.70E+09 0.0338 3468.31
3.72E+09 0.0336 3466.67
3.74E+09 0.0336 3465.18
3.76E+09 0.0332 3463.55
3.78E+09 0.0330 3462.09
3.79E+09 0.0324 3460.39
3.81E+09 0.0329 3458.9
3.83E+09 0.0322 3457.54
3.85E+09 0.0316 3456.08
3.86E+09 0.0315 3454.89
3.87E+09 0.0317 3453.82
3.89E+09 0.0315 3452.73
3.90E+09 0.0309 3451.78
3.91E+09 0.0313 3450.68
3.93E+09 0.0304 3449.53
3.94E+09 0.0306 3448.43
3.95E+09 0.0303 3447.37
3.97E+09 0.0303 3446.26
3.98E+09 0.0300 3445.13
3.99E+09 0.0302 3444.1
4.01E+09 0.0303 3442.89
4.02E+09 0.0293 3441.74
4.04E+09 0.0294 3440.6
4.05E+09 0.0290 3439.6
4.07E+09 0.0290 3438.46
4.08E+09 0.0289 3437.36
4.10E+09 0.0291 3436.19
4.11E+09 0.0292 3435.04
4.13E+09 0.0286 3433.83
4.14E+09 0.0284 3432.74
4.16E+09 0.0284 3431.58
4.17E+09 0.0283 3430.5
4.19E+09 0.0281 3429.36
4.20E+09 0.0273 3428.23
4.22E+09 0.0273 3427.15
4.23E+09 0.0275 3426.19
4.25E+09 0.0273 3425.04
4.26E+09 0.0274 3423.92
4.28E+09 0.0278 3422.91
4.29E+09 0.0267 3421.81
4.31E+09 0.0265 3420.64
4.32E+09 0.0269 3419.56
4.34E+09 0.0273 3418.65
4.36E+09 0.0262 3417.35
4.37E+09 0.0271 3416.3
4.39E+09 0.0266 3414.97
4.41E+09 0.0264 3413.8
4.42E+09 0.0266 3412.61
4.44E+09 0.0266 3411.32
4.46E+09 0.0263 3409.97
4.48E+09 0.0257 3408.63
4.50E+09 0.0254 3407.43
4.52E+09 0.0255 3406.26
4.53E+09 0.0252 3405.08
4.55E+09 0.0249 3403.84
4.57E+09 0.0253 3402.7
4.59E+09 0.0253 3401.23
4.62E+09 0.0246 3399.59
4.64E+09 0.0246 3398.26
4.66E+09 0.0244 3396.97
4.68E+09 0.0243 3395.63
4.70E+09 0.0245 3394.38
4.72E+09 0.0238 3393.23
4.74E+09 0.0239 3392.02
4.75E+09 0.0238 3390.81
4.77E+09 0.0240 3389.64
4.79E+09 0.0242 3388.45
4.81E+09 0.0239 3387.2
4.83E+09 0.0234 3385.94
4.85E+09 0.0237 3384.73
4.87E+09 0.0234 3383.47
4.90E+09 0.0232 3382.07
4.92E+09 0.0233 3380.68
4.94E+09 0.0227 3379.47
4.96E+09 0.0223 3378.22
4.98E+09 0.0227 3376.97
