0.00E+00 -0.5781 5151.86
1.91E+08 0.1535 5070.93
2.32E+08 0.1601 5051.46
2.35E+08 0.1845 5050.01
2.38E+08 0.2203 5048.07
2.48E+08 0.2196 5040.98
2.64E+08 0.2311 5029.91
2.73E+08 0.2460 5023.32
2.84E+08 0.2499 5014.67
3.35E+08 0.2345 4977.36
3.63E+08 0.2487 4954.74
4.27E+08 0.2431 4907.37
4.74E+08 0.2478 4869.84
5.32E+08 0.2300 4826.15
5.77E+08 0.2162 4794.37
6.12E+08 0.2092 4770.89
6.44E+08 0.2079 4749.75
6.68E+08 0.2067 4734.49
6.87E+08 0.2174 4721.55
7.06E+08 0.2128 4708.66
7.24E+08 0.2079 4696.94
7.46E+08 0.2089 4682.49
7.66E+08 0.2119 4669.14
7.90E+08 0.2035 4653.96
8.10E+08 0.1958 4641.34
8.29E+08 0.1891 4629.92
8.48E+08 0.1853 4618.58
8.68E+08 0.1830 4606.94
8.86E+08 0.1795 4596.83
9.03E+08 0.1727 4587.58
9.18E+08 0.1720 4579.64
9.31E+08 0.1620 4572.83
9.41E+08 0.1602 4567.77
9.53E+08 0.1570 4561.54
9.65E+08 0.1535 4555.84
9.76E+08 0.1671 4550.17
9.88E+08 0.1558 4544.07
1.00E+09 0.1532 4538.31
1.01E+09 0.1496 4532.66
1.02E+09 0.1555 4528.28
1.03E+09 0.1464 4522.56
1.04E+09 0.1619 4516.6
1.06E+09 0.1562 4509.39
1.07E+09 0.1501 4504.18
1.08E+09 0.1525 4498.05
1.10E+09 0.1533 4491.45
1.11E+09 0.1523 4484.97
1.12E+09 0.1507 4479
1.14E+09 0.1476 4472.48
1.15E+09 0.1485 4466.91
1.16E+09 0.1450 4461.22
1.17E+09 0.1430 4454.87
1.19E+09 0.1375 4448.89
1.20E+09 0.1395 4444.23
1.21E+09 0.1386 4437.59
1.23E+09 0.1410 4431.74
1.24E+09 0.1387 4425.36
1.26E+09 0.1397 4418.96
1.27E+09 0.1357 4413.34
1.28E+09 0.1359 4408.16
1.29E+09 0.1239 4403.33
1.30E+09 0.1258 4399.85
1.31E+09 0.1292 4396.47
1.32E+09 0.1338 4391.68
1.33E+09 0.1232 4386.86
1.34E+09 0.1255 4382.79
1.36E+09 0.1287 4378.45
1.37E+09 0.1302 4373.04
1.38E+09 0.1288 4367.71
1.39E+09 0.1259 4362.59
1.41E+09 0.1219 4358.21
1.42E+09 0.1165 4354.33
1.43E+09 0.1215 4348.89
1.44E+09 0.1182 4343.32
1.46E+09 0.1250 4337.84
1.47E+09 0.1193 4332.62
1.48E+09 0.1192 4328.56
1.50E+09 0.1102 4324.2
1.50E+09 0.1153 4320.9
1.52E+09 0.1098 4317.09
1.53E+09 0.1171 4312.9
1.54E+09 0.1135 4308.24
1.55E+09 0.1091 4305.03
1.56E+09 0.1025 4301.5
1.57E+09 0.1073 4298.25
1.58E+09 0.1085 4294.46
1.59E+09 0.1139 4290.71
1.60E+09 0.1163 4286.85
1.62E+09 0.1125 4282
1.63E+09 0.1061 4278.2
1.64E+09 0.1022 4274.61
1.65E+09 0.1038 4270.72
1.66E+09 0.1097 4266.29
1.68E+09 0.1033 4261.48
1.69E+09 0.1056 4257.74
1.70E+09 0.1014 4254.23
1.71E+09 0.1000 4250.18
1.72E+09 0.1013 4246.11
1.74E+09 0.1041 4241.59
1.75E+09 0.1054 4237.31
1.77E+09 0.1019 4232.34
1.78E+09 0.1008 4228.22
1.79E+09 0.0951 4224.59
1.80E+09 0.0872 4221.22
1.82E+09 0.0960 4217.75
1.83E+09 0.1010 4214.13
1.84E+09 0.1009 4210.2
1.85E+09 0.0959 4206.31
1.86E+09 0.0910 4202.99
1.88E+09 0.0862 4199.46
1.89E+09 0.0961 4195.65
1.90E+09 0.0975 4192.15
1.92E+09 0.0913 4187.85
1.93E+09 0.0865 4183.96
1.94E+09 0.0903 4180.16
1.95E+09 0.0832 4177.23
1.97E+09 0.0855 4173.12
1.98E+09 0.0939 4169.18
2.00E+09 0.0939 4164.76
2.01E+09 0.0861 4160.95
2.02E+09 0.0836 4157.31
2.04E+09 0.0861 4153.58
2.05E+09 0.0833 4149.94
2.07E+09 0.0849 4146.08
2.08E+09 0.0830 4142.24
2.10E+09 0.0781 4138.58
2.11E+09 0.0791 4134.99
2.12E+09 0.0760 4131.59
2.14E+09 0.0739 4128.23
2.15E+09 0.0807 4124.91
2.17E+09 0.0835 4121.23
2.18E+09 0.0782 4116.93
2.20E+09 0.0760 4113.05
2.21E+09 0.0797 4109.25
2.23E+09 0.0727 4105.21
2.25E+09 0.0745 4101.48
2.26E+09 0.0765 4097.71
2.28E+09 0.0799 4094.2
2.29E+09 0.0783 4091.03
2.30E+09 0.0707 4087.7
2.32E+09 0.0687 4084.5
2.33E+09 0.0734 4081.47
2.35E+09 0.0680 4078.49
2.36E+09 0.0653 4075.36
2.38E+09 0.0729 4072.27
2.39E+09 0.0692 4069.2
2.40E+09 0.0688 4065.98
2.42E+09 0.0728 4062.46
2.43E+09 0.0677 4059.42
2.45E+09 0.0609 4056.68
2.46E+09 0.0607 4053.89
2.48E+09 0.0713 4051.14
2.49E+09 0.0671 4047.58
2.51E+09 0.0618 4043.83
2.53E+09 0.0654 4040.67
2.54E+09 0.0675 4037.37
2.56E+09 0.0615 4034.26
2.57E+09 0.0607 4031.23
2.59E+09 0.0585 4028.4
2.60E+09 0.0683 4024.95
2.62E+09 0.0673 4021.25
2.64E+09 0.0637 4018.22
2.65E+09 0.0584 4015.07
2.67E+09 0.0543 4012.05
2.69E+09 0.0544 4009.29
2.70E+09 0.0602 4006.84
2.71E+09 0.0536 4004.25
2.73E+09 0.0532 4001.4
2.75E+09 0.0568 3998.62
2.76E+09 0.0594 3995.65
2.78E+09 0.0599 3992.65
2.80E+09 0.0568 3989.55
2.82E+09 0.0564 3986.11
2.83E+09 0.0556 3982.76
2.85E+09 0.0556 3979.73
2.87E+09 0.0561 3976.41
2.89E+09 0.0521 3973.62
2.90E+09 0.0468 3971.03
2.92E+09 0.0588 3967.89
2.94E+09 0.0536 3964.92
2.96E+09 0.0475 3961.85
2.98E+09 0.0468 3959.14
3.00E+09 0.0497 3956.54
3.01E+09 0.0514 3953.77
3.03E+09 0.0508 3950.65
3.05E+09 0.0467 3947.65
3.07E+09 0.0486 3944.8
3.09E+09 0.0468 3941.77
3.11E+09 0.0475 3938.58
3.13E+09 0.0444 3935.78
3.15E+09 0.0450 3933.26
3.17E+09 0.0482 3930.7
3.19E+09 0.0426 3927.93
3.21E+09 0.0444 3925.2
3.22E+09 0.0479 3922.77
3.24E+09 0.0471 3919.82
3.26E+09 0.0467 3916.76
3.28E+09 0.0418 3913.88
3.31E+09 0.0395 3911.26
3.33E+09 0.0473 3908.11
3.35E+09 0.0445 3904.96
3.37E+09 0.0401 3901.84
3.39E+09 0.0381 3899.26
3.42E+09 0.0425 3896.67
3.44E+09 0.0442 3893.59
3.46E+09 0.0427 3890.09
3.49E+09 0.0385 3886.81
3.52E+09 0.0456 3883.21
3.54E+09 0.0431 3879.61
3.57E+09 0.0393 3876.6
3.59E+09 0.0389 3873.2
3.62E+09 0.0359 3870.19
3.64E+09 0.0410 3867.27
3.68E+09 0.0364 3863.28
3.70E+09 0.0396 3860.13
3.74E+09 0.0402 3856.04
3.76E+09 0.0378 3852.49
3.80E+09 0.0380 3848.76
3.82E+09 0.0347 3845.57
3.86E+09 0.0355 3842.1
3.89E+09 0.0364 3838.55
3.92E+09 0.0369 3834.84
3.95E+09 0.0357 3831.09
3.99E+09 0.0340 3827.17
4.02E+09 0.0329 3824.09
4.05E+09 0.0314 3820.74
4.08E+09 0.0340 3817.58
4.12E+09 0.0370 3813.64
4.15E+09 0.0355 3809.42
4.19E+09 0.0330 3805.75
4.22E+09 0.0296 3802.87
4.25E+09 0.0290 3799.67
4.28E+09 0.0339 3796.6
4.32E+09 0.0295 3792.83
4.36E+09 0.0274 3789.58
4.39E+09 0.0324 3786.9
4.42E+09 0.0295 3783.3
4.46E+09 0.0276 3780.15
4.49E+09 0.0255 3777.37
4.52E+09 0.0265 3774.86
4.55E+09 0.0238 3772.84
4.58E+09 0.0243 3770.53
4.60E+09 0.0238 3768.56
4.63E+09 0.0279 3766.12
4.67E+09 0.0256 3763.51
4.70E+09 0.0225 3760.78
4.73E+09 0.0250 3758.36
4.76E+09 0.0245 3756.21
4.79E+09 0.0221 3754.01
4.83E+09 0.0225 3751.62
4.85E+09 0.0234 3749.55
4.89E+09 0.0231 3747.04
4.92E+09 0.0223 3744.67
4.95E+09 0.0219 3742.53
4.99E+09 0.0250 3740.2
