0.00E+00 -0.5464 5130.57
3.10E+07 0.3198 5114.62
4.14E+07 0.3502 5105.62
5.10E+07 0.3795 5096.69
6.10E+07 0.3764 5087.06
9.48E+07 0.3284 5056.75
1.44E+08 0.3354 5015.33
1.86E+08 0.3209 4979.95
2.10E+08 0.3128 4960.44
2.27E+08 0.3113 4946.79
2.42E+08 0.3045 4935.34
2.53E+08 0.2979 4926.45
2.64E+08 0.2961 4918.58
2.72E+08 0.2927 4912.14
2.83E+08 0.2858 4904.01
2.94E+08 0.2812 4896.36
3.04E+08 0.2790 4889.2
3.13E+08 0.2756 4882.45
3.22E+08 0.2728 4876.15
3.31E+08 0.2701 4870.39
3.38E+08 0.2674 4865.17
3.45E+08 0.2646 4860.44
3.52E+08 0.2609 4856.1
3.58E+08 0.2634 4852.23
3.63E+08 0.2620 4848.44
3.68E+08 0.2597 4845.2
3.73E+08 0.2538 4841.95
3.79E+08 0.2596 4838.39
3.84E+08 0.2572 4834.92
3.89E+08 0.2595 4831.47
3.94E+08 0.2593 4828.19
3.98E+08 0.2559 4825.25
4.03E+08 0.2502 4822.42
4.08E+08 0.2413 4819
4.13E+08 0.2486 4816.1
4.17E+08 0.2458 4813.4
4.21E+08 0.2494 4810.78
4.26E+08 0.2453 4807.91
4.30E+08 0.2402 4805.27
4.35E+08 0.2482 4802.07
4.42E+08 0.2527 4797.93
4.48E+08 0.2469 4793.72
4.55E+08 0.2399 4789.79
4.62E+08 0.2389 4785.57
4.68E+08 0.2405 4781.77
4.74E+08 0.2351 4778.27
4.80E+08 0.2370 4774.41
4.86E+08 0.2346 4770.64
4.93E+08 0.2350 4766.71
4.99E+08 0.2344 4762.96
5.07E+08 0.2327 4758.56
5.15E+08 0.2289 4753.41
5.24E+08 0.2295 4748.58
5.30E+08 0.2291 4744.66
5.37E+08 0.2232 4740.6
5.44E+08 0.2209 4736.81
5.49E+08 0.2167 4733.83
5.54E+08 0.2155 4731.32
5.58E+08 0.2200 4729.1
5.62E+08 0.2226 4726.62
5.68E+08 0.2160 4723.62
5.72E+08 0.2150 4720.97
5.77E+08 0.2082 4718.31
5.81E+08 0.2163 4716.28
5.85E+08 0.2125 4713.84
5.90E+08 0.2110 4711.51
5.94E+08 0.2137 4709.22
5.99E+08 0.2118 4706.71
6.03E+08 0.2090 4704.21
6.08E+08 0.2136 4701.82
6.12E+08 0.2096 4699.32
6.18E+08 0.2159 4696.4
6.23E+08 0.2142 4693.61
6.28E+08 0.2061 4690.61
6.34E+08 0.2110 4687.87
6.39E+08 0.2045 4684.83
6.45E+08 0.2094 4681.8
6.52E+08 0.2066 4678.09
6.58E+08 0.2082 4675.04
6.64E+08 0.2041 4671.97
6.70E+08 0.2041 4668.72
6.75E+08 0.2035 4666.32
6.81E+08 0.2056 4662.82
6.88E+08 0.2024 4659.39
6.95E+08 0.2015 4655.76
7.01E+08 0.2031 4652.83
7.06E+08 0.1982 4649.82
7.14E+08 0.2008 4645.97
7.22E+08 0.2007 4641.76
7.30E+08 0.1995 4637.69
7.37E+08 0.1991 4634.34
7.43E+08 0.1984 4631
7.48E+08 0.1949 4628.63
7.52E+08 0.1955 4626.62
7.57E+08 0.1904 4624.08
7.62E+08 0.1920 4621.9
7.67E+08 0.1968 4619.23
7.74E+08 0.1939 4615.95
7.78E+08 0.1937 4613.71
7.85E+08 0.1941 4610.58
7.91E+08 0.1964 4607.64
7.96E+08 0.1936 4604.89
8.03E+08 0.1900 4601.63
8.10E+08 0.1899 4598.32
8.16E+08 0.1929 4595.31
8.23E+08 0.1870 4591.67
8.29E+08 0.1926 4589.02
8.36E+08 0.1874 4585.54
8.43E+08 0.1886 4582.45
8.50E+08 0.1882 4578.7
8.57E+08 0.1859 4575.49
8.63E+08 0.1851 4572.74
8.68E+08 0.1865 4570.1
8.75E+08 0.1857 4567.12
8.81E+08 0.1830 4563.97
8.87E+08 0.1815 4561.39
8.93E+08 0.1794 4558.82
8.99E+08 0.1853 4555.71
9.06E+08 0.1818 4552.32
9.14E+08 0.1828 4548.98
9.21E+08 0.1829 4545.66
9.28E+08 0.1815 4542.12
9.36E+08 0.1778 4538.45
9.44E+08 0.1813 4535.06
9.52E+08 0.1760 4531.09
9.61E+08 0.1758 4527.34
9.68E+08 0.1788 4524.15
9.75E+08 0.1734 4521.05
9.82E+08 0.1755 4517.97
9.89E+08 0.1735 4514.58
9.95E+08 0.1734 4511.94
1.00E+09 0.1729 4509.17
1.01E+09 0.1730 4506.7
1.01E+09 0.1732 4503.46
1.02E+09 0.1731 4499.88
1.03E+09 0.1722 4496.56
1.04E+09 0.1716 4493.38
1.04E+09 0.1712 4490.66
1.05E+09 0.1680 4488.15
1.05E+09 0.1733 4485.9
1.06E+09 0.1676 4483.28
1.07E+09 0.1667 4480.39
1.07E+09 0.1675 4477.77
1.08E+09 0.1674 4475.78
1.08E+09 0.1662 4473.73
1.09E+09 0.1688 4471.44
1.09E+09 0.1684 4469.06
1.10E+09 0.1670 4466.75
1.10E+09 0.1653 4464.72
1.11E+09 0.1633 4462.4
1.11E+09 0.1661 4460.27
1.12E+09 0.1630 4457.82
1.13E+09 0.1654 4455.47
1.13E+09 0.1604 4452.7
1.14E+09 0.1651 4449.92
1.15E+09 0.1604 4446.91
1.15E+09 0.1592 4444.76
1.16E+09 0.1635 4442.71
1.16E+09 0.1608 4440.68
1.17E+09 0.1595 4438.74
1.17E+09 0.1592 4436.61
1.18E+09 0.1590 4434.28
1.18E+09 0.1607 4432.08
1.19E+09 0.1581 4429.31
1.20E+09 0.1587 4426.99
1.20E+09 0.1612 4424.81
1.21E+09 0.1592 4422.48
1.21E+09 0.1547 4420.21
1.22E+09 0.1566 4418.32
1.22E+09 0.1561 4416.71
1.23E+09 0.1559 4414.6
1.23E+09 0.1593 4412.34
1.24E+09 0.1577 4409.49
1.25E+09 0.1591 4406.66
1.25E+09 0.1573 4404
1.26E+09 0.1536 4401.52
1.27E+09 0.1534 4399.09
1.27E+09 0.1525 4396.94
1.28E+09 0.1522 4394.73
1.28E+09 0.1548 4392.53
1.29E+09 0.1539 4390.04
1.29E+09 0.1546 4387.86
1.30E+09 0.1514 4385.16
1.31E+09 0.1531 4382.32
1.32E+09 0.1485 4379.49
1.32E+09 0.1471 4376.83
1.33E+09 0.1485 4374.84
1.33E+09 0.1495 4372.74
1.34E+09 0.1513 4371
1.34E+09 0.1475 4368.73
1.35E+09 0.1496 4366.9
1.35E+09 0.1478 4364.78
1.36E+09 0.1476 4362.79
1.37E+09 0.1458 4360.74
1.37E+09 0.1449 4358.98
1.38E+09 0.1434 4356.86
1.38E+09 0.1482 4354.93
1.39E+09 0.1453 4352.8
1.39E+09 0.1498 4350.99
1.40E+09 0.1455 4348.99
1.40E+09 0.1436 4346.72
1.41E+09 0.1405 4344.73
1.41E+09 0.1445 4342.86
1.42E+09 0.1427 4340.86
1.42E+09 0.1441 4339
1.43E+09 0.1443 4337.29
1.43E+09 0.1410 4335.35
1.44E+09 0.1453 4333.25
1.45E+09 0.1439 4331.24
1.45E+09 0.1429 4329.04
1.46E+09 0.1430 4327.01
1.46E+09 0.1405 4324.9
1.47E+09 0.1387 4322.99
1.47E+09 0.1439 4321.43
1.48E+09 0.1413 4319.48
1.48E+09 0.1391 4317.63
1.49E+09 0.1355 4315.59
1.49E+09 0.1408 4313.8
1.50E+09 0.1395 4311.61
1.51E+09 0.1404 4309.43
1.51E+09 0.1381 4307.45
1.52E+09 0.1403 4305.7
1.52E+09 0.1364 4303.89
1.53E+09 0.1341 4301.92
1.53E+09 0.1339 4300.07
1.54E+09 0.1346 4297.96
1.54E+09 0.1370 4295.97
1.55E+09 0.1363 4294.09
1.56E+09 0.1362 4292.17
1.56E+09 0.1333 4290.28
1.57E+09 0.1298 4288.42
1.57E+09 0.1301 4286.41
1.58E+09 0.1334 4284.32
1.58E+09 0.1340 4282.31
1.59E+09 0.1356 4280.34
1.60E+09 0.1320 4278.42
1.60E+09 0.1346 4276.51
1.61E+09 0.1335 4274.94
1.61E+09 0.1311 4272.99
1.62E+09 0.1289 4271.06
1.62E+09 0.1340 4269.17
1.63E+09 0.1320 4267.27
1.63E+09 0.1333 4265.32
1.64E+09 0.1310 4263.37
1.65E+09 0.1289 4261.81
1.65E+09 0.1278 4260.09
1.66E+09 0.1275 4258.14
1.66E+09 0.1281 4256.31
1.67E+09 0.1249 4254.46
1.67E+09 0.1306 4252.8
1.68E+09 0.1275 4250.78
1.68E+09 0.1281 4248.81
1.69E+09 0.1301 4247.04
1.70E+09 0.1266 4245.11
1.70E+09 0.1269 4243.53
1.71E+09 0.1233 4241.51
1.71E+09 0.1258 4239.71
1.72E+09 0.1252 4237.75
1.72E+09 0.1249 4236.16
1.73E+09 0.1248 4234.46
1.74E+09 0.1248 4232.68
1.74E+09 0.1233 4230.77
1.75E+09 0.1269 4229.13
1.75E+09 0.1264 4227.3
1.76E+09 0.1238 4225.52
1.76E+09 0.1217 4223.4
1.77E+09 0.1233 4221.84
1.78E+09 0.1211 4219.88
1.78E+09 0.1216 4218.21
1.79E+09 0.1252 4216.5
1.79E+09 0.1235 4214.77
1.80E+09 0.1187 4212.84
1.80E+09 0.1204 4211.31
1.81E+09 0.1233 4209.29
1.82E+09 0.1203 4207.39
1.82E+09 0.1205 4205.86
1.83E+09 0.1207 4203.99
1.83E+09 0.1177 4202.17
1.84E+09 0.1202 4200.54
1.84E+09 0.1198 4198.75
1.85E+09 0.1193 4196.96
1.86E+09 0.1178 4195.25
1.86E+09 0.1188 4193.8
1.87E+09 0.1184 4191.9
1.87E+09 0.1165 4190.08
1.88E+09 0.1174 4188.46
1.88E+09 0.1151 4186.86
1.89E+09 0.1187 4185.15
1.90E+09 0.1155 4183.26
1.90E+09 0.1149 4181.64
1.91E+09 0.1133 4179.99
1.91E+09 0.1175 4178.49
1.92E+09 0.1125 4176.36
1.92E+09 0.1180 4174.98
1.93E+09 0.1146 4173.26
1.94E+09 0.1123 4171.42
1.94E+09 0.1142 4169.71
1.95E+09 0.1158 4168.24
1.95E+09 0.1114 4166.36
1.96E+09 0.1142 4164.78
1.96E+09 0.1148 4163.03
1.97E+09 0.1130 4161.42
1.98E+09 0.1130 4159.61
1.98E+09 0.1121 4157.78
1.99E+09 0.1116 4156.14
1.99E+09 0.1111 4154.6
2.00E+09 0.1109 4152.92
2.01E+09 0.1111 4151.37
2.01E+09 0.1089 4149.56
2.02E+09 0.1114 4147.97
2.02E+09 0.1086 4146.26
2.03E+09 0.1098 4144.72
2.03E+09 0.1073 4143.33
2.04E+09 0.1117 4141.66
2.05E+09 0.1082 4139.68
2.05E+09 0.1083 4138.13
2.06E+09 0.1081 4136.55
2.06E+09 0.1065 4134.89
2.07E+09 0.1068 4133.2
2.08E+09 0.1056 4131.53
2.08E+09 0.1083 4130.01
2.09E+09 0.1078 4128.13
2.10E+09 0.1091 4126.58
2.10E+09 0.1061 4125
2.11E+09 0.1040 4123.39
2.11E+09 0.1071 4121.64
2.12E+09 0.1063 4120.11
2.13E+09 0.1050 4118.5
2.13E+09 0.1047 4116.76
2.14E+09 0.1048 4115.19
2.14E+09 0.1053 4113.6
2.15E+09 0.1023 4111.68
2.16E+09 0.1035 4110.09
2.16E+09 0.1070 4108.5
2.17E+09 0.1052 4106.83
2.18E+09 0.1021 4105.15
2.18E+09 0.1055 4103.44
2.19E+09 0.1017 4101.51
2.19E+09 0.1025 4100.25
2.20E+09 0.1037 4098.43
2.21E+09 0.1008 4096.54
2.21E+09 0.1020 4095.1
2.22E+09 0.1024 4093.47
2.23E+09 0.1037 4091.87
2.23E+09 0.1020 4090.29
2.24E+09 0.0997 4088.51
2.25E+09 0.0981 4086.76
2.25E+09 0.0984 4085.33
2.26E+09 0.0986 4083.77
2.26E+09 0.0991 4082.21
2.27E+09 0.0970 4080.61
2.28E+09 0.0980 4079.08
2.28E+09 0.0984 4077.33
2.29E+09 0.0983 4075.73
2.30E+09 0.0970 4074.12
2.30E+09 0.0968 4072.5
2.31E+09 0.0985 4070.9
2.32E+09 0.0957 4069.21
2.32E+09 0.0963 4067.85
2.33E+09 0.0950 4066.39
2.33E+09 0.0986 4064.87
2.34E+09 0.0939 4062.89
2.35E+09 0.0961 4061.49
2.35E+09 0.0945 4059.8
2.36E+09 0.0967 4058.42
2.37E+09 0.0923 4056.5
2.37E+09 0.0957 4055.06
2.38E+09 0.0936 4053.19
2.39E+09 0.0936 4051.69
2.40E+09 0.0942 4050.13
2.40E+09 0.0924 4048.36
2.41E+09 0.0932 4046.91
2.41E+09 0.0932 4045.38
2.42E+09 0.0932 4043.9
2.43E+09 0.0929 4042.37
2.43E+09 0.0923 4040.78
2.44E+09 0.0927 4039.36
2.45E+09 0.0907 4037.93
2.45E+09 0.0896 4036.16
2.46E+09 0.0924 4034.82
2.47E+09 0.0903 4033.22
2.47E+09 0.0912 4031.81
2.48E+09 0.0883 4030.12
2.49E+09 0.0897 4028.57
2.49E+09 0.0883 4027.09
2.50E+09 0.0879 4025.57
2.51E+09 0.0886 4024.22
2.51E+09 0.0880 4022.74
2.52E+09 0.0902 4021.24
2.53E+09 0.0889 4019.69
2.53E+09 0.0883 4018.12
2.54E+09 0.0886 4016.73
2.55E+09 0.0869 4015.1
2.55E+09 0.0900 4013.58
2.56E+09 0.0881 4012
2.57E+09 0.0874 4010.46
2.57E+09 0.0858 4008.94
2.58E+09 0.0857 4007.47
2.59E+09 0.0841 4005.84
2.59E+09 0.0864 4004.5
2.60E+09 0.0846 4002.89
2.61E+09 0.0853 4001.45
2.62E+09 0.0868 4000.06
2.62E+09 0.0854 3998.46
2.63E+09 0.0841 3996.9
2.64E+09 0.0816 3995.2
2.64E+09 0.0849 3993.82
2.65E+09 0.0853 3992.29
2.66E+09 0.0840 3990.76
2.67E+09 0.0821 3989.12
2.67E+09 0.0841 3987.63
2.68E+09 0.0835 3986.15
2.69E+09 0.0823 3984.57
2.69E+09 0.0816 3983.2
2.70E+09 0.0849 3981.69
2.71E+09 0.0830 3980.1
2.72E+09 0.0818 3978.74
2.72E+09 0.0815 3977.08
2.73E+09 0.0809 3975.5
2.74E+09 0.0823 3974.08
2.75E+09 0.0796 3972.52
2.75E+09 0.0789 3970.9
2.76E+09 0.0801 3969.65
2.77E+09 0.0785 3968.06
2.77E+09 0.0803 3966.54
2.78E+09 0.0810 3965.02
2.79E+09 0.0796 3963.43
2.80E+09 0.0794 3961.98
2.80E+09 0.0768 3960.48
2.81E+09 0.0762 3959.11
2.82E+09 0.0794 3957.76
2.83E+09 0.0777 3956.23
2.83E+09 0.0775 3954.67
2.84E+09 0.0799 3953.27
2.85E+09 0.0783 3951.86
2.86E+09 0.0795 3950.42
2.86E+09 0.0774 3948.77
2.87E+09 0.0777 3947.15
2.88E+09 0.0757 3945.48
2.89E+09 0.0753 3943.82
2.90E+09 0.0743 3942.29
2.91E+09 0.0756 3940.67
2.91E+09 0.0761 3939.17
2.92E+09 0.0748 3937.65
2.93E+09 0.0759 3936.3
2.94E+09 0.0757 3934.93
2.94E+09 0.0732 3933.42
2.95E+09 0.0749 3932
2.96E+09 0.0755 3930.65
2.97E+09 0.0720 3929
2.97E+09 0.0735 3927.63
2.98E+09 0.0720 3925.85
2.99E+09 0.0737 3924.41
3.00E+09 0.0748 3923.1
3.01E+09 0.0751 3921.45
3.02E+09 0.0718 3919.77
3.02E+09 0.0719 3918.11
3.03E+09 0.0736 3916.59
3.04E+09 0.0718 3915.03
3.05E+09 0.0712 3913.41
3.06E+09 0.0701 3911.85
3.07E+09 0.0697 3910.33
3.08E+09 0.0681 3908.74
3.08E+09 0.0688 3907.29
3.09E+09 0.0718 3906.29
3.10E+09 0.0690 3904.64
3.11E+09 0.0689 3903.18
3.12E+09 0.0683 3901.6
3.13E+09 0.0700 3900.2
3.13E+09 0.0680 3898.71
3.14E+09 0.0659 3897.29
3.15E+09 0.0691 3895.85
3.16E+09 0.0672 3894.15
3.17E+09 0.0679 3892.66
3.18E+09 0.0662 3891.21
3.19E+09 0.0661 3889.79
3.20E+09 0.0655 3888.16
3.20E+09 0.0672 3886.93
3.21E+09 0.0684 3885.56
3.22E+09 0.0662 3884.02
3.23E+09 0.0661 3882.68
3.24E+09 0.0663 3881.15
3.25E+09 0.0644 3879.6
3.25E+09 0.0641 3878.12
3.26E+09 0.0677 3876.66
3.27E+09 0.0652 3875.07
3.28E+09 0.0644 3873.68
3.29E+09 0.0639 3872.22
3.30E+09 0.0650 3871.01
3.31E+09 0.0640 3869.49
3.31E+09 0.0653 3868.13
3.33E+09 0.0623 3866.42
3.33E+09 0.0625 3865.02
3.34E+09 0.0643 3863.44
3.36E+09 0.0635 3861.59
3.36E+09 0.0658 3860.08
3.37E+09 0.0634 3858.43
3.38E+09 0.0655 3856.88
3.39E+09 0.0641 3855.1
3.41E+09 0.0611 3853.23
3.42E+09 0.0616 3851.63
3.43E+09 0.0613 3849.99
3.44E+09 0.0633 3848.7
3.45E+09 0.0603 3846.87
3.46E+09 0.0605 3845.23
3.47E+09 0.0616 3843.56
3.48E+09 0.0598 3841.9
3.49E+09 0.0588 3840.28
3.50E+09 0.0615 3838.65
3.51E+09 0.0595 3836.91
3.52E+09 0.0604 3835.44
3.53E+09 0.0596 3833.64
3.55E+09 0.0585 3831.74
3.56E+09 0.0589 3830.14
3.57E+09 0.0582 3828.24
3.58E+09 0.0575 3826.43
3.59E+09 0.0598 3824.71
3.61E+09 0.0572 3822.86
3.62E+09 0.0579 3820.98
3.63E+09 0.0573 3819.29
3.64E+09 0.0569 3817.71
3.65E+09 0.0564 3816.14
3.66E+09 0.0564 3814.73
3.67E+09 0.0557 3813.26
3.68E+09 0.0547 3811.74
3.69E+09 0.0542 3810.15
3.70E+09 0.0551 3808.92
3.71E+09 0.0541 3807.43
3.72E+09 0.0539 3806.21
3.73E+09 0.0545 3804.59
3.75E+09 0.0540 3803.02
3.76E+09 0.0523 3801.48
3.77E+09 0.0532 3800.16
3.78E+09 0.0558 3798.83
3.79E+09 0.0540 3797.48
3.80E+09 0.0517 3795.84
3.81E+09 0.0525 3794.43
3.82E+09 0.0525 3792.96
3.83E+09 0.0525 3791.51
3.84E+09 0.0511 3789.95
3.86E+09 0.0511 3788.26
3.86E+09 0.0522 3786.98
3.88E+09 0.0515 3785.38
3.89E+09 0.0511 3783.97
3.90E+09 0.0497 3782.43
3.91E+09 0.0499 3781.16
3.92E+09 0.0496 3779.77
3.93E+09 0.0491 3778.47
3.94E+09 0.0514 3777.18
3.95E+09 0.0524 3775.84
3.96E+09 0.0505 3774.53
3.98E+09 0.0488 3772.79
3.99E+09 0.0505 3771.37
4.00E+09 0.0490 3769.77
4.01E+09 0.0479 3768.3
4.02E+09 0.0479 3767.03
4.03E+09 0.0499 3765.89
4.04E+09 0.0485 3764.62
4.05E+09 0.0484 3763.38
4.06E+09 0.0477 3761.85
4.07E+09 0.0465 3760.59
4.09E+09 0.0474 3759.21
4.10E+09 0.0465 3757.79
4.11E+09 0.0472 3756.28
4.12E+09 0.0475 3754.49
4.14E+09 0.0487 3752.99
4.15E+09 0.0484 3750.97
4.17E+09 0.0487 3749.42
4.18E+09 0.0465 3747.69
4.19E+09 0.0477 3746.16
4.21E+09 0.0468 3744.64
4.22E+09 0.0435 3742.97
4.23E+09 0.0455 3741.68
4.25E+09 0.0447 3740.01
4.26E+09 0.0461 3738.44
4.27E+09 0.0469 3736.81
4.29E+09 0.0456 3735.36
4.30E+09 0.0451 3733.73
4.31E+09 0.0456 3732.19
4.33E+09 0.0434 3730.57
4.34E+09 0.0444 3728.96
4.36E+09 0.0425 3727.39
4.37E+09 0.0428 3725.68
4.39E+09 0.0445 3724.15
4.40E+09 0.0444 3722.8
4.41E+09 0.0440 3721.24
4.43E+09 0.0445 3719.61
4.44E+09 0.0444 3718.06
4.46E+09 0.0427 3716.36
4.47E+09 0.0415 3714.87
4.48E+09 0.0415 3713.22
4.50E+09 0.0426 3711.6
4.51E+09 0.0405 3710.06
4.53E+09 0.0409 3708.38
4.55E+09 0.0423 3706.77
4.56E+09 0.0425 3705.28
4.58E+09 0.0390 3703.36
4.60E+09 0.0391 3701.58
4.61E+09 0.0407 3699.72
4.63E+09 0.0399 3697.72
4.65E+09 0.0393 3695.76
4.67E+09 0.0383 3693.97
4.69E+09 0.0393 3692.09
4.71E+09 0.0386 3690.11
4.73E+09 0.0386 3688.3
4.74E+09 0.0389 3686.66
4.76E+09 0.0393 3684.98
4.78E+09 0.0374 3683.29
4.80E+09 0.0369 3681.36
4.82E+09 0.0382 3679.79
4.83E+09 0.0385 3678
4.85E+09 0.0367 3676.15
4.87E+09 0.0372 3674.22
4.89E+09 0.0369 3672.5
4.91E+09 0.0372 3670.71
4.93E+09 0.0356 3668.82
4.95E+09 0.0363 3667.04
4.97E+09 0.0358 3665.36
4.99E+09 0.0351 3663.68
