0.00E+00 -0.6204 5244.77
1.58E+08 0.1907 5185.63
2.05E+08 0.1573 5164.84
2.22E+08 0.1789 5157.12
2.24E+08 0.1899 5155.99
2.26E+08 0.2205 5155.2
2.29E+08 0.2456 5153.11
2.38E+08 0.2432 5147.46
2.46E+08 0.2503 5142.08
2.50E+08 0.2687 5139.51
2.58E+08 0.2662 5133.72
2.70E+08 0.2769 5125.45
2.85E+08 0.2828 5114.78
2.95E+08 0.3027 5106.91
3.26E+08 0.2807 5083.34
3.72E+08 0.2639 5050.06
4.20E+08 0.2474 5018.07
4.54E+08 0.2556 4995.93
4.69E+08 0.2685 4985.19
4.93E+08 0.2537 4968.8
5.15E+08 0.2480 4954.52
5.36E+08 0.2452 4940.63
5.58E+08 0.2447 4926.71
5.76E+08 0.2445 4915.21
5.91E+08 0.2360 4905.39
6.03E+08 0.2243 4898.11
6.16E+08 0.2289 4891
6.28E+08 0.2529 4882.67
6.46E+08 0.2486 4870.61
6.60E+08 0.2360 4861.68
6.72E+08 0.2322 4854.69
6.84E+08 0.2382 4847.15
7.01E+08 0.2281 4837.05
7.16E+08 0.2261 4827.9
7.32E+08 0.2235 4818.43
7.48E+08 0.2134 4809.43
7.61E+08 0.2133 4801.9
7.77E+08 0.2057 4793.16
7.89E+08 0.2033 4786.49
8.01E+08 0.1961 4780.32
8.11E+08 0.2004 4775.42
8.21E+08 0.1964 4770.12
8.29E+08 0.1914 4766
8.38E+08 0.1926 4761.55
8.47E+08 0.1900 4756.84
8.58E+08 0.1857 4751.7
8.68E+08 0.1839 4746.54
8.78E+08 0.1832 4741.7
8.87E+08 0.1809 4737.52
8.95E+08 0.1811 4733.85
9.03E+08 0.1760 4730.13
9.12E+08 0.1713 4725.75
9.23E+08 0.1736 4720.9
9.30E+08 0.1776 4717.39
9.42E+08 0.1710 4712.18
9.51E+08 0.1689 4708.02
9.59E+08 0.1713 4704.51
9.68E+08 0.1702 4700.59
9.77E+08 0.1677 4696.57
9.85E+08 0.1669 4692.77
9.93E+08 0.1670 4689.54
1.00E+09 0.1681 4686.16
1.01E+09 0.1655 4682.76
1.02E+09 0.1672 4679.58
1.02E+09 0.1669 4676.17
1.03E+09 0.1639 4672.9
1.04E+09 0.1660 4670.04
1.04E+09 0.1666 4667.39
1.05E+09 0.1649 4664.71
1.05E+09 0.1639 4662.67
1.06E+09 0.1650 4660.64
1.06E+09 0.1614 4658.19
1.07E+09 0.1657 4655.42
1.08E+09 0.1646 4652.38
1.08E+09 0.1703 4649.48
1.09E+09 0.1657 4646.2
1.10E+09 0.1673 4643.28
1.11E+09 0.1677 4640.19
1.11E+09 0.1681 4636.95
1.12E+09 0.1648 4634.44
1.12E+09 0.1682 4632.29
1.13E+09 0.1638 4629.73
1.14E+09 0.1671 4626.75
1.14E+09 0.1630 4623.74
1.15E+09 0.1626 4621.24
1.16E+09 0.1685 4618.2
1.16E+09 0.1675 4614.89
1.17E+09 0.1700 4611.4
1.18E+09 0.1690 4608.21
1.19E+09 0.1648 4604.64
1.19E+09 0.1666 4601.81
1.20E+09 0.1641 4599.33
1.21E+09 0.1644 4596.43
1.21E+09 0.1578 4593.21
1.22E+09 0.1664 4589.75
1.23E+09 0.1678 4586.26
1.24E+09 0.1658 4583.09
1.24E+09 0.1653 4580.05
1.25E+09 0.1659 4576.73
1.26E+09 0.1629 4572.98
1.27E+09 0.1627 4569.01
1.28E+09 0.1643 4565.2
1.29E+09 0.1658 4561.11
1.30E+09 0.1625 4557.09
1.31E+09 0.1617 4553.18
1.32E+09 0.1640 4549.26
1.33E+09 0.1585 4545.02
1.33E+09 0.1593 4541.27
1.34E+09 0.1581 4537.36
1.35E+09 0.1575 4532.93
1.37E+09 0.1569 4528.36
1.38E+09 0.1554 4523.25
1.39E+09 0.1555 4518.23
1.40E+09 0.1536 4513.71
1.41E+09 0.1526 4509.31
1.42E+09 0.1526 4504.39
1.44E+09 0.1494 4498.95
1.45E+09 0.1481 4493.92
1.46E+09 0.1475 4488.84
1.48E+09 0.1471 4484.11
1.49E+09 0.1473 4479.34
1.50E+09 0.1438 4474.5
1.51E+09 0.1422 4470.21
1.53E+09 0.1431 4465.48
1.54E+09 0.1424 4460.5
1.55E+09 0.1413 4455.57
1.56E+09 0.1364 4451.47
1.58E+09 0.1401 4446.85
1.59E+09 0.1381 4442.4
1.60E+09 0.1381 4438.06
1.61E+09 0.1398 4432.71
1.63E+09 0.1377 4428.69
1.64E+09 0.1324 4424.42
1.65E+09 0.1307 4420.67
1.66E+09 0.1337 4416.97
1.67E+09 0.1330 4413.79
1.68E+09 0.1314 4409.95
1.69E+09 0.1336 4406.94
1.70E+09 0.1314 4403.61
1.71E+09 0.1275 4400.64
1.72E+09 0.1222 4397.2
1.73E+09 0.1305 4394.1
1.73E+09 0.1284 4391.13
1.74E+09 0.1234 4387.98
1.75E+09 0.1222 4385.02
1.76E+09 0.1248 4382.46
1.77E+09 0.1300 4379.23
1.78E+09 0.1245 4375.81
1.79E+09 0.1239 4372.89
1.80E+09 0.1198 4369.34
1.81E+09 0.1227 4365.86
1.82E+09 0.1271 4361.77
1.84E+09 0.1212 4357.71
1.85E+09 0.1216 4353.85
1.86E+09 0.1246 4350.14
1.87E+09 0.1211 4346.32
1.88E+09 0.1148 4343.25
1.89E+09 0.1154 4340.51
1.90E+09 0.1191 4338.51
1.91E+09 0.1126 4336.14
1.91E+09 0.1100 4333.45
1.92E+09 0.1098 4331.49
1.93E+09 0.1146 4329.46
1.94E+09 0.1120 4327.52
1.94E+09 0.1065 4325.46
1.95E+09 0.1071 4322.85
1.96E+09 0.1164 4320.61
1.97E+09 0.1135 4318.36
1.98E+09 0.1103 4315.61
1.99E+09 0.1081 4312.89
1.99E+09 0.1135 4310.46
2.00E+09 0.1087 4308.2
2.01E+09 0.1075 4305.83
2.02E+09 0.1059 4303.44
2.03E+09 0.1009 4301.14
2.03E+09 0.1071 4299.01
2.04E+09 0.1052 4296.9
2.05E+09 0.0990 4294.65
2.06E+09 0.1015 4292.31
2.07E+09 0.1037 4290.17
2.08E+09 0.0980 4288.07
2.08E+09 0.1083 4285.7
2.09E+09 0.1090 4283.58
2.10E+09 0.1062 4281.29
2.11E+09 0.0983 4278.81
2.12E+09 0.0945 4276.38
2.13E+09 0.1043 4274.4
2.13E+09 0.0989 4272.14
2.14E+09 0.1017 4269.91
2.15E+09 0.0953 4267.64
2.16E+09 0.1008 4265.4
2.17E+09 0.0968 4263.28
2.18E+09 0.0948 4260.95
2.19E+09 0.0954 4258.81
2.20E+09 0.0920 4256.52
2.20E+09 0.0935 4254.44
2.21E+09 0.0942 4252.29
2.22E+09 0.0982 4249.99
2.23E+09 0.0949 4247.66
2.24E+09 0.0914 4245.3
2.25E+09 0.0872 4242.98
2.26E+09 0.0946 4241.07
2.27E+09 0.0919 4238.8
2.28E+09 0.0936 4236.55
2.29E+09 0.0939 4234.37
2.30E+09 0.0858 4232.16
2.30E+09 0.0913 4230.09
2.31E+09 0.0893 4228.06
2.32E+09 0.0864 4226.04
2.33E+09 0.0930 4223.91
2.34E+09 0.0916 4221.77
2.35E+09 0.0879 4219.54
2.36E+09 0.0855 4217.45
2.37E+09 0.0892 4215.22
2.38E+09 0.0873 4213.01
2.39E+09 0.0840 4210.81
2.40E+09 0.0865 4208.65
2.41E+09 0.0857 4206.41
2.42E+09 0.0874 4204.3
2.43E+09 0.0837 4202.22
2.44E+09 0.0845 4199.97
2.45E+09 0.0830 4197.77
2.46E+09 0.0838 4195.66
2.46E+09 0.0875 4193.72
2.47E+09 0.0827 4191.75
2.48E+09 0.0866 4189.72
2.49E+09 0.0792 4187.48
2.50E+09 0.0855 4185.4
2.51E+09 0.0806 4183.13
2.52E+09 0.0808 4180.92
2.53E+09 0.0801 4178.83
2.54E+09 0.0822 4176.74
2.55E+09 0.0801 4174.81
2.56E+09 0.0788 4172.59
2.57E+09 0.0786 4170.39
2.58E+09 0.0800 4168.23
2.59E+09 0.0771 4166.1
2.60E+09 0.0809 4163.88
2.61E+09 0.0786 4161.81
2.62E+09 0.0789 4159.75
2.63E+09 0.0779 4157.86
2.64E+09 0.0784 4155.78
2.65E+09 0.0778 4153.55
2.66E+09 0.0788 4151.5
2.68E+09 0.0767 4149.32
2.68E+09 0.0770 4147.4
2.70E+09 0.0766 4145.27
2.71E+09 0.0789 4143.23
2.72E+09 0.0711 4141.09
2.73E+09 0.0741 4139.01
2.74E+09 0.0727 4137
2.75E+09 0.0705 4135.08
2.76E+09 0.0748 4133.08
2.77E+09 0.0766 4131.2
2.78E+09 0.0744 4129.19
2.79E+09 0.0731 4127.17
2.80E+09 0.0731 4124.85
2.81E+09 0.0761 4122.7
2.82E+09 0.0694 4120.51
2.83E+09 0.0686 4118.56
2.84E+09 0.0740 4116.63
2.85E+09 0.0702 4114.73
2.87E+09 0.0689 4112.68
2.88E+09 0.0666 4110.69
2.89E+09 0.0702 4108.79
2.90E+09 0.0688 4106.82
2.91E+09 0.0685 4104.76
2.92E+09 0.0706 4102.96
2.93E+09 0.0685 4100.69
2.94E+09 0.0658 4098.66
2.96E+09 0.0674 4096.62
2.97E+09 0.0671 4094.76
2.98E+09 0.0629 4092.85
2.99E+09 0.0652 4090.89
3.00E+09 0.0659 4088.92
3.01E+09 0.0666 4087.08
3.02E+09 0.0642 4085.09
3.03E+09 0.0639 4083.28
3.05E+09 0.0655 4081.23
3.06E+09 0.0670 4079.29
3.07E+09 0.0656 4077.61
3.08E+09 0.0611 4075.31
3.09E+09 0.0607 4073.25
3.10E+09 0.0694 4071.5
3.11E+09 0.0667 4069.51
3.13E+09 0.0645 4067.5
3.14E+09 0.0609 4065.47
3.15E+09 0.0598 4063.57
3.16E+09 0.0593 4061.52
3.17E+09 0.0644 4059.72
3.19E+09 0.0644 4057.7
3.20E+09 0.0595 4055.64
3.21E+09 0.0580 4053.79
3.22E+09 0.0576 4051.7
3.24E+09 0.0584 4049.75
3.25E+09 0.0586 4047.75
3.26E+09 0.0555 4045.75
3.28E+09 0.0600 4044.04
3.29E+09 0.0628 4041.73
3.30E+09 0.0620 4039.38
3.32E+09 0.0626 4036.97
3.33E+09 0.0615 4034.88
3.34E+09 0.0576 4032.89
3.36E+09 0.0560 4030.89
3.37E+09 0.0575 4029.06
3.38E+09 0.0576 4026.92
3.40E+09 0.0611 4025.03
3.41E+09 0.0544 4022.89
3.43E+09 0.0500 4020.77
3.44E+09 0.0544 4019.14
3.45E+09 0.0540 4017.3
3.46E+09 0.0545 4015.41
3.48E+09 0.0511 4013.19
3.49E+09 0.0504 4011.34
3.51E+09 0.0542 4009.38
3.52E+09 0.0539 4007.54
3.54E+09 0.0511 4005.59
3.55E+09 0.0531 4003.71
3.56E+09 0.0545 4001.51
3.58E+09 0.0559 3999.5
3.59E+09 0.0560 3997.17
3.61E+09 0.0539 3994.95
3.63E+09 0.0541 3992.76
3.64E+09 0.0509 3990.65
3.65E+09 0.0492 3988.75
3.67E+09 0.0494 3986.84
3.68E+09 0.0482 3985.01
3.70E+09 0.0482 3983.17
3.71E+09 0.0487 3981.4
3.73E+09 0.0482 3979.43
3.74E+09 0.0459 3977.51
3.76E+09 0.0494 3975.6
3.77E+09 0.0517 3973.86
3.79E+09 0.0460 3971.92
3.80E+09 0.0459 3970.03
3.82E+09 0.0473 3968.2
3.83E+09 0.0451 3966.17
3.85E+09 0.0450 3964.28
3.86E+09 0.0485 3962.57
3.88E+09 0.0446 3960.9
3.89E+09 0.0449 3958.94
3.91E+09 0.0445 3957.41
3.93E+09 0.0419 3955.38
3.94E+09 0.0472 3953.61
3.96E+09 0.0456 3951.64
3.97E+09 0.0428 3949.99
3.99E+09 0.0460 3948.21
4.00E+09 0.0459 3946.13
4.02E+09 0.0440 3944.33
4.04E+09 0.0408 3942.49
4.05E+09 0.0415 3940.53
4.07E+09 0.0434 3938.86
4.08E+09 0.0470 3936.96
4.10E+09 0.0436 3934.88
4.12E+09 0.0396 3932.62
4.14E+09 0.0429 3930.58
4.16E+09 0.0415 3928.73
4.17E+09 0.0380 3927.07
4.19E+09 0.0402 3925.04
4.21E+09 0.0390 3923.35
4.23E+09 0.0379 3921.65
4.24E+09 0.0401 3919.87
4.26E+09 0.0431 3918.21
4.27E+09 0.0414 3916.6
4.29E+09 0.0403 3914.71
4.31E+09 0.0434 3912.59
4.33E+09 0.0413 3910.36
4.35E+09 0.0395 3907.93
4.37E+09 0.0404 3906.09
4.39E+09 0.0389 3904.26
4.40E+09 0.0379 3902.63
4.42E+09 0.0387 3900.92
4.44E+09 0.0387 3899.11
4.46E+09 0.0406 3896.86
4.48E+09 0.0385 3894.58
4.51E+09 0.0364 3892.3
4.53E+09 0.0371 3890.36
4.55E+09 0.0391 3887.98
4.58E+09 0.0395 3885.44
4.60E+09 0.0373 3883.14
4.62E+09 0.0338 3880.67
4.65E+09 0.0367 3878.21
4.68E+09 0.0372 3875.79
4.70E+09 0.0341 3873.39
4.72E+09 0.0345 3871.39
4.75E+09 0.0352 3869.16
4.77E+09 0.0298 3866.85
4.80E+09 0.0347 3864.75
4.82E+09 0.0346 3862.69
4.85E+09 0.0320 3860.53
4.87E+09 0.0344 3858.66
4.89E+09 0.0327 3856.95
4.91E+09 0.0327 3854.97
4.94E+09 0.0331 3852.75
4.96E+09 0.0339 3850.66
4.98E+09 0.0336 3848.84
