0.00E+00 0.0004 2141.56
5.91E+08 -0.0077 2150.51
8.37E+08 -0.0085 2156.44
9.96E+08 -0.0089 2160.57
1.13E+09 -0.0091 2164.09
1.24E+09 -0.0091 2166.97
1.33E+09 -0.0092 2169.38
1.41E+09 -0.0092 2171.56
1.49E+09 -0.0091 2173.99
1.58E+09 -0.0091 2176.37
1.66E+09 -0.0090 2178.51
1.75E+09 -0.0089 2180.72
1.84E+09 -0.0088 2183.22
1.93E+09 -0.0087 2185.48
2.02E+09 -0.0086 2187.81
2.11E+09 -0.0084 2190.08
2.20E+09 -0.0083 2192.39
2.31E+09 -0.0081 2194.86
2.40E+09 -0.0080 2197.23
2.51E+09 -0.0078 2199.63
2.60E+09 -0.0077 2201.76
2.69E+09 -0.0076 2203.87
2.77E+09 -0.0075 2205.64
2.87E+09 -0.0073 2207.73
2.96E+09 -0.0072 2209.67
3.05E+09 -0.0070 2211.58
3.16E+09 -0.0068 2213.77
3.26E+09 -0.0067 2215.73
3.36E+09 -0.0065 2217.69
3.45E+09 -0.0064 2219.46
3.56E+09 -0.0062 2221.5
3.67E+09 -0.0060 2223.51
3.79E+09 -0.0058 2225.55
3.90E+09 -0.0056 2227.43
4.03E+09 -0.0054 2229.51
4.15E+09 -0.0053 2231.55
4.28E+09 -0.0051 2233.52
4.43E+09 -0.0048 2235.73
4.60E+09 -0.0046 2238.04
4.75E+09 -0.0044 2240.11
4.93E+09 -0.0042 2242.43
