0.00E+00 -0.5694 5159.05
2.10E+08 0.1372 5056.3
2.73E+08 0.1377 5022.71
2.82E+08 0.1400 5017.79
2.84E+08 0.1587 5016.92
2.89E+08 0.1776 5013.57
3.03E+08 0.1806 5004.16
3.12E+08 0.2122 4998.35
3.19E+08 0.2095 4992.91
3.62E+08 0.2083 4961.43
3.80E+08 0.2403 4945.64
4.57E+08 0.1880 4886.74
5.37E+08 0.1909 4833.41
5.81E+08 0.2214 4799.09
6.43E+08 0.2182 4747.7
7.19E+08 0.1957 4689.21
7.72E+08 0.1857 4652.67
8.12E+08 0.1843 4625.05
8.46E+08 0.1849 4601.98
8.78E+08 0.1783 4580.74
9.04E+08 0.1789 4563.3
9.31E+08 0.1761 4545.58
9.59E+08 0.1637 4528.22
9.75E+08 0.1545 4518.55
9.92E+08 0.1435 4509.26
1.01E+09 0.1601 4496.36
1.04E+09 0.1495 4480.22
1.07E+09 0.1482 4467.62
1.09E+09 0.1451 4454.85
1.11E+09 0.1444 4441.93
1.13E+09 0.1336 4431.02
1.15E+09 0.1312 4422.12
1.17E+09 0.1412 4413.31
1.19E+09 0.1361 4403.46
1.20E+09 0.1239 4396.38
1.22E+09 0.1324 4389.38
1.24E+09 0.1228 4381.55
1.25E+09 0.1279 4373.93
1.27E+09 0.1234 4364.74
1.29E+09 0.1195 4357.36
1.30E+09 0.1250 4350.28
1.32E+09 0.1184 4342.34
1.33E+09 0.1140 4336.64
1.35E+09 0.1156 4330.92
1.37E+09 0.1211 4321.51
1.39E+09 0.1198 4313.6
1.40E+09 0.1136 4306.51
1.42E+09 0.1131 4298.42
1.44E+09 0.1097 4289.83
1.46E+09 0.1080 4283.76
1.48E+09 0.1119 4277.2
1.50E+09 0.1068 4269.61
1.51E+09 0.1065 4261.93
1.54E+09 0.1018 4253.66
1.55E+09 0.0988 4247.51
1.57E+09 0.1014 4240.22
1.59E+09 0.0973 4234.12
1.61E+09 0.1004 4228.45
1.63E+09 0.0918 4221.56
1.64E+09 0.0909 4216.02
1.66E+09 0.0897 4209.94
1.68E+09 0.0944 4203.51
1.70E+09 0.0877 4197.54
1.72E+09 0.0936 4191.29
1.74E+09 0.0870 4184.51
1.75E+09 0.0814 4179.54
1.77E+09 0.0837 4173.56
1.79E+09 0.0794 4168.46
1.81E+09 0.0832 4162.17
1.82E+09 0.0802 4157.64
1.85E+09 0.0865 4150.55
1.87E+09 0.0796 4144.69
1.89E+09 0.0686 4139.07
1.91E+09 0.0747 4134.29
1.92E+09 0.0775 4129.34
1.94E+09 0.0754 4124.24
1.96E+09 0.0691 4118.74
1.98E+09 0.0747 4114.35
2.00E+09 0.0730 4108.95
2.02E+09 0.0750 4102.73
2.04E+09 0.0729 4097.21
2.06E+09 0.0698 4092.55
2.08E+09 0.0680 4087.73
2.10E+09 0.0703 4082.14
2.12E+09 0.0697 4075.63
2.15E+09 0.0735 4069.89
2.17E+09 0.0670 4063.44
2.20E+09 0.0675 4056.96
2.22E+09 0.0689 4050.24
2.25E+09 0.0694 4043.4
2.28E+09 0.0646 4037.15
2.30E+09 0.0625 4030.52
2.33E+09 0.0632 4024.12
2.36E+09 0.0580 4017.99
2.38E+09 0.0549 4013.06
2.40E+09 0.0559 4008.89
2.43E+09 0.0566 4003.89
2.45E+09 0.0609 3998.25
2.48E+09 0.0578 3992.43
2.51E+09 0.0577 3986.29
2.54E+09 0.0546 3979.8
2.57E+09 0.0519 3974.5
2.60E+09 0.0524 3968.98
2.63E+09 0.0546 3963.16
2.66E+09 0.0504 3957.17
2.69E+09 0.0472 3951.98
2.71E+09 0.0448 3947.25
2.74E+09 0.0492 3942.02
2.77E+09 0.0436 3937.4
2.79E+09 0.0389 3933.79
2.82E+09 0.0454 3929.37
2.85E+09 0.0507 3923.95
2.89E+09 0.0466 3918.21
2.92E+09 0.0447 3912.8
2.95E+09 0.0405 3907.23
2.98E+09 0.0381 3902.79
3.02E+09 0.0449 3897.44
3.05E+09 0.0424 3891.91
3.09E+09 0.0368 3886.5
3.12E+09 0.0339 3882.22
3.16E+09 0.0356 3877.67
3.19E+09 0.0407 3872.25
3.23E+09 0.0380 3866.56
3.27E+09 0.0343 3861.97
3.31E+09 0.0327 3857.17
3.34E+09 0.0299 3853.08
3.38E+09 0.0315 3849.36
3.41E+09 0.0299 3845.48
3.44E+09 0.0311 3841.86
3.48E+09 0.0295 3837.9
3.51E+09 0.0311 3833.88
3.55E+09 0.0268 3829.95
3.59E+09 0.0279 3826.44
3.62E+09 0.0286 3822.95
3.65E+09 0.0269 3819.24
3.69E+09 0.0281 3815.57
3.73E+09 0.0249 3812.01
3.76E+09 0.0283 3808.53
3.80E+09 0.0269 3804.46
3.84E+09 0.0252 3800.67
3.88E+09 0.0303 3796.31
3.93E+09 0.0272 3791.19
3.97E+09 0.0244 3787.08
4.02E+09 0.0237 3783.16
4.06E+09 0.0248 3779.52
4.10E+09 0.0225 3775.49
4.15E+09 0.0216 3771.66
4.20E+09 0.0243 3767.18
4.25E+09 0.0221 3762.99
4.30E+09 0.0206 3759.53
4.34E+09 0.0238 3755.56
4.40E+09 0.0224 3751.25
4.45E+09 0.0200 3747.34
4.49E+09 0.0180 3744.28
4.54E+09 0.0177 3741.4
4.58E+09 0.0228 3738.18
4.63E+09 0.0198 3734.36
4.67E+09 0.0174 3731.13
4.72E+09 0.0166 3728.53
4.76E+09 0.0178 3725.76
4.80E+09 0.0162 3722.98
4.85E+09 0.0153 3720.12
4.90E+09 0.0186 3717.16
4.95E+09 0.0165 3714.11
4.99E+09 0.0150 3711.51
