0.00E+00 -0.4577 4658.89
1.51E+08 0.1714 4610.35
1.94E+08 0.1880 4584.55
2.47E+08 0.1817 4550.25
3.40E+08 0.1792 4492.28
4.50E+08 0.1582 4427.73
5.03E+08 0.1638 4398.44
5.34E+08 0.1570 4381.35
5.59E+08 0.1621 4367.23
5.84E+08 0.1645 4352.86
5.98E+08 0.1629 4344.77
6.22E+08 0.1576 4331.51
6.46E+08 0.1508 4318.8
6.64E+08 0.1485 4309.5
6.81E+08 0.1508 4300.27
6.98E+08 0.1443 4291.78
7.14E+08 0.1434 4283.68
7.26E+08 0.1399 4277.44
7.36E+08 0.1357 4272.78
7.49E+08 0.1336 4266.86
7.65E+08 0.1372 4259.22
7.82E+08 0.1334 4251.29
7.92E+08 0.1363 4246.51
8.00E+08 0.1321 4242.96
8.10E+08 0.1257 4238.19
8.19E+08 0.1203 4234.42
8.30E+08 0.1118 4230.18
8.46E+08 0.1112 4223.63
8.61E+08 0.1096 4218.02
8.73E+08 0.1094 4213.56
8.84E+08 0.1146 4208.99
8.99E+08 0.1142 4203.34
9.16E+08 0.1125 4196.34
9.38E+08 0.1221 4187.05
9.62E+08 0.1191 4177.27
9.81E+08 0.1132 4169.61
9.96E+08 0.1033 4163.91
1.01E+09 0.0926 4158.99
1.03E+09 0.0878 4154.26
1.05E+09 0.1026 4145.2
1.07E+09 0.1007 4137.45
1.09E+09 0.1027 4130.73
1.11E+09 0.0968 4124.74
1.12E+09 0.0930 4121.83
1.13E+09 0.0824 4117.23
1.15E+09 0.0828 4112.74
1.17E+09 0.0882 4107.53
1.19E+09 0.0895 4101.07
1.20E+09 0.0867 4096.66
1.22E+09 0.0874 4092.21
1.23E+09 0.0823 4087.41
1.25E+09 0.0806 4082.08
1.27E+09 0.0866 4077
1.29E+09 0.0822 4071.12
1.31E+09 0.0834 4065.89
1.32E+09 0.0789 4060.71
1.34E+09 0.0829 4055.57
1.36E+09 0.0787 4050.56
1.38E+09 0.0807 4045.02
1.40E+09 0.0795 4040.08
1.41E+09 0.0717 4035.54
1.43E+09 0.0728 4031.26
1.45E+09 0.0704 4027.28
1.46E+09 0.0704 4023.28
1.48E+09 0.0698 4018.66
1.50E+09 0.0710 4014.84
1.52E+09 0.0686 4010.28
1.53E+09 0.0715 4006.33
1.55E+09 0.0674 4002.54
1.56E+09 0.0651 3999.19
1.58E+09 0.0651 3995.44
1.60E+09 0.0675 3991.69
1.61E+09 0.0704 3987.23
1.63E+09 0.0646 3983.84
1.64E+09 0.0596 3980.74
1.66E+09 0.0596 3976.69
1.68E+09 0.0609 3972.92
1.70E+09 0.0650 3968.2
1.72E+09 0.0655 3963.01
1.75E+09 0.0628 3958.13
1.77E+09 0.0610 3953.87
1.78E+09 0.0565 3950.76
1.80E+09 0.0554 3947.79
1.82E+09 0.0633 3943.2
1.84E+09 0.0615 3938.14
1.86E+09 0.0562 3933.73
1.89E+09 0.0565 3928.96
1.91E+09 0.0577 3924.44
1.93E+09 0.0551 3919.74
1.96E+09 0.0575 3915.68
1.98E+09 0.0535 3911.05
2.00E+09 0.0547 3907.22
2.02E+09 0.0536 3903.54
2.04E+09 0.0488 3898.96
2.07E+09 0.0479 3895.44
2.09E+09 0.0510 3890.9
2.12E+09 0.0532 3885.4
2.15E+09 0.0541 3880.26
2.18E+09 0.0505 3875.32
2.20E+09 0.0473 3871.05
2.23E+09 0.0473 3866.87
2.26E+09 0.0513 3861.72
2.28E+09 0.0475 3857.28
2.31E+09 0.0445 3852.72
2.34E+09 0.0438 3848.32
2.36E+09 0.0405 3844.74
2.39E+09 0.0431 3840.28
2.42E+09 0.0429 3835.47
2.45E+09 0.0418 3831.12
2.48E+09 0.0416 3826.51
2.51E+09 0.0414 3822.17
2.55E+09 0.0431 3817.33
2.58E+09 0.0391 3812.41
2.61E+09 0.0361 3808.96
2.64E+09 0.0373 3804.88
2.66E+09 0.0339 3801.69
2.69E+09 0.0364 3798.05
2.72E+09 0.0326 3795.05
2.75E+09 0.0345 3791.11
2.78E+09 0.0331 3787.77
2.82E+09 0.0377 3783.5
2.85E+09 0.0378 3778.66
2.89E+09 0.0371 3774.14
2.92E+09 0.0330 3769.95
2.95E+09 0.0301 3766.86
2.99E+09 0.0350 3762.88
3.03E+09 0.0341 3757.88
3.06E+09 0.0326 3753.72
3.10E+09 0.0289 3749.94
3.13E+09 0.0297 3746.57
3.17E+09 0.0337 3742.68
3.20E+09 0.0305 3739.42
3.23E+09 0.0271 3736.13
3.26E+09 0.0275 3733.5
3.29E+09 0.0264 3730.47
3.32E+09 0.0295 3727.13
3.36E+09 0.0280 3723.4
3.40E+09 0.0274 3719.35
3.45E+09 0.0294 3714.77
3.49E+09 0.0275 3710.23
3.53E+09 0.0253 3706.81
3.57E+09 0.0245 3702.97
3.61E+09 0.0273 3699.43
3.65E+09 0.0250 3695.74
3.69E+09 0.0220 3692.83
3.72E+09 0.0224 3690.05
3.76E+09 0.0213 3687.36
3.79E+09 0.0206 3685.21
3.83E+09 0.0229 3682.22
3.87E+09 0.0251 3679.1
3.91E+09 0.0227 3675.88
3.95E+09 0.0205 3672.85
3.99E+09 0.0182 3670.12
4.02E+09 0.0186 3667.8
4.06E+09 0.0211 3665.25
4.10E+09 0.0218 3662.13
4.15E+09 0.0193 3658.76
4.19E+09 0.0188 3656.19
4.23E+09 0.0192 3653.35
4.27E+09 0.0223 3650.24
4.32E+09 0.0204 3646.91
4.37E+09 0.0177 3643.83
4.40E+09 0.0165 3641.6
4.44E+09 0.0162 3639.51
4.48E+09 0.0179 3637.03
4.53E+09 0.0188 3634.23
4.57E+09 0.0187 3631.06
4.62E+09 0.0190 3627.7
4.68E+09 0.0181 3624.43
4.72E+09 0.0173 3621.38
4.77E+09 0.0161 3618.62
4.82E+09 0.0163 3616.07
4.87E+09 0.0153 3613.41
4.92E+09 0.0171 3610.29
4.97E+09 0.0157 3607.45
