0.00E+00 -0.5153 5185.2
1.46E+08 0.2391 5074.42
2.29E+08 0.1946 4973.08
3.81E+08 0.1965 4808.41
5.92E+08 0.1629 4596.29
7.09E+08 0.1410 4491.52
7.78E+08 0.1334 4435.92
8.45E+08 0.1288 4383.09
8.85E+08 0.1242 4355.33
9.23E+08 0.1187 4329.53
9.62E+08 0.1150 4303.26
1.01E+09 0.1134 4274.22
1.05E+09 0.1031 4246.26
1.10E+09 0.1053 4219.16
1.14E+09 0.1015 4194.66
1.18E+09 0.0959 4171.65
1.22E+09 0.0936 4149.22
1.27E+09 0.0900 4123.85
1.30E+09 0.0801 4107.38
1.36E+09 0.0881 4078.51
1.41E+09 0.0790 4053.56
1.45E+09 0.0720 4035.35
1.51E+09 0.0675 4014.88
1.55E+09 0.0655 3997.58
1.60E+09 0.0624 3978.42
1.65E+09 0.0588 3963.47
1.69E+09 0.0545 3950.9
1.73E+09 0.0514 3937.63
1.77E+09 0.0538 3925.79
1.81E+09 0.0516 3912.87
1.84E+09 0.0491 3903.66
1.88E+09 0.0462 3893.49
1.92E+09 0.0464 3883.7
1.95E+09 0.0388 3875.83
1.99E+09 0.0449 3865.5
2.04E+09 0.0404 3854.56
2.08E+09 0.0409 3843.79
2.11E+09 0.0368 3836.84
2.16E+09 0.0422 3826.78
2.20E+09 0.0403 3816.96
2.25E+09 0.0353 3806.92
2.28E+09 0.0345 3799.64
2.33E+09 0.0343 3790.27
2.38E+09 0.0317 3782.48
2.41E+09 0.0291 3775.93
2.46E+09 0.0327 3767.06
2.51E+09 0.0290 3759.76
2.56E+09 0.0270 3750.92
2.61E+09 0.0276 3743.14
2.67E+09 0.0292 3734.24
2.71E+09 0.0259 3726.69
2.78E+09 0.0252 3717.92
2.82E+09 0.0233 3711.93
2.87E+09 0.0216 3704.94
2.93E+09 0.0235 3697.3
2.98E+09 0.0228 3691.38
3.04E+09 0.0194 3684.23
3.10E+09 0.0212 3676.79
3.15E+09 0.0201 3670.43
3.22E+09 0.0187 3663.17
3.28E+09 0.0194 3656.4
3.36E+09 0.0191 3648.3
3.43E+09 0.0185 3640.61
3.50E+09 0.0169 3633.95
3.56E+09 0.0174 3627.29
3.64E+09 0.0171 3619.94
3.71E+09 0.0167 3612.94
3.78E+09 0.0151 3606.67
3.86E+09 0.0141 3599.44
3.94E+09 0.0145 3593.05
4.03E+09 0.0138 3586.24
4.11E+09 0.0127 3579.98
4.19E+09 0.0115 3574.34
4.28E+09 0.0105 3568.84
4.36E+09 0.0113 3563.78
4.45E+09 0.0101 3558.28
4.53E+09 0.0100 3553.59
4.63E+09 0.0095 3548.51
4.71E+09 0.0098 3543.72
4.81E+09 0.0094 3538.71
4.89E+09 0.0093 3534.31
4.97E+09 0.0090 3529.82
