0.00E+00 -0.4473 4860.37
4.42E+07 0.2825 4830.01
6.02E+07 0.3112 4809.94
8.46E+07 0.3217 4777.44
1.21E+08 0.2980 4730.32
1.62E+08 0.2766 4681.22
2.12E+08 0.3043 4622.37
2.80E+08 0.2801 4541.3
3.28E+08 0.2803 4484.18
3.66E+08 0.2631 4441.95
3.96E+08 0.2555 4409.82
4.19E+08 0.2441 4385.84
4.37E+08 0.2355 4367.57
4.53E+08 0.2323 4352.63
4.71E+08 0.2307 4335.1
4.88E+08 0.2243 4319.36
5.02E+08 0.2182 4305.59
5.16E+08 0.2139 4293.49
5.30E+08 0.2139 4281.04
5.48E+08 0.2079 4265.28
5.65E+08 0.2038 4250.46
5.81E+08 0.1996 4237.57
5.94E+08 0.1981 4226.16
6.10E+08 0.1914 4213.5
6.25E+08 0.1913 4201.61
6.42E+08 0.1844 4188.71
6.54E+08 0.1817 4179.04
6.68E+08 0.1777 4169.05
6.83E+08 0.1755 4158.02
7.00E+08 0.1691 4145.91
7.13E+08 0.1657 4136.74
7.26E+08 0.1639 4127.69
7.40E+08 0.1581 4118.19
7.55E+08 0.1558 4108.85
7.73E+08 0.1546 4097.16
7.88E+08 0.1502 4087.56
8.04E+08 0.1466 4077.78
8.20E+08 0.1440 4068.07
8.37E+08 0.1394 4058.41
8.52E+08 0.1351 4049.3
8.68E+08 0.1323 4040.84
8.78E+08 0.1313 4035.16
8.96E+08 0.1271 4025.44
9.15E+08 0.1253 4015.76
9.34E+08 0.1197 4006.19
9.54E+08 0.1167 3996.35
9.71E+08 0.1132 3988.03
9.86E+08 0.1115 3980.92
1.00E+09 0.1099 3973.38
1.02E+09 0.1071 3965.85
1.04E+09 0.1072 3958.6
1.05E+09 0.1055 3952.9
1.06E+09 0.1058 3947.71
1.07E+09 0.1022 3941.67
1.09E+09 0.1013 3935.13
1.10E+09 0.1010 3930.78
1.11E+09 0.1009 3925.89
1.13E+09 0.0996 3920.25
1.14E+09 0.0983 3915.07
1.15E+09 0.0973 3908.74
1.16E+09 0.0978 3904.27
1.18E+09 0.0970 3899.2
1.19E+09 0.0951 3893.6
1.21E+09 0.0936 3887.12
1.22E+09 0.0945 3881.02
1.24E+09 0.0934 3876.15
1.25E+09 0.0905 3870.28
1.27E+09 0.0900 3864.18
1.28E+09 0.0898 3858.77
1.30E+09 0.0895 3852.92
1.31E+09 0.0885 3847.28
1.33E+09 0.0869 3842.14
1.34E+09 0.0875 3838.13
1.35E+09 0.0872 3833.37
1.37E+09 0.0844 3827.5
1.39E+09 0.0836 3821.06
1.40E+09 0.0824 3816.48
1.41E+09 0.0816 3811.66
1.43E+09 0.0827 3806.01
1.45E+09 0.0797 3800.46
1.46E+09 0.0807 3796.12
1.47E+09 0.0796 3791.46
1.49E+09 0.0780 3786.16
1.50E+09 0.0781 3781.25
1.52E+09 0.0773 3776.54
1.54E+09 0.0762 3770.98
1.55E+09 0.0750 3765.33
1.57E+09 0.0727 3761.17
1.59E+09 0.0729 3755.86
1.60E+09 0.0722 3751.15
1.62E+09 0.0730 3746.84
1.64E+09 0.0695 3740.94
1.65E+09 0.0705 3735.73
1.67E+09 0.0691 3730.22
1.69E+09 0.0691 3724.79
1.71E+09 0.0666 3719.14
1.73E+09 0.0668 3713.28
1.75E+09 0.0648 3707.98
1.77E+09 0.0651 3702.75
1.79E+09 0.0646 3697.32
1.81E+09 0.0639 3691.94
1.83E+09 0.0619 3686.89
1.85E+09 0.0617 3681.95
1.87E+09 0.0604 3677.01
1.89E+09 0.0598 3672.41
1.91E+09 0.0598 3668.16
1.93E+09 0.0587 3662.72
1.95E+09 0.0572 3657.64
1.97E+09 0.0575 3652.69
1.99E+09 0.0559 3647.17
2.02E+09 0.0546 3641.86
2.04E+09 0.0542 3637.19
2.06E+09 0.0544 3631.89
2.09E+09 0.0528 3626.13
2.11E+09 0.0517 3621.08
2.13E+09 0.0511 3615.62
2.16E+09 0.0501 3609.63
2.19E+09 0.0495 3604.16
2.22E+09 0.0481 3598.36
2.25E+09 0.0471 3592.74
2.27E+09 0.0473 3587.42
2.30E+09 0.0462 3582.1
2.33E+09 0.0453 3576.84
2.36E+09 0.0438 3571.38
2.39E+09 0.0426 3565.82
2.42E+09 0.0415 3561.05
2.44E+09 0.0418 3556.17
2.47E+09 0.0407 3550.95
2.51E+09 0.0399 3545.66
2.53E+09 0.0392 3540.76
2.57E+09 0.0390 3535.77
2.60E+09 0.0383 3530.62
2.63E+09 0.0368 3526.14
2.66E+09 0.0361 3521.24
2.69E+09 0.0354 3516.25
2.73E+09 0.0349 3511.37
2.75E+09 0.0347 3507.48
2.78E+09 0.0341 3503.57
2.81E+09 0.0332 3499.16
2.85E+09 0.0322 3494.51
2.88E+09 0.0325 3490.02
2.91E+09 0.0306 3485.4
2.95E+09 0.0305 3481.07
2.98E+09 0.0292 3476.65
3.02E+09 0.0297 3472.63
3.05E+09 0.0294 3468.76
3.08E+09 0.0284 3464.47
3.12E+09 0.0281 3460.66
3.15E+09 0.0284 3456.84
3.18E+09 0.0272 3452.72
3.22E+09 0.0269 3448.75
3.26E+09 0.0260 3444.8
3.29E+09 0.0252 3440.97
3.33E+09 0.0259 3437.28
3.36E+09 0.0253 3433.36
3.40E+09 0.0248 3429.55
3.44E+09 0.0242 3425.78
3.47E+09 0.0240 3422.13
3.51E+09 0.0231 3418.37
3.55E+09 0.0230 3414.65
3.59E+09 0.0230 3410.84
3.63E+09 0.0225 3407.21
3.67E+09 0.0223 3403.53
3.71E+09 0.0218 3399.93
3.75E+09 0.0215 3396.32
3.79E+09 0.0206 3392.59
3.83E+09 0.0208 3389.11
3.87E+09 0.0203 3385.59
3.91E+09 0.0201 3382.17
3.95E+09 0.0199 3378.62
4.00E+09 0.0197 3375.31
4.04E+09 0.0195 3371.97
4.08E+09 0.0192 3368.6
4.12E+09 0.0192 3365.2
4.16E+09 0.0187 3361.83
4.21E+09 0.0189 3358.52
4.25E+09 0.0184 3355.15
4.29E+09 0.0178 3351.89
4.34E+09 0.0178 3348.54
4.38E+09 0.0173 3345.22
4.43E+09 0.0171 3341.85
4.47E+09 0.0170 3338.69
4.52E+09 0.0169 3335.48
4.56E+09 0.0170 3332.38
4.61E+09 0.0165 3329.21
4.66E+09 0.0162 3325.97
4.70E+09 0.0157 3322.76
4.75E+09 0.0159 3319.49
4.80E+09 0.0155 3316.35
4.85E+09 0.0150 3313.27
4.90E+09 0.0152 3310.28
4.95E+09 0.0149 3307.2
5.00E+09 0.0150 3304.15
