0.00E+00 -0.3087 3968.75
4.47E+07 0.1603 3959.19
5.21E+07 0.1898 3955.61
6.13E+07 0.2176 3950.42
7.56E+07 0.2105 3941.96
1.03E+08 0.1974 3926.36
1.40E+08 0.1848 3907.71
1.68E+08 0.1924 3892.51
1.98E+08 0.2007 3876.29
2.19E+08 0.1942 3864.4
2.39E+08 0.1841 3854.01
2.54E+08 0.1802 3846.72
2.69E+08 0.1767 3839.41
2.82E+08 0.1717 3832.98
2.94E+08 0.1677 3827.65
3.06E+08 0.1649 3821.96
3.19E+08 0.1600 3816.11
3.32E+08 0.1571 3810.54
3.42E+08 0.1533 3806.05
3.52E+08 0.1508 3801.99
3.61E+08 0.1483 3798.25
3.71E+08 0.1473 3794.37
3.80E+08 0.1442 3790.55
3.92E+08 0.1413 3786.11
4.02E+08 0.1378 3782.31
4.12E+08 0.1358 3778.28
4.22E+08 0.1322 3774.82
4.30E+08 0.1304 3771.8
4.38E+08 0.1289 3768.86
4.46E+08 0.1274 3766.27
4.55E+08 0.1249 3762.88
4.65E+08 0.1230 3759.48
4.75E+08 0.1206 3756.37
4.83E+08 0.1175 3753.52
4.92E+08 0.1151 3750.73
4.99E+08 0.1151 3748.37
5.08E+08 0.1124 3745.62
5.18E+08 0.1098 3742.72
5.29E+08 0.1076 3739.31
5.40E+08 0.1056 3735.98
5.51E+08 0.1029 3732.85
5.62E+08 0.1008 3729.79
5.73E+08 0.0986 3726.79
5.84E+08 0.0970 3723.83
5.96E+08 0.0937 3720.77
6.07E+08 0.0921 3717.98
6.18E+08 0.0899 3715.12
6.30E+08 0.0883 3712.1
6.45E+08 0.0858 3708.63
6.59E+08 0.0835 3705.41
6.72E+08 0.0813 3702.48
6.84E+08 0.0803 3699.69
6.94E+08 0.0786 3697.5
7.04E+08 0.0777 3695.31
7.14E+08 0.0762 3693.22
7.23E+08 0.0756 3691.35
7.31E+08 0.0759 3689.74
7.39E+08 0.0737 3688.04
7.46E+08 0.0728 3686.64
7.53E+08 0.0731 3685.28
7.60E+08 0.0731 3683.91
7.67E+08 0.0729 3682.4
7.76E+08 0.0729 3680.67
7.85E+08 0.0730 3678.89
7.95E+08 0.0717 3676.85
8.06E+08 0.0718 3674.66
8.16E+08 0.0708 3672.75
8.26E+08 0.0696 3670.75
8.37E+08 0.0704 3668.73
8.46E+08 0.0693 3666.86
8.56E+08 0.0689 3665.02
8.67E+08 0.0676 3663.01
8.78E+08 0.0682 3660.89
8.89E+08 0.0680 3658.77
9.01E+08 0.0670 3656.71
9.12E+08 0.0669 3654.57
9.23E+08 0.0664 3652.55
9.35E+08 0.0662 3650.32
9.46E+08 0.0655 3648.38
9.58E+08 0.0648 3646.32
9.66E+08 0.0649 3644.73
9.76E+08 0.0638 3643.02
9.84E+08 0.0644 3641.53
9.93E+08 0.0643 3639.97
1.00E+09 0.0632 3638.25
1.02E+09 0.0635 3636.03
1.03E+09 0.0629 3633.83
1.04E+09 0.0620 3631.75
1.05E+09 0.0623 3629.88
1.06E+09 0.0616 3627.78
1.07E+09 0.0612 3625.98
1.08E+09 0.0614 3624.37
1.09E+09 0.0604 3622.69
1.10E+09 0.0613 3621.13
1.11E+09 0.0606 3619.19
1.13E+09 0.0602 3617.31
1.14E+09 0.0601 3615.21
1.15E+09 0.0593 3613.2
1.16E+09 0.0587 3611.18
1.17E+09 0.0591 3609.39
1.19E+09 0.0592 3607.55
1.20E+09 0.0589 3605.75
1.21E+09 0.0586 3603.75
1.22E+09 0.0585 3601.63
1.24E+09 0.0582 3599.57
1.25E+09 0.0574 3597.36
1.26E+09 0.0578 3595.42
1.27E+09 0.0569 3593.26
1.29E+09 0.0569 3591.44
1.30E+09 0.0565 3589.35
1.31E+09 0.0560 3587.26
1.33E+09 0.0559 3584.99
1.34E+09 0.0552 3583.13
1.35E+09 0.0545 3581.5
1.36E+09 0.0548 3579.76
1.37E+09 0.0545 3577.95
1.39E+09 0.0543 3576.02
1.40E+09 0.0540 3574.18
1.41E+09 0.0537 3572.08
1.43E+09 0.0535 3570.32
1.44E+09 0.0534 3568.34
1.45E+09 0.0534 3566.39
1.47E+09 0.0523 3564.3
1.48E+09 0.0527 3562.31
1.49E+09 0.0518 3560.31
1.51E+09 0.0518 3558.47
1.52E+09 0.0520 3556.63
1.53E+09 0.0521 3554.81
1.55E+09 0.0511 3552.72
1.56E+09 0.0516 3550.73
1.57E+09 0.0507 3548.96
1.59E+09 0.0502 3547.23
1.60E+09 0.0507 3545.35
1.62E+09 0.0501 3543.27
1.63E+09 0.0499 3541.46
1.64E+09 0.0507 3539.57
1.66E+09 0.0494 3537.41
1.67E+09 0.0492 3535.61
1.69E+09 0.0485 3533.82
1.70E+09 0.0487 3532.2
1.71E+09 0.0481 3530.62
1.72E+09 0.0483 3529.1
1.73E+09 0.0476 3527.39
1.75E+09 0.0480 3525.53
1.76E+09 0.0475 3523.68
1.78E+09 0.0473 3521.71
1.79E+09 0.0468 3519.68
1.81E+09 0.0469 3517.77
1.82E+09 0.0468 3515.95
1.83E+09 0.0470 3514.2
1.85E+09 0.0461 3512.31
1.87E+09 0.0460 3510.13
1.88E+09 0.0457 3508.21
1.90E+09 0.0455 3506.06
1.91E+09 0.0452 3504.11
1.93E+09 0.0445 3502.03
1.95E+09 0.0443 3499.87
1.97E+09 0.0443 3497.91
1.98E+09 0.0440 3495.96
2.00E+09 0.0440 3493.84
2.02E+09 0.0434 3491.56
2.04E+09 0.0435 3489.4
2.05E+09 0.0432 3487.25
2.07E+09 0.0429 3485.11
2.09E+09 0.0427 3482.99
2.11E+09 0.0427 3480.97
2.12E+09 0.0418 3478.99
2.14E+09 0.0413 3477.07
2.16E+09 0.0414 3475.04
2.18E+09 0.0410 3473.11
2.19E+09 0.0411 3471.17
2.21E+09 0.0407 3469.15
2.23E+09 0.0399 3467.17
2.25E+09 0.0402 3465.3
2.26E+09 0.0404 3463.24
2.28E+09 0.0395 3461.21
2.30E+09 0.0391 3459.22
2.32E+09 0.0392 3457.19
2.34E+09 0.0388 3455.18
2.36E+09 0.0379 3453.36
2.37E+09 0.0384 3451.63
2.39E+09 0.0385 3449.74
2.41E+09 0.0382 3447.65
2.43E+09 0.0379 3445.71
2.45E+09 0.0376 3443.8
2.47E+09 0.0376 3441.85
2.49E+09 0.0371 3439.77
2.50E+09 0.0364 3438.06
2.52E+09 0.0366 3436.36
2.54E+09 0.0365 3434.35
2.56E+09 0.0360 3432.16
2.58E+09 0.0360 3430.1
2.60E+09 0.0357 3428.02
2.62E+09 0.0355 3425.99
2.65E+09 0.0353 3423.93
2.67E+09 0.0346 3421.95
2.69E+09 0.0350 3419.84
2.71E+09 0.0342 3417.94
2.73E+09 0.0346 3415.97
2.75E+09 0.0341 3414.05
2.77E+09 0.0337 3412.19
2.79E+09 0.0337 3410.52
2.81E+09 0.0336 3408.73
2.83E+09 0.0332 3406.96
2.85E+09 0.0330 3405.1
2.87E+09 0.0327 3403.29
2.89E+09 0.0329 3401.3
2.91E+09 0.0327 3399.27
2.93E+09 0.0323 3397.4
2.95E+09 0.0323 3395.72
2.97E+09 0.0318 3393.86
2.99E+09 0.0315 3392.08
3.01E+09 0.0313 3390.2
3.04E+09 0.0313 3388.35
3.05E+09 0.0314 3386.65
3.08E+09 0.0309 3384.78
3.10E+09 0.0303 3382.82
3.12E+09 0.0304 3381.02
3.14E+09 0.0304 3379.14
3.16E+09 0.0303 3377.55
3.18E+09 0.0299 3376.02
3.20E+09 0.0299 3374.49
3.22E+09 0.0295 3373.02
3.24E+09 0.0297 3371.54
3.26E+09 0.0295 3369.83
3.28E+09 0.0294 3367.88
3.31E+09 0.0288 3365.91
3.33E+09 0.0288 3363.99
3.35E+09 0.0286 3362.15
3.38E+09 0.0288 3360.41
3.40E+09 0.0284 3358.54
3.42E+09 0.0278 3356.77
3.45E+09 0.0275 3354.83
3.47E+09 0.0279 3353.11
3.49E+09 0.0278 3351.23
3.52E+09 0.0273 3349.37
3.54E+09 0.0269 3347.54
3.57E+09 0.0266 3345.66
3.59E+09 0.0268 3343.82
3.62E+09 0.0266 3341.9
3.65E+09 0.0263 3339.99
3.67E+09 0.0261 3338.19
3.70E+09 0.0260 3336.36
3.72E+09 0.0265 3334.92
3.74E+09 0.0260 3333.19
3.77E+09 0.0257 3331.43
3.79E+09 0.0255 3329.68
3.82E+09 0.0254 3327.87
3.84E+09 0.0255 3326.02
3.87E+09 0.0251 3324.23
3.90E+09 0.0245 3322.35
3.92E+09 0.0251 3320.48
3.95E+09 0.0245 3318.63
3.98E+09 0.0243 3316.91
4.00E+09 0.0242 3315.15
4.03E+09 0.0243 3313.48
4.05E+09 0.0239 3311.75
4.08E+09 0.0236 3310.1
4.10E+09 0.0235 3308.65
4.13E+09 0.0234 3306.92
4.15E+09 0.0233 3305.25
4.18E+09 0.0227 3303.48
4.21E+09 0.0232 3301.83
4.24E+09 0.0229 3300.02
4.26E+09 0.0227 3298.3
4.29E+09 0.0228 3296.74
4.32E+09 0.0222 3295.05
4.34E+09 0.0224 3293.33
4.37E+09 0.0222 3291.73
4.40E+09 0.0222 3290.08
4.42E+09 0.0222 3288.51
4.45E+09 0.0221 3287.13
4.47E+09 0.0222 3285.83
4.49E+09 0.0221 3284.27
4.52E+09 0.0212 3282.76
4.54E+09 0.0213 3281.18
4.57E+09 0.0217 3279.77
4.59E+09 0.0216 3278.31
4.62E+09 0.0218 3276.9
4.64E+09 0.0210 3275.49
4.66E+09 0.0214 3274.17
4.69E+09 0.0211 3272.75
4.71E+09 0.0210 3271.38
4.74E+09 0.0208 3269.79
4.76E+09 0.0209 3268.32
4.79E+09 0.0208 3266.59
4.82E+09 0.0206 3264.98
4.85E+09 0.0203 3263.38
4.88E+09 0.0208 3261.87
4.90E+09 0.0204 3260.34
4.93E+09 0.0209 3258.85
4.96E+09 0.0201 3257.23
4.99E+09 0.0208 3255.64
