0.00E+00 -0.6067 5125.01
1.97E+08 0.1461 5036.75
2.52E+08 0.1455 5010.08
2.93E+08 0.1461 4991.09
3.32E+08 0.1310 4972.87
3.64E+08 0.1370 4958.77
3.98E+08 0.1277 4943.93
4.23E+08 0.1295 4933.51
4.30E+08 0.1335 4930.44
4.31E+08 0.1420 4930.01
4.32E+08 0.1520 4929.38
4.35E+08 0.1633 4927.65
4.42E+08 0.1663 4923.97
4.53E+08 0.1659 4918.22
4.67E+08 0.1740 4910.04
4.93E+08 0.1991 4894.45
5.04E+08 0.2486 4886.21
5.23E+08 0.2192 4871.15
5.74E+08 0.1990 4836.63
6.09E+08 0.2011 4813.58
6.40E+08 0.1980 4792.45
6.94E+08 0.1806 4758.59
7.43E+08 0.1659 4730.12
7.94E+08 0.1531 4703.27
8.39E+08 0.1501 4681.24
8.78E+08 0.1678 4660.48
9.12E+08 0.1505 4642.23
9.63E+08 0.1655 4614.6
1.01E+09 0.1664 4589.03
1.03E+09 0.1607 4579.23
1.05E+09 0.1474 4565.98
1.08E+09 0.1424 4554.72
1.10E+09 0.1431 4542.06
1.13E+09 0.1316 4531.37
1.15E+09 0.1359 4521.34
1.17E+09 0.1309 4512.33
1.19E+09 0.1228 4505.32
1.20E+09 0.1300 4499.6
1.22E+09 0.1208 4491.8
1.24E+09 0.1251 4483.98
1.25E+09 0.1215 4476.48
1.27E+09 0.1174 4470.42
1.29E+09 0.1147 4463.23
1.30E+09 0.1181 4457.43
1.32E+09 0.1171 4450.88
1.34E+09 0.1090 4444.68
1.35E+09 0.1146 4438.89
1.37E+09 0.1066 4432.43
1.39E+09 0.1055 4426.55
1.40E+09 0.1043 4421.43
1.42E+09 0.1073 4415.83
1.43E+09 0.1056 4410.43
1.45E+09 0.1040 4403.73
1.47E+09 0.1019 4398.73
1.48E+09 0.1019 4392.84
1.50E+09 0.1011 4387.68
1.51E+09 0.0982 4383.2
1.53E+09 0.1011 4378.34
1.54E+09 0.0960 4373.59
1.56E+09 0.0992 4368.62
1.57E+09 0.0974 4363.4
1.59E+09 0.0958 4358.37
1.61E+09 0.0889 4353.55
1.62E+09 0.0907 4349.83
1.63E+09 0.0939 4346.47
1.64E+09 0.0835 4342.77
1.65E+09 0.0886 4339.37
1.67E+09 0.0832 4335.7
1.68E+09 0.0866 4332.47
1.69E+09 0.0883 4328.27
1.71E+09 0.0876 4324.06
1.72E+09 0.0832 4319.65
1.74E+09 0.0851 4315.59
1.75E+09 0.0793 4311.58
1.77E+09 0.0827 4308.06
1.78E+09 0.0799 4304.77
1.79E+09 0.0837 4301.56
1.81E+09 0.0839 4297.16
1.82E+09 0.0802 4292.86
1.83E+09 0.0800 4289.22
1.85E+09 0.0764 4285.57
1.86E+09 0.0792 4281.99
1.88E+09 0.0814 4277.46
1.90E+09 0.0784 4272.92
1.91E+09 0.0751 4268.66
1.93E+09 0.0718 4265
1.95E+09 0.0722 4261.04
1.96E+09 0.0735 4257.75
1.98E+09 0.0655 4254
1.99E+09 0.0736 4250.72
2.01E+09 0.0705 4246.36
2.03E+09 0.0710 4241.96
2.04E+09 0.0713 4238.06
2.06E+09 0.0751 4233.48
2.08E+09 0.0722 4228.26
2.10E+09 0.0698 4223.33
2.13E+09 0.0676 4218.47
2.15E+09 0.0652 4213.93
2.17E+09 0.0689 4209.28
2.19E+09 0.0671 4204.26
2.21E+09 0.0661 4199.52
2.23E+09 0.0643 4195.35
2.25E+09 0.0647 4190.31
2.27E+09 0.0634 4186.19
2.29E+09 0.0651 4181.74
2.32E+09 0.0601 4176.59
2.34E+09 0.0597 4172.68
2.36E+09 0.0578 4168.25
2.38E+09 0.0556 4163.95
2.41E+09 0.0572 4159.45
2.43E+09 0.0575 4154.71
2.45E+09 0.0537 4150.95
2.47E+09 0.0540 4147.06
2.50E+09 0.0522 4143.23
2.52E+09 0.0525 4139.25
2.54E+09 0.0495 4135.71
2.56E+09 0.0520 4132.14
2.58E+09 0.0499 4128.74
2.60E+09 0.0450 4125.93
2.62E+09 0.0419 4123.36
2.63E+09 0.0472 4120.95
2.66E+09 0.0504 4117.6
2.67E+09 0.0472 4114.38
2.70E+09 0.0420 4111.24
2.72E+09 0.0458 4108.44
2.73E+09 0.0477 4105.4
2.76E+09 0.0493 4101.79
2.78E+09 0.0478 4098.28
2.81E+09 0.0429 4094.44
2.83E+09 0.0473 4091.32
2.84E+09 0.0424 4088.67
2.86E+09 0.0391 4086.12
2.89E+09 0.0391 4083.21
2.91E+09 0.0430 4080.48
2.92E+09 0.0415 4077.74
2.95E+09 0.0423 4074.37
2.97E+09 0.0394 4071.17
2.99E+09 0.0419 4068.16
3.02E+09 0.0390 4065
3.04E+09 0.0419 4061.82
3.07E+09 0.0383 4058.55
3.09E+09 0.0413 4055.31
3.12E+09 0.0370 4051.92
3.14E+09 0.0392 4048.7
3.16E+09 0.0371 4045.83
3.19E+09 0.0372 4042.72
3.22E+09 0.0339 4039.7
3.24E+09 0.0322 4037.42
3.26E+09 0.0336 4034.91
3.28E+09 0.0381 4032.06
3.31E+09 0.0336 4028.68
3.34E+09 0.0359 4025.66
3.36E+09 0.0345 4023.03
3.39E+09 0.0328 4019.86
3.42E+09 0.0320 4016.85
3.44E+09 0.0310 4013.91
3.47E+09 0.0357 4010.55
3.50E+09 0.0327 4007.6
3.53E+09 0.0298 4004.57
3.56E+09 0.0310 4002.01
3.58E+09 0.0293 3999.25
3.61E+09 0.0288 3996.53
3.64E+09 0.0284 3994.02
3.66E+09 0.0300 3991.46
3.69E+09 0.0281 3988.62
3.72E+09 0.0281 3985.75
3.75E+09 0.0269 3983.1
3.78E+09 0.0266 3980.48
3.81E+09 0.0244 3977.95
3.84E+09 0.0256 3975.56
3.87E+09 0.0250 3973.35
3.90E+09 0.0263 3970.72
3.93E+09 0.0247 3968.22
3.96E+09 0.0238 3966.12
3.99E+09 0.0235 3963.65
4.02E+09 0.0266 3961.27
4.04E+09 0.0239 3958.98
4.07E+09 0.0220 3956.64
4.11E+09 0.0237 3953.79
4.14E+09 0.0238 3951.64
4.17E+09 0.0217 3949.23
4.20E+09 0.0220 3946.94
4.23E+09 0.0197 3944.77
4.27E+09 0.0245 3942.39
4.30E+09 0.0238 3940.05
4.33E+09 0.0208 3937.61
4.37E+09 0.0208 3935.04
4.40E+09 0.0202 3933.02
4.43E+09 0.0195 3930.9
4.46E+09 0.0199 3928.73
4.50E+09 0.0208 3926.39
4.53E+09 0.0211 3923.89
4.57E+09 0.0205 3921.06
4.60E+09 0.0215 3918.76
4.64E+09 0.0184 3916.4
4.68E+09 0.0184 3914.11
4.71E+09 0.0175 3912.02
4.75E+09 0.0174 3910.09
4.78E+09 0.0198 3907.77
4.82E+09 0.0189 3905.25
4.86E+09 0.0199 3902.96
4.90E+09 0.0191 3900.48
4.94E+09 0.0182 3897.92
4.97E+09 0.0181 3895.94
