0.00E+00 -0.4105 4586.94
3.53E+07 0.2524 4571.37
4.48E+07 0.2971 4562.43
6.05E+07 0.2878 4546.7
8.62E+07 0.2891 4521.84
1.14E+08 0.2932 4494.39
1.48E+08 0.2852 4462.37
1.90E+08 0.2806 4422.32
2.24E+08 0.2781 4390.46
2.47E+08 0.2667 4368.94
2.64E+08 0.2593 4353.52
2.84E+08 0.2567 4336.58
3.01E+08 0.2481 4322.64
3.12E+08 0.2405 4313.16
3.24E+08 0.2378 4303.48
3.37E+08 0.2368 4293.28
3.51E+08 0.2306 4282.32
3.66E+08 0.2271 4271.08
3.78E+08 0.2257 4261.76
3.89E+08 0.2181 4253.52
4.01E+08 0.2189 4244.38
4.14E+08 0.2117 4235.3
4.23E+08 0.2066 4228.74
4.34E+08 0.2055 4221.67
4.44E+08 0.2037 4214.8
4.55E+08 0.2004 4207.14
4.64E+08 0.1977 4200.87
4.75E+08 0.1952 4193.96
4.86E+08 0.1914 4186.53
4.96E+08 0.1867 4180.32
5.07E+08 0.1857 4173.67
5.16E+08 0.1825 4167.53
5.28E+08 0.1796 4160.44
5.40E+08 0.1751 4153.31
5.52E+08 0.1729 4146.17
5.64E+08 0.1693 4139.46
5.75E+08 0.1647 4133.54
5.85E+08 0.1628 4128.05
5.96E+08 0.1609 4122.05
6.05E+08 0.1588 4117.02
6.18E+08 0.1560 4110
6.29E+08 0.1528 4104.4
6.42E+08 0.1509 4097.93
6.54E+08 0.1472 4091.73
6.66E+08 0.1443 4085.95
6.78E+08 0.1404 4080.21
6.91E+08 0.1376 4074.17
7.04E+08 0.1361 4068.2
7.16E+08 0.1325 4062.65
7.28E+08 0.1301 4057.57
7.42E+08 0.1273 4051.52
7.55E+08 0.1256 4046.2
7.68E+08 0.1236 4040.64
7.82E+08 0.1191 4035.15
7.94E+08 0.1178 4030.34
8.04E+08 0.1162 4026.15
8.17E+08 0.1150 4021.37
8.28E+08 0.1136 4017.06
8.41E+08 0.1130 4012.25
8.52E+08 0.1106 4008.01
8.62E+08 0.1096 4004.05
8.71E+08 0.1092 4000.88
8.82E+08 0.1096 3996.96
8.93E+08 0.1065 3992.79
9.05E+08 0.1061 3988.68
9.14E+08 0.1060 3985.25
9.25E+08 0.1054 3981.48
9.34E+08 0.1039 3978.29
9.45E+08 0.1041 3974.38
9.55E+08 0.1026 3971.07
9.66E+08 0.1025 3967.27
9.75E+08 0.1024 3963.99
9.88E+08 0.1010 3959.81
9.98E+08 0.1017 3956.25
1.01E+09 0.1001 3952.58
1.02E+09 0.0990 3949.03
1.03E+09 0.1002 3945.26
1.04E+09 0.0993 3941.63
1.05E+09 0.0991 3938.28
1.06E+09 0.0980 3934.39
1.07E+09 0.0963 3930.94
1.08E+09 0.0966 3927.56
1.09E+09 0.0954 3924.35
1.11E+09 0.0959 3920.86
1.11E+09 0.0956 3917.83
1.13E+09 0.0962 3913.74
1.14E+09 0.0968 3910.23
1.15E+09 0.0943 3906.62
1.16E+09 0.0936 3904.05
1.17E+09 0.0936 3900.42
1.18E+09 0.0934 3896.41
1.19E+09 0.0928 3892.29
1.21E+09 0.0914 3888.44
1.22E+09 0.0914 3884.19
1.23E+09 0.0910 3880.13
1.25E+09 0.0902 3876.03
1.26E+09 0.0901 3872.02
1.27E+09 0.0889 3867.85
1.29E+09 0.0881 3864.07
1.30E+09 0.0873 3859.8
1.31E+09 0.0886 3856.14
1.33E+09 0.0864 3851.84
1.34E+09 0.0869 3848.39
1.35E+09 0.0852 3844.5
1.37E+09 0.0849 3840.16
1.38E+09 0.0838 3835.83
1.40E+09 0.0833 3831.77
1.41E+09 0.0827 3827.63
1.43E+09 0.0814 3823.93
1.44E+09 0.0808 3819.92
1.46E+09 0.0810 3816.02
1.47E+09 0.0811 3812.23
1.49E+09 0.0788 3807.65
1.50E+09 0.0788 3803.68
1.52E+09 0.0783 3799.88
1.53E+09 0.0776 3796.23
1.55E+09 0.0774 3792.54
1.56E+09 0.0766 3788.72
1.58E+09 0.0754 3784.56
1.59E+09 0.0741 3780.42
1.61E+09 0.0740 3776.44
1.62E+09 0.0738 3772.76
1.64E+09 0.0730 3769.01
1.66E+09 0.0726 3765.06
1.67E+09 0.0716 3760.92
1.69E+09 0.0713 3757.29
1.70E+09 0.0697 3753.66
1.72E+09 0.0697 3750.34
1.73E+09 0.0699 3746.56
1.75E+09 0.0683 3742.93
1.77E+09 0.0681 3739.12
1.78E+09 0.0675 3735.4
1.80E+09 0.0678 3731.78
1.81E+09 0.0670 3728.36
1.83E+09 0.0658 3724.63
1.85E+09 0.0664 3720.93
1.86E+09 0.0650 3717.32
1.88E+09 0.0641 3713.2
1.90E+09 0.0636 3709.3
1.92E+09 0.0631 3705.6
1.93E+09 0.0626 3702.01
1.95E+09 0.0621 3698.7
1.97E+09 0.0613 3695.18
1.99E+09 0.0613 3691.49
2.00E+09 0.0601 3688.23
2.02E+09 0.0597 3684.26
2.04E+09 0.0596 3680.81
2.06E+09 0.0582 3677.14
2.07E+09 0.0582 3673.5
2.10E+09 0.0582 3669.54
2.11E+09 0.0572 3665.85
2.13E+09 0.0564 3662.19
2.15E+09 0.0557 3659.08
2.16E+09 0.0553 3656.71
2.18E+09 0.0556 3653.48
2.20E+09 0.0552 3649.81
2.22E+09 0.0545 3646.15
2.24E+09 0.0530 3642.42
2.26E+09 0.0533 3638.98
2.28E+09 0.0530 3635.52
2.30E+09 0.0528 3632.25
2.32E+09 0.0516 3628.58
2.34E+09 0.0515 3624.98
2.36E+09 0.0510 3621.53
2.38E+09 0.0506 3617.86
2.40E+09 0.0498 3614.43
2.42E+09 0.0491 3610.87
2.44E+09 0.0487 3607.44
2.46E+09 0.0489 3603.92
2.49E+09 0.0473 3599.98
2.51E+09 0.0472 3596.61
2.53E+09 0.0459 3593.13
2.55E+09 0.0468 3590.05
2.58E+09 0.0455 3586.23
2.60E+09 0.0454 3582.85
2.62E+09 0.0455 3579.36
2.65E+09 0.0432 3575.94
2.67E+09 0.0438 3572.73
2.69E+09 0.0429 3569.36
2.71E+09 0.0434 3565.83
2.74E+09 0.0432 3562.12
2.77E+09 0.0416 3558.46
2.79E+09 0.0416 3555.18
2.82E+09 0.0404 3551.57
2.84E+09 0.0403 3548.29
2.86E+09 0.0400 3545.24
2.89E+09 0.0390 3542.33
2.91E+09 0.0386 3539.37
2.93E+09 0.0383 3535.93
2.96E+09 0.0376 3532.57
2.99E+09 0.0375 3529.23
3.01E+09 0.0374 3526.03
3.04E+09 0.0367 3522.66
3.06E+09 0.0360 3519.68
3.09E+09 0.0359 3516.9
3.11E+09 0.0355 3513.87
3.14E+09 0.0347 3510.53
3.17E+09 0.0347 3507.18
3.20E+09 0.0341 3504.06
3.22E+09 0.0333 3501.19
3.25E+09 0.0335 3498.44
3.27E+09 0.0323 3495.31
3.30E+09 0.0327 3492.5
3.33E+09 0.0321 3489.57
3.36E+09 0.0314 3486.59
3.38E+09 0.0311 3483.62
3.41E+09 0.0308 3480.33
3.44E+09 0.0303 3477.22
3.47E+09 0.0301 3474.55
3.50E+09 0.0300 3471.72
3.52E+09 0.0292 3469.24
3.55E+09 0.0293 3466.94
3.58E+09 0.0295 3464.18
3.61E+09 0.0286 3461.32
3.64E+09 0.0284 3458.48
3.66E+09 0.0283 3455.72
3.69E+09 0.0277 3452.96
3.73E+09 0.0277 3449.88
3.76E+09 0.0272 3446.96
3.79E+09 0.0274 3444.03
3.82E+09 0.0266 3441.17
3.85E+09 0.0263 3438.36
3.89E+09 0.0257 3435.38
3.92E+09 0.0257 3432.74
3.95E+09 0.0255 3429.86
3.98E+09 0.0251 3427.12
4.02E+09 0.0251 3424.27
4.05E+09 0.0239 3421.69
4.08E+09 0.0237 3419.29
4.12E+09 0.0236 3416.46
4.16E+09 0.0232 3413.32
4.18E+09 0.0232 3411.14
4.22E+09 0.0224 3408.56
4.25E+09 0.0228 3406.06
4.28E+09 0.0227 3403.35
4.32E+09 0.0223 3400.49
4.36E+09 0.0219 3397.93
4.40E+09 0.0217 3395.12
4.43E+09 0.0214 3392.43
4.47E+09 0.0212 3389.58
4.51E+09 0.0208 3386.74
4.55E+09 0.0206 3383.98
4.60E+09 0.0200 3381.12
4.64E+09 0.0201 3378.27
4.68E+09 0.0199 3375.51
4.72E+09 0.0192 3372.95
4.76E+09 0.0191 3370.2
4.80E+09 0.0193 3367.6
4.84E+09 0.0187 3365.38
4.88E+09 0.0189 3362.95
4.91E+09 0.0184 3360.65
4.95E+09 0.0184 3358.55
4.98E+09 0.0180 3356.24
