0.00E+00 -1.0549 6526.49
1.52E+08 0.2957 6319.38
2.06E+08 0.3101 6241.38
2.49E+08 0.2871 6181.54
2.85E+08 0.2715 6134.02
3.20E+08 0.2538 6089.98
3.48E+08 0.2532 6055.39
3.76E+08 0.2452 6021.87
4.04E+08 0.2335 5990.43
4.27E+08 0.2286 5964.52
4.51E+08 0.2212 5938.85
4.72E+08 0.2134 5916.2
4.94E+08 0.2109 5893.51
5.16E+08 0.2056 5871.45
5.38E+08 0.2053 5850.36
5.60E+08 0.1981 5829.15
5.79E+08 0.1978 5811.27
6.00E+08 0.1889 5790.87
6.19E+08 0.1886 5774.4
6.37E+08 0.1899 5757.55
6.55E+08 0.1842 5741.67
6.73E+08 0.1849 5725.98
6.92E+08 0.1812 5708.99
7.13E+08 0.1757 5691.53
7.32E+08 0.1744 5675.93
7.49E+08 0.1770 5660.98
7.67E+08 0.1748 5646.42
7.82E+08 0.1791 5633.22
7.97E+08 0.1821 5620.73
8.10E+08 0.1969 5609.08
8.18E+08 0.2385 5601.09
8.19E+08 0.3196 5598.76
8.23E+08 0.3446 5592.45
8.34E+08 0.3101 5575.83
8.68E+08 0.2608 5530.01
9.13E+08 0.2435 5475.6
9.59E+08 0.2398 5422.14
1.01E+09 0.2513 5363.63
1.06E+09 0.2011 5311.35
1.12E+09 0.1976 5256.89
1.19E+09 0.1809 5198.44
1.29E+09 0.1880 5104.21
1.40E+09 0.1531 5013.52
1.51E+09 0.1641 4930.24
1.60E+09 0.1280 4865.35
1.70E+09 0.1268 4805.84
1.78E+09 0.1085 4757.79
1.86E+09 0.0961 4721.73
1.90E+09 0.0919 4702.55
1.93E+09 0.0718 4691.27
1.97E+09 0.0768 4675.3
2.01E+09 0.0754 4662.16
2.04E+09 0.0667 4652.05
2.07E+09 0.0653 4640.75
2.11E+09 0.0671 4629.73
2.14E+09 0.0682 4619.27
2.17E+09 0.0568 4609.4
2.21E+09 0.0637 4599.83
2.23E+09 0.0583 4591.72
2.27E+09 0.0544 4582.27
2.30E+09 0.0533 4573.58
2.33E+09 0.0546 4565.33
2.36E+09 0.0440 4558.1
2.41E+09 0.0500 4548.41
2.44E+09 0.0506 4540.13
2.48E+09 0.0487 4532.05
2.51E+09 0.0456 4522.97
2.54E+09 0.0420 4516.55
2.58E+09 0.0455 4508.43
2.62E+09 0.0408 4500.24
2.66E+09 0.0424 4492.38
2.70E+09 0.0369 4485.31
2.73E+09 0.0416 4478.14
2.78E+09 0.0363 4470.64
2.82E+09 0.0311 4463.03
2.87E+09 0.0335 4456.26
2.90E+09 0.0339 4450.46
2.95E+09 0.0302 4443.89
2.99E+09 0.0324 4438.16
3.03E+09 0.0283 4431.84
3.07E+09 0.0315 4425.68
3.13E+09 0.0253 4419.06
3.17E+09 0.0279 4413.75
3.22E+09 0.0253 4407.65
3.26E+09 0.0240 4402.41
3.31E+09 0.0210 4397.21
3.36E+09 0.0198 4392.88
3.39E+09 0.0272 4388.9
3.44E+09 0.0239 4383.34
3.49E+09 0.0222 4377.98
3.54E+09 0.0211 4372.31
3.59E+09 0.0215 4367.04
3.65E+09 0.0182 4361.99
3.70E+09 0.0174 4357.54
3.75E+09 0.0174 4353.1
3.81E+09 0.0182 4348.7
3.86E+09 0.0170 4343.58
3.93E+09 0.0145 4338.81
3.99E+09 0.0136 4335.02
4.04E+09 0.0181 4331.11
4.10E+09 0.0129 4326.88
4.17E+09 0.0135 4322.02
4.23E+09 0.0120 4318.26
4.30E+09 0.0113 4314.25
4.36E+09 0.0104 4310.88
4.43E+09 0.0116 4307.27
4.49E+09 0.0127 4303.77
4.56E+09 0.0114 4299.89
4.64E+09 0.0103 4295.97
4.70E+09 0.0095 4293.2
4.76E+09 0.0102 4290.23
4.83E+09 0.0112 4286.85
4.89E+09 0.0122 4283.17
4.96E+09 0.0088 4279.59
