0.00E+00 -0.1287 5221.43
2.10E+08 0.1622 5118.6
2.67E+08 0.1574 5088.27
3.13E+08 0.1575 5064.7
3.56E+08 0.1575 5043.7
4.01E+08 0.1501 5022.41
4.37E+08 0.1431 5005.2
4.72E+08 0.1422 4989.61
5.03E+08 0.1349 4976.09
5.28E+08 0.1316 4965.95
5.48E+08 0.1350 4957.25
5.57E+08 0.1416 4953.77
5.58E+08 0.1708 4952.85
5.63E+08 0.2139 4950.04
5.70E+08 0.2389 4944.8
5.75E+08 0.2520 4940.99
5.98E+08 0.2045 4924.45
6.49E+08 0.1855 4894.16
7.03E+08 0.1933 4862.02
7.46E+08 0.2042 4835.2
7.78E+08 0.2317 4813.35
8.24E+08 0.1935 4783.44
8.88E+08 0.1698 4746.88
9.59E+08 0.1514 4711.88
1.03E+09 0.1920 4673.17
1.10E+09 0.1717 4634.6
1.19E+09 0.1576 4586.06
1.24E+09 0.1369 4562.75
1.26E+09 0.1318 4552.26
1.28E+09 0.1169 4544.37
1.31E+09 0.1229 4533.81
1.34E+09 0.1210 4522.73
1.37E+09 0.1165 4509.89
1.41E+09 0.1021 4498.54
1.44E+09 0.1076 4489.06
1.46E+09 0.1000 4481.75
1.49E+09 0.0949 4472.8
1.51E+09 0.0935 4464.43
1.54E+09 0.0947 4456.62
1.57E+09 0.0918 4448.65
1.59E+09 0.0853 4442.48
1.61E+09 0.0799 4438.39
1.63E+09 0.0862 4431.71
1.65E+09 0.0811 4426.3
1.67E+09 0.0850 4420.81
1.69E+09 0.0796 4414.83
1.71E+09 0.0725 4409.88
1.74E+09 0.0797 4404.81
1.76E+09 0.0768 4399.04
1.78E+09 0.0726 4393.71
1.80E+09 0.0753 4389.35
1.82E+09 0.0720 4384.3
1.84E+09 0.0697 4379.33
1.87E+09 0.0658 4374.36
1.89E+09 0.0717 4370.6
1.91E+09 0.0657 4365.95
1.93E+09 0.0643 4360.62
1.96E+09 0.0679 4355.61
1.98E+09 0.0630 4350.29
2.01E+09 0.0632 4345.25
2.03E+09 0.0618 4340.57
2.06E+09 0.0594 4336.11
2.08E+09 0.0603 4331.48
2.10E+09 0.0620 4327.37
2.13E+09 0.0552 4322.43
2.15E+09 0.0574 4318.17
2.18E+09 0.0555 4314.01
2.20E+09 0.0519 4309.89
2.22E+09 0.0567 4306.05
2.25E+09 0.0514 4301.34
2.28E+09 0.0529 4296.1
2.31E+09 0.0514 4291.47
2.34E+09 0.0507 4286.87
2.37E+09 0.0485 4282.41
2.40E+09 0.0453 4277.55
2.42E+09 0.0510 4273.59
2.46E+09 0.0459 4268.74
2.49E+09 0.0458 4263.74
2.52E+09 0.0454 4260.2
2.55E+09 0.0445 4255.91
2.58E+09 0.0436 4251.75
2.61E+09 0.0410 4247.85
2.63E+09 0.0432 4244.38
2.67E+09 0.0416 4239.61
2.70E+09 0.0424 4235.16
2.73E+09 0.0396 4230.9
2.77E+09 0.0373 4226.54
2.80E+09 0.0372 4222.62
2.83E+09 0.0356 4219.37
2.86E+09 0.0378 4216.34
2.89E+09 0.0351 4212.53
2.93E+09 0.0371 4208.14
2.96E+09 0.0332 4204.51
2.99E+09 0.0339 4201.65
3.02E+09 0.0329 4198.89
3.05E+09 0.0305 4195.66
3.08E+09 0.0300 4192.94
3.11E+09 0.0327 4190.05
3.14E+09 0.0322 4186.58
3.18E+09 0.0295 4182.14
3.23E+09 0.0321 4177.89
3.27E+09 0.0288 4174.17
3.31E+09 0.0294 4170.62
3.35E+09 0.0276 4166.89
3.39E+09 0.0282 4163.2
3.42E+09 0.0266 4160.31
3.45E+09 0.0261 4157.9
3.48E+09 0.0265 4155.22
3.52E+09 0.0239 4151.88
3.57E+09 0.0245 4148.76
3.60E+09 0.0243 4146.34
3.64E+09 0.0231 4143.26
3.68E+09 0.0225 4140.19
3.72E+09 0.0254 4137.08
3.77E+09 0.0211 4133.51
3.82E+09 0.0203 4130.48
3.85E+09 0.0232 4128.32
3.90E+09 0.0220 4124.97
3.94E+09 0.0214 4121.87
3.99E+09 0.0188 4118.75
4.04E+09 0.0188 4115.98
4.08E+09 0.0203 4113.68
4.11E+09 0.0197 4111.34
4.16E+09 0.0177 4108.58
4.21E+09 0.0185 4105.55
4.26E+09 0.0173 4103.08
4.31E+09 0.0183 4099.98
4.36E+09 0.0178 4097.52
4.40E+09 0.0164 4095.21
4.44E+09 0.0158 4092.91
4.49E+09 0.0166 4090.24
4.54E+09 0.0156 4087.72
4.58E+09 0.0156 4086.01
4.61E+09 0.0157 4084.27
4.66E+09 0.0156 4082.18
4.71E+09 0.0146 4079.7
4.75E+09 0.0143 4077.58
4.80E+09 0.0160 4075.53
4.86E+09 0.0142 4072.66
4.91E+09 0.0154 4070.25
4.96E+09 0.0140 4067.72
