0.00E+00 -0.4961 4885.46
8.35E+08 0.0371 4414.88
1.12E+09 0.0269 4315.03
1.31E+09 0.0237 4260.08
1.43E+09 0.0582 4222.36
1.49E+09 0.0389 4186.17
1.62E+09 0.0257 4142.89
1.76E+09 0.0226 4104.01
1.88E+09 0.0198 4073.88
2.00E+09 0.0180 4049.76
2.11E+09 0.0171 4026.09
2.22E+09 0.0174 4004.64
2.33E+09 0.0183 3983.74
2.43E+09 0.0172 3963.15
2.54E+09 0.0149 3942.88
2.64E+09 0.0131 3926.91
2.73E+09 0.0116 3913.3
2.82E+09 0.0115 3902.64
2.90E+09 0.0139 3891.23
2.96E+09 0.0150 3880.31
3.03E+09 0.0136 3869.17
3.10E+09 0.0122 3859.43
3.17E+09 0.0111 3849.16
3.25E+09 0.0106 3840.21
3.32E+09 0.0101 3830.98
3.40E+09 0.0095 3822.38
3.48E+09 0.0091 3813.77
3.57E+09 0.0088 3805.08
3.65E+09 0.0080 3796.95
3.74E+09 0.0072 3789.67
3.83E+09 0.0069 3782.51
3.92E+09 0.0067 3775.69
4.01E+09 0.0061 3769.03
4.10E+09 0.0056 3762.79
4.20E+09 0.0052 3756.67
4.30E+09 0.0049 3750.92
4.39E+09 0.0048 3745.75
4.50E+09 0.0046 3740.12
4.60E+09 0.0042 3734.95
4.70E+09 0.0039 3730.18
4.81E+09 0.0038 3725.42
4.91E+09 0.0036 3721.07
