0.00E+00 -0.9607 6428.13
9.74E+07 0.3466 6361.1
1.27E+08 0.3551 6336.04
1.56E+08 0.3417 6311.81
1.75E+08 0.3313 6295.15
1.95E+08 0.3277 6278.89
2.09E+08 0.3268 6267.72
2.27E+08 0.3068 6253.14
2.40E+08 0.3123 6243.54
2.50E+08 0.3149 6235.27
2.66E+08 0.2999 6222.93
2.80E+08 0.2968 6213.15
2.90E+08 0.3012 6205.37
3.01E+08 0.2952 6197.27
3.12E+08 0.2909 6189.21
3.20E+08 0.2920 6183.07
3.30E+08 0.2931 6175.98
3.37E+08 0.3003 6170.82
3.40E+08 0.3276 6168.41
3.41E+08 0.3480 6167.23
3.42E+08 0.3759 6166.48
3.43E+08 0.4165 6165.88
3.44E+08 0.4534 6164.59
3.47E+08 0.4655 6161.42
3.52E+08 0.4699 6154.98
3.65E+08 0.4659 6139.89
3.76E+08 0.4769 6127.12
3.83E+08 0.4985 6118.21
3.89E+08 0.5193 6110.94
4.01E+08 0.5078 6095.42
4.10E+08 0.5140 6084.39
4.21E+08 0.5132 6069.42
4.39E+08 0.4929 6046.65
4.58E+08 0.4771 6023.82
4.77E+08 0.4619 6001.91
4.95E+08 0.4492 5980.57
5.16E+08 0.4378 5957.51
5.40E+08 0.4266 5931.49
5.67E+08 0.4114 5903.64
5.92E+08 0.3879 5877.82
6.15E+08 0.3647 5856.13
6.33E+08 0.3765 5840.01
6.49E+08 0.4475 5823.12
6.60E+08 0.4384 5811.03
6.67E+08 0.4287 5802.48
6.75E+08 0.4199 5794.83
6.83E+08 0.4158 5786.27
6.92E+08 0.4163 5777.22
7.00E+08 0.4042 5768.06
7.08E+08 0.4016 5760.45
7.17E+08 0.3986 5751.68
7.25E+08 0.3956 5743.16
7.32E+08 0.3938 5736.57
7.39E+08 0.3908 5729.09
7.47E+08 0.3883 5722.02
7.54E+08 0.3776 5715.2
7.60E+08 0.3819 5709.2
7.66E+08 0.3752 5703.32
7.73E+08 0.3738 5697.56
7.78E+08 0.3712 5692.05
7.84E+08 0.3724 5687.28
7.89E+08 0.3651 5682.36
7.92E+08 0.3683 5679.07
7.98E+08 0.3582 5674.49
8.01E+08 0.3616 5671.29
8.05E+08 0.3544 5668.02
8.11E+08 0.3587 5662.84
8.16E+08 0.3567 5658.28
8.21E+08 0.3563 5653.88
8.26E+08 0.3505 5649.12
8.32E+08 0.3537 5644.16
8.38E+08 0.3473 5638.45
8.43E+08 0.3503 5634.01
8.49E+08 0.3445 5629.06
8.54E+08 0.3422 5624.3
8.60E+08 0.3448 5619.32
8.64E+08 0.3404 5615.68
8.70E+08 0.3412 5611.17
8.74E+08 0.3385 5607.79
8.78E+08 0.3387 5603.84
8.85E+08 0.3340 5598.57
8.89E+08 0.3375 5594.74
8.94E+08 0.3337 5590.38
8.98E+08 0.3302 5587.32
9.02E+08 0.3357 5584.22
9.06E+08 0.3347 5580.49
9.11E+08 0.3311 5576.39
9.16E+08 0.3267 5572.23
9.21E+08 0.3276 5568.74
9.25E+08 0.3264 5565.04
9.30E+08 0.3291 5561.33
9.35E+08 0.3265 5557.2
9.40E+08 0.3273 5552.88
9.45E+08 0.3281 5549.02
9.50E+08 0.3246 5544.81
9.55E+08 0.3257 5540.74
9.60E+08 0.3227 5536.8
9.65E+08 0.3228 5532.8
9.70E+08 0.3238 5528.56
9.74E+08 0.3245 5524.73
9.78E+08 0.3194 5521.61
9.82E+08 0.3217 5518.77
9.86E+08 0.3227 5515.59
9.90E+08 0.3253 5511.91
9.96E+08 0.3221 5507.67
1.00E+09 0.3209 5504.01
1.00E+09 0.3196 5501.12
1.01E+09 0.3214 5497.63
1.01E+09 0.3223 5493.9
1.02E+09 0.3211 5490.34
1.02E+09 0.3198 5486.46
1.03E+09 0.3201 5482.3
1.03E+09 0.3193 5478.53
1.04E+09 0.3206 5474.37
1.04E+09 0.3209 5470.34
1.05E+09 0.3188 5466.74
1.05E+09 0.3199 5462.25
1.06E+09 0.3211 5457.87
1.06E+09 0.3210 5453.53
1.07E+09 0.3187 5449.58
1.07E+09 0.3231 5445.89
1.08E+09 0.3189 5441.77
1.08E+09 0.3180 5437.59
1.09E+09 0.3183 5433.09
1.09E+09 0.3213 5429.53
1.10E+09 0.3186 5425.07
1.10E+09 0.3158 5420.31
1.11E+09 0.3198 5416.16
1.12E+09 0.3153 5411.73
1.12E+09 0.3137 5407.99
1.13E+09 0.3136 5403.83
1.13E+09 0.3158 5399.95
1.14E+09 0.3165 5395.59
1.14E+09 0.3145 5392.05
1.15E+09 0.3147 5388.25
1.15E+09 0.3228 5383.61
1.16E+09 0.3165 5378.46
1.16E+09 0.3179 5373.94
1.17E+09 0.3146 5369.18
1.18E+09 0.3102 5364.24
1.18E+09 0.3166 5360.04
1.19E+09 0.3081 5354.9
1.19E+09 0.3078 5350.67
1.20E+09 0.3086 5346.1
1.20E+09 0.3087 5342.24
1.21E+09 0.3099 5337.83
1.22E+09 0.3073 5333.05
1.22E+09 0.3075 5327.47
1.23E+09 0.3059 5322.66
1.23E+09 0.3068 5318.79
1.24E+09 0.3045 5314.09
1.25E+09 0.3080 5309.75
1.25E+09 0.3066 5306.1
1.26E+09 0.3107 5302.61
1.26E+09 0.3036 5297.95
1.27E+09 0.3055 5292.8
1.27E+09 0.3051 5287.39
1.28E+09 0.3049 5282.37
1.29E+09 0.2997 5277.66
1.29E+09 0.3097 5272.53
1.30E+09 0.3021 5266.95
1.31E+09 0.2969 5261.72
1.32E+09 0.3043 5257.06
1.32E+09 0.3004 5251.59
1.33E+09 0.2950 5246.47
1.34E+09 0.2963 5240.5
1.34E+09 0.2944 5235.01
1.35E+09 0.2963 5230.15
1.36E+09 0.2898 5224.59
1.37E+09 0.2890 5219.41
1.37E+09 0.2884 5214.12
1.38E+09 0.2868 5209.21
1.39E+09 0.2942 5204.73
1.39E+09 0.2879 5200.13
1.40E+09 0.2844 5194.81
1.41E+09 0.2853 5189.93
1.41E+09 0.2844 5184.86
1.42E+09 0.2840 5179.86
1.43E+09 0.2866 5174.57
1.44E+09 0.2815 5169.19
1.44E+09 0.2787 5163.54
1.45E+09 0.2800 5157.68
1.46E+09 0.2757 5151.94
1.47E+09 0.2780 5145.41
1.48E+09 0.2724 5139.26
1.49E+09 0.2675 5133.97
1.49E+09 0.2749 5128.59
1.50E+09 0.2701 5123
1.51E+09 0.2693 5116.86
1.52E+09 0.2672 5111.49
1.53E+09 0.2682 5106.97
1.53E+09 0.2663 5101.47
1.54E+09 0.2645 5095.4
1.55E+09 0.2587 5089.52
1.56E+09 0.2650 5084.42
1.57E+09 0.2636 5079.21
1.58E+09 0.2571 5073.31
1.59E+09 0.2573 5067.28
1.60E+09 0.2603 5061.5
1.60E+09 0.2545 5055.87
1.61E+09 0.2564 5050.19
1.62E+09 0.2497 5044.73
1.63E+09 0.2534 5038.54
1.64E+09 0.2416 5033.19
1.65E+09 0.2489 5027.36
1.66E+09 0.2446 5020.73
1.67E+09 0.2450 5014.43
1.68E+09 0.2441 5008.44
1.69E+09 0.2421 5003.07
1.70E+09 0.2369 4996.45
1.71E+09 0.2376 4990.86
1.72E+09 0.2363 4984.66
1.73E+09 0.2356 4978.13
1.74E+09 0.2351 4972.29
1.75E+09 0.2313 4966.29
1.76E+09 0.2324 4960.77
1.77E+09 0.2252 4954.83
1.78E+09 0.2261 4949.04
1.79E+09 0.2246 4943.27
1.80E+09 0.2259 4937.52
1.81E+09 0.2198 4931.54
1.82E+09 0.2201 4925.59
1.83E+09 0.2212 4919.67
1.84E+09 0.2205 4914.52
1.85E+09 0.2210 4909.34
1.86E+09 0.2147 4903.94
1.87E+09 0.2126 4898.03
1.89E+09 0.2112 4892.39
1.90E+09 0.2058 4887.11
1.91E+09 0.2095 4881.58
1.92E+09 0.2072 4875.67
1.93E+09 0.2086 4870.35
1.94E+09 0.2035 4864.84
1.95E+09 0.2034 4860.2
1.96E+09 0.2034 4854.48
1.97E+09 0.2042 4848.95
1.98E+09 0.1988 4843.55
1.99E+09 0.2008 4837.68
2.00E+09 0.2008 4832.06
2.01E+09 0.1969 4826.66
2.03E+09 0.1970 4821.1
2.04E+09 0.1965 4815.85
2.05E+09 0.1931 4810.38
2.06E+09 0.1940 4805.11
2.07E+09 0.1896 4799.98
2.08E+09 0.1897 4794.51
2.09E+09 0.1875 4789.45
2.10E+09 0.1840 4784.4
2.11E+09 0.1845 4779.03
2.12E+09 0.1830 4774.29
2.14E+09 0.1838 4768.95
2.15E+09 0.1807 4764.14
2.16E+09 0.1799 4758.73
2.17E+09 0.1809 4752.92
2.18E+09 0.1794 4747.02
2.19E+09 0.1756 4742.23
2.21E+09 0.1744 4736.66
2.22E+09 0.1806 4731.22
2.23E+09 0.1728 4725.68
2.24E+09 0.1735 4720.22
2.26E+09 0.1671 4715.63
2.27E+09 0.1717 4710.78
2.28E+09 0.1689 4705.74
2.29E+09 0.1703 4700.27
2.30E+09 0.1638 4695.29
2.31E+09 0.1630 4691.38
2.33E+09 0.1628 4686.35
2.34E+09 0.1641 4682.03
2.35E+09 0.1659 4676.87
2.36E+09 0.1606 4671.57
2.37E+09 0.1617 4666.13
2.39E+09 0.1574 4660.66
2.40E+09 0.1618 4655.46
2.41E+09 0.1535 4650.23
2.43E+09 0.1576 4646.12
2.44E+09 0.1517 4641.37
2.45E+09 0.1506 4638.01
2.46E+09 0.1502 4634.24
2.47E+09 0.1473 4630
2.48E+09 0.1494 4626.01
2.49E+09 0.1498 4621.51
2.50E+09 0.1520 4616.19
2.52E+09 0.1465 4611.65
2.53E+09 0.1433 4607.51
2.54E+09 0.1477 4603.37
2.55E+09 0.1444 4598.9
2.56E+09 0.1413 4594.61
2.58E+09 0.1433 4589.73
2.59E+09 0.1438 4585.69
2.60E+09 0.1421 4581.93
2.61E+09 0.1386 4577.57
2.62E+09 0.1389 4574.01
2.63E+09 0.1344 4570.43
2.65E+09 0.1306 4565.99
2.66E+09 0.1336 4561.7
2.67E+09 0.1341 4557.02
2.68E+09 0.1297 4553.4
2.70E+09 0.1369 4549.24
2.71E+09 0.1292 4545.53
2.72E+09 0.1301 4541.4
2.73E+09 0.1300 4537.05
2.75E+09 0.1253 4532.68
2.76E+09 0.1254 4528.29
2.77E+09 0.1230 4524.32
2.78E+09 0.1254 4520.99
2.80E+09 0.1208 4516.89
2.81E+09 0.1294 4513.13
2.82E+09 0.1212 4508.49
2.84E+09 0.1263 4504.27
2.85E+09 0.1211 4499.84
2.87E+09 0.1240 4495.69
2.88E+09 0.1181 4490.83
2.90E+09 0.1210 4486.44
2.91E+09 0.1159 4481.83
2.93E+09 0.1184 4477.38
2.94E+09 0.1154 4472.91
2.96E+09 0.1173 4468.64
2.97E+09 0.1151 4464
2.99E+09 0.1158 4459.76
3.00E+09 0.1130 4454.98
3.02E+09 0.1127 4450.22
3.04E+09 0.1127 4445.73
3.05E+09 0.1093 4441.37
3.07E+09 0.1088 4436.67
3.08E+09 0.1088 4433.1
3.10E+09 0.1037 4429.22
3.11E+09 0.1074 4425.82
3.12E+09 0.1023 4422.28
3.14E+09 0.1002 4418.39
3.15E+09 0.1027 4415.07
3.17E+09 0.0962 4411.39
3.18E+09 0.0968 4407.65
3.20E+09 0.0998 4404.23
3.21E+09 0.0961 4400.43
3.23E+09 0.0949 4396.58
3.24E+09 0.0971 4392.7
3.26E+09 0.0918 4388.89
3.28E+09 0.0943 4385.29
3.29E+09 0.0920 4381.38
3.31E+09 0.0918 4377.58
3.33E+09 0.0926 4373.62
3.34E+09 0.0916 4370.13
3.36E+09 0.0896 4366.14
3.37E+09 0.0920 4362.56
3.39E+09 0.0871 4358.79
3.41E+09 0.0861 4355.17
3.43E+09 0.0868 4351.19
3.44E+09 0.0855 4347.5
3.46E+09 0.0864 4343.83
3.48E+09 0.0835 4339.96
3.50E+09 0.0856 4336.34
3.51E+09 0.0829 4332.43
3.53E+09 0.0839 4328.61
3.55E+09 0.0817 4324.89
3.57E+09 0.0822 4321.29
3.59E+09 0.0815 4317.63
3.60E+09 0.0790 4313.9
3.62E+09 0.0811 4310.39
3.64E+09 0.0812 4306.81
3.66E+09 0.0761 4303.39
3.67E+09 0.0771 4300.18
3.69E+09 0.0782 4296.41
3.71E+09 0.0800 4292.89
3.73E+09 0.0750 4289.26
3.75E+09 0.0799 4285.97
3.77E+09 0.0733 4282.24
3.79E+09 0.0745 4278.73
3.80E+09 0.0749 4275.88
3.82E+09 0.0735 4272.62
3.84E+09 0.0745 4269.43
3.85E+09 0.0718 4266.07
3.87E+09 0.0725 4262.67
3.89E+09 0.0743 4259.48
3.91E+09 0.0673 4255.94
3.93E+09 0.0717 4252.78
3.94E+09 0.0691 4249.89
3.97E+09 0.0672 4246.32
3.98E+09 0.0716 4243.4
4.00E+09 0.0651 4240.27
4.02E+09 0.0695 4237.28
4.04E+09 0.0636 4233.98
4.06E+09 0.0667 4230.72
4.08E+09 0.0624 4227.56
4.10E+09 0.0631 4224.33
4.12E+09 0.0653 4221.33
4.14E+09 0.0627 4218.1
4.16E+09 0.0644 4215.12
4.18E+09 0.0641 4212.03
4.19E+09 0.0625 4209.14
4.21E+09 0.0635 4206.09
4.23E+09 0.0611 4203.23
4.25E+09 0.0613 4200.28
4.27E+09 0.0604 4197.52
4.29E+09 0.0580 4194.41
4.31E+09 0.0615 4191.46
4.33E+09 0.0571 4188.54
4.35E+09 0.0594 4185.7
4.37E+09 0.0603 4182.85
4.39E+09 0.0556 4179.74
4.41E+09 0.0559 4176.84
4.43E+09 0.0586 4173.96
4.45E+09 0.0553 4170.86
4.47E+09 0.0581 4168.04
4.49E+09 0.0552 4165.27
4.52E+09 0.0540 4161.9
4.54E+09 0.0539 4158.89
4.56E+09 0.0519 4155.8
4.58E+09 0.0559 4153.12
4.61E+09 0.0509 4149.9
4.63E+09 0.0503 4147.05
4.65E+09 0.0541 4144.48
4.67E+09 0.0532 4141.65
4.69E+09 0.0489 4138.63
4.71E+09 0.0488 4136.04
4.74E+09 0.0514 4133.07
4.76E+09 0.0500 4130.41
4.78E+09 0.0498 4127.55
4.80E+09 0.0498 4124.99
4.82E+09 0.0500 4122.15
4.85E+09 0.0470 4119.05
4.88E+09 0.0483 4116.01
4.90E+09 0.0468 4113.25
4.92E+09 0.0475 4110.23
4.95E+09 0.0448 4107.32
4.98E+09 0.0449 4104.37
5.00E+09 0.0493 4101.77
