0.00E+00 -0.7474 5675.29
1.24E+08 0.2527 5619.8
1.63E+08 0.2128 5598.59
1.83E+08 0.2322 5586.93
2.09E+08 0.2129 5573.21
2.20E+08 0.2208 5567.5
2.22E+08 0.2232 5566.4
2.23E+08 0.2288 5565.84
2.24E+08 0.2434 5565.31
2.26E+08 0.2720 5564.1
2.32E+08 0.2863 5559.84
2.39E+08 0.3025 5554.96
2.41E+08 0.3177 5553.6
2.42E+08 0.3515 5552.53
2.44E+08 0.3798 5550.42
2.52E+08 0.3566 5543.61
2.71E+08 0.3322 5527.93
2.90E+08 0.3583 5512.8
2.93E+08 0.3918 5509.51
3.15E+08 0.3502 5489.91
3.44E+08 0.3303 5466.35
3.74E+08 0.3266 5442.78
3.91E+08 0.3381 5429.07
4.06E+08 0.3558 5416.28
4.17E+08 0.3685 5406.95
4.36E+08 0.3552 5390.28
4.55E+08 0.3457 5374.03
4.74E+08 0.3389 5358.35
4.93E+08 0.3356 5343.03
5.11E+08 0.3336 5328.56
5.26E+08 0.3341 5315.86
5.39E+08 0.3294 5305.78
5.48E+08 0.3112 5298.56
5.56E+08 0.2983 5293.12
5.63E+08 0.2956 5288.02
5.71E+08 0.3369 5282.18
5.79E+08 0.3301 5275.37
5.92E+08 0.3268 5264.94
6.02E+08 0.3271 5257.09
6.14E+08 0.3180 5248.08
6.26E+08 0.3133 5238.49
6.37E+08 0.3041 5230.57
6.48E+08 0.3044 5222.35
6.58E+08 0.2969 5215.13
6.68E+08 0.2959 5207.63
6.78E+08 0.2845 5200.59
6.87E+08 0.2861 5194.17
6.97E+08 0.2810 5187.31
7.07E+08 0.2760 5181.1
7.15E+08 0.2763 5175.44
7.22E+08 0.2751 5170.48
7.28E+08 0.2674 5166.49
7.34E+08 0.2701 5162.85
7.40E+08 0.2654 5158.83
7.46E+08 0.2642 5155.13
7.52E+08 0.2617 5151.42
7.58E+08 0.2625 5147.79
7.64E+08 0.2579 5143.65
7.70E+08 0.2543 5140.17
7.76E+08 0.2567 5136.46
7.81E+08 0.2557 5133.08
7.86E+08 0.2574 5129.9
7.92E+08 0.2548 5126.38
7.97E+08 0.2521 5123.32
8.02E+08 0.2497 5120.19
8.08E+08 0.2473 5116.85
8.13E+08 0.2489 5113.95
8.18E+08 0.2459 5110.81
8.23E+08 0.2424 5107.91
8.30E+08 0.2445 5104.04
8.34E+08 0.2415 5101.11
8.39E+08 0.2428 5098.55
8.44E+08 0.2414 5095.46
8.49E+08 0.2414 5092.55
8.55E+08 0.2405 5089.1
8.61E+08 0.2389 5085.52
8.66E+08 0.2392 5083.09
8.71E+08 0.2370 5080.16
8.75E+08 0.2350 5077.67
8.80E+08 0.2368 5074.62
8.85E+08 0.2348 5071.95
8.91E+08 0.2344 5068.73
8.96E+08 0.2352 5065.72
9.02E+08 0.2334 5062.51
9.08E+08 0.2327 5059.11
9.13E+08 0.2356 5056.3
9.18E+08 0.2346 5052.97
9.24E+08 0.2350 5049.89
9.30E+08 0.2346 5046.7
9.35E+08 0.2323 5043.43
9.41E+08 0.2291 5040.38
9.46E+08 0.2337 5037.5
9.50E+08 0.2339 5035.09
9.55E+08 0.2347 5032.46
9.60E+08 0.2327 5029.56
9.65E+08 0.2331 5026.58
9.71E+08 0.2347 5023.55
9.75E+08 0.2340 5020.9
9.80E+08 0.2339 5018.49
9.85E+08 0.2352 5015.66
9.90E+08 0.2352 5012.64
9.95E+08 0.2292 5009.52
1.00E+09 0.2355 5006.89
1.01E+09 0.2324 5004.04
1.01E+09 0.2344 5001.49
1.01E+09 0.2364 4998.68
1.02E+09 0.2348 4995.87
1.03E+09 0.2342 4992.6
1.03E+09 0.2368 4989.57
1.04E+09 0.2357 4986.76
1.04E+09 0.2394 4984.17
1.05E+09 0.2388 4981.24
1.05E+09 0.2388 4978.26
1.06E+09 0.2399 4975.14
1.06E+09 0.2378 4972.52
1.06E+09 0.2378 4970.2
1.07E+09 0.2400 4967.56
1.07E+09 0.2399 4963.99
1.08E+09 0.2449 4961.34
1.09E+09 0.2418 4957.47
1.09E+09 0.2414 4954.1
1.10E+09 0.2358 4950.55
1.10E+09 0.2373 4947.64
1.11E+09 0.2339 4944.87
1.11E+09 0.2393 4941.48
1.12E+09 0.2384 4937.99
1.13E+09 0.2385 4934.33
1.13E+09 0.2344 4930.46
1.14E+09 0.2330 4926.88
1.15E+09 0.2344 4923.56
1.15E+09 0.2380 4920.14
1.16E+09 0.2363 4916.44
1.16E+09 0.2336 4912.71
1.17E+09 0.2355 4908.75
1.18E+09 0.2323 4904.89
1.18E+09 0.2323 4901.45
1.19E+09 0.2347 4897.69
1.20E+09 0.2322 4893.61
1.21E+09 0.2298 4889.35
1.21E+09 0.2291 4885.49
1.22E+09 0.2322 4881.46
1.23E+09 0.2278 4877.13
1.24E+09 0.2246 4872.91
1.24E+09 0.2257 4868.98
1.25E+09 0.2248 4864.79
1.26E+09 0.2252 4860.71
1.27E+09 0.2238 4856.51
1.27E+09 0.2246 4852.9
1.28E+09 0.2229 4848.57
1.29E+09 0.2204 4844.58
1.29E+09 0.2234 4841.17
1.30E+09 0.2189 4836.96
1.31E+09 0.2205 4832.71
1.32E+09 0.2165 4828.06
1.33E+09 0.2201 4824.09
1.33E+09 0.2175 4819.64
1.34E+09 0.2123 4815.21
1.35E+09 0.2156 4810.53
1.36E+09 0.2150 4805.65
1.37E+09 0.2126 4801.38
1.38E+09 0.2059 4796.65
1.39E+09 0.2122 4792.39
1.40E+09 0.2067 4787.61
1.41E+09 0.2126 4783.51
1.41E+09 0.2085 4778.91
1.42E+09 0.2062 4774.23
1.43E+09 0.2076 4769.22
1.44E+09 0.2042 4764.27
1.45E+09 0.2024 4760.09
1.46E+09 0.2052 4755.84
1.47E+09 0.2036 4751.33
1.48E+09 0.1986 4746.79
1.49E+09 0.2037 4742.49
1.50E+09 0.1970 4737.87
1.51E+09 0.1975 4733.83
1.52E+09 0.1951 4729.01
1.53E+09 0.1967 4724.71
1.53E+09 0.1916 4721.29
1.54E+09 0.1943 4717.1
1.55E+09 0.1938 4713.27
1.56E+09 0.1951 4709.09
1.57E+09 0.1920 4704.52
1.58E+09 0.1907 4700.3
1.59E+09 0.1963 4696.37
1.60E+09 0.1890 4692.39
1.60E+09 0.1867 4688.49
1.61E+09 0.1848 4683.99
1.62E+09 0.1880 4680.82
1.63E+09 0.1811 4676.81
1.64E+09 0.1812 4673.24
1.65E+09 0.1879 4669.14
1.66E+09 0.1819 4664.66
1.67E+09 0.1832 4660.5
1.68E+09 0.1790 4656.31
1.69E+09 0.1815 4652.3
1.69E+09 0.1779 4648.72
1.70E+09 0.1757 4644.85
1.71E+09 0.1741 4641.71
1.72E+09 0.1793 4638.2
1.73E+09 0.1792 4634.59
1.74E+09 0.1712 4630.66
1.74E+09 0.1764 4627.67
1.75E+09 0.1769 4624.01
1.76E+09 0.1720 4620.2
1.77E+09 0.1734 4616.64
1.78E+09 0.1724 4613.09
1.79E+09 0.1689 4609.63
1.79E+09 0.1726 4606.12
1.80E+09 0.1732 4602.57
1.81E+09 0.1736 4598.51
1.82E+09 0.1743 4595.14
1.83E+09 0.1658 4591.37
1.84E+09 0.1703 4587.94
1.85E+09 0.1718 4583.9
1.86E+09 0.1643 4579.84
1.87E+09 0.1657 4575.96
1.88E+09 0.1578 4572.34
1.89E+09 0.1612 4568.47
1.90E+09 0.1569 4564.75
1.91E+09 0.1655 4560.72
1.92E+09 0.1606 4556.94
1.93E+09 0.1638 4552.8
1.94E+09 0.1564 4549.37
1.95E+09 0.1576 4545.4
1.96E+09 0.1555 4541.61
1.97E+09 0.1518 4538.46
1.97E+09 0.1499 4535.84
1.98E+09 0.1547 4532.74
1.99E+09 0.1488 4529.51
2.00E+09 0.1473 4526.23
2.01E+09 0.1463 4523.16
2.02E+09 0.1493 4520.05
2.02E+09 0.1428 4517.2
2.03E+09 0.1527 4514.13
2.04E+09 0.1511 4511.47
2.05E+09 0.1467 4508.74
2.06E+09 0.1457 4505.47
2.07E+09 0.1527 4502.25
2.07E+09 0.1456 4499.33
2.08E+09 0.1448 4496.12
2.09E+09 0.1476 4493.56
2.10E+09 0.1418 4490.55
2.11E+09 0.1465 4488.05
2.11E+09 0.1416 4485.21
2.12E+09 0.1347 4482.88
2.13E+09 0.1349 4480.4
2.14E+09 0.1409 4478.37
2.14E+09 0.1426 4476.17
2.15E+09 0.1351 4474.1
2.16E+09 0.1283 4471.67
2.16E+09 0.1354 4469.6
2.17E+09 0.1400 4467.73
2.18E+09 0.1367 4465.24
2.18E+09 0.1376 4462.93
2.19E+09 0.1311 4460.63
2.20E+09 0.1273 4458.22
2.20E+09 0.1294 4456.32
2.21E+09 0.1305 4453.85
2.22E+09 0.1320 4451.91
2.22E+09 0.1260 4449.54
2.23E+09 0.1218 4447.34
2.24E+09 0.1296 4445.37
2.25E+09 0.1292 4443.28
2.25E+09 0.1236 4441.09
2.26E+09 0.1243 4438.89
2.27E+09 0.1217 4436.94
2.27E+09 0.1305 4434.69
2.28E+09 0.1241 4432.45
2.29E+09 0.1313 4430.22
2.30E+09 0.1256 4427.86
2.30E+09 0.1301 4425.54
2.31E+09 0.1265 4423.41
2.32E+09 0.1299 4421.32
2.32E+09 0.1209 4419.01
2.33E+09 0.1201 4416.77
2.34E+09 0.1209 4414.77
2.35E+09 0.1291 4412.81
2.35E+09 0.1234 4410.62
2.36E+09 0.1208 4408.4
2.37E+09 0.1143 4406.16
2.37E+09 0.1168 4404.21
2.38E+09 0.1247 4402.08
2.39E+09 0.1190 4400.11
2.40E+09 0.1222 4397.72
2.40E+09 0.1211 4395.7
2.41E+09 0.1120 4393.69
2.42E+09 0.1177 4391.3
2.43E+09 0.1192 4389.53
2.43E+09 0.1163 4387.53
2.44E+09 0.1093 4385.37
2.45E+09 0.1150 4383.43
2.46E+09 0.1201 4381.17
2.46E+09 0.1123 4379.03
2.47E+09 0.1132 4376.99
2.48E+09 0.1166 4375.21
2.49E+09 0.1161 4373.14
2.49E+09 0.1164 4370.96
2.50E+09 0.1100 4368.77
2.51E+09 0.1071 4366.71
2.52E+09 0.1106 4364.79
2.52E+09 0.1117 4362.86
2.53E+09 0.1155 4361.02
2.54E+09 0.1047 4358.81
2.55E+09 0.1146 4356.71
2.55E+09 0.1172 4354.89
2.56E+09 0.1065 4352.68
2.57E+09 0.1041 4350.75
2.58E+09 0.1117 4348.79
2.58E+09 0.1039 4346.86
2.59E+09 0.1143 4344.94
2.60E+09 0.1127 4342.91
2.61E+09 0.1091 4340.72
2.61E+09 0.1043 4338.64
2.62E+09 0.1077 4336.54
2.63E+09 0.1000 4334.31
2.64E+09 0.1003 4332.39
2.65E+09 0.1015 4330.38
2.66E+09 0.1087 4328.43
2.66E+09 0.1028 4326.22
2.67E+09 0.0993 4324.35
2.68E+09 0.1026 4322.09
2.69E+09 0.1087 4320.27
2.70E+09 0.1028 4318.33
2.70E+09 0.1019 4316.23
2.71E+09 0.0971 4314.23
2.72E+09 0.1045 4312.09
2.73E+09 0.0979 4309.83
2.74E+09 0.1016 4307.89
2.75E+09 0.0980 4305.96
2.76E+09 0.0968 4304
2.76E+09 0.1068 4301.81
2.77E+09 0.1062 4299.83
2.78E+09 0.1019 4297.83
2.79E+09 0.0960 4295.4
2.80E+09 0.1010 4293.47
2.81E+09 0.0956 4291.11
2.82E+09 0.0998 4289.25
2.82E+09 0.0981 4287.33
2.83E+09 0.0913 4285.41
2.84E+09 0.0948 4283.57
2.85E+09 0.0983 4281.6
2.86E+09 0.0982 4279.65
2.87E+09 0.0919 4277.36
2.88E+09 0.0978 4275.57
2.89E+09 0.0917 4273.37
2.89E+09 0.0930 4271.29
2.90E+09 0.0950 4269.4
2.91E+09 0.0968 4267.53
2.92E+09 0.0908 4265.65
2.93E+09 0.0943 4263.73
2.94E+09 0.0908 4261.95
2.94E+09 0.0921 4259.99
2.95E+09 0.0878 4257.95
2.96E+09 0.0941 4256.1
2.97E+09 0.0896 4253.99
2.98E+09 0.0889 4251.85
2.99E+09 0.0912 4250.13
3.00E+09 0.0844 4248.19
3.01E+09 0.0889 4246.42
3.02E+09 0.0858 4244.2
3.03E+09 0.0884 4242.62
3.03E+09 0.0895 4240.87
3.04E+09 0.0844 4238.98
3.05E+09 0.0903 4237.17
3.06E+09 0.0895 4235.34
3.07E+09 0.0886 4233.47
3.08E+09 0.0871 4231.36
3.09E+09 0.0856 4229.44
3.10E+09 0.0872 4227.51
3.11E+09 0.0842 4225.51
3.12E+09 0.0858 4223.74
3.13E+09 0.0800 4221.64
3.13E+09 0.0857 4219.86
3.14E+09 0.0806 4217.99
3.15E+09 0.0845 4215.86
3.16E+09 0.0891 4214.09
3.17E+09 0.0901 4212.19
3.18E+09 0.0803 4210.03
3.19E+09 0.0827 4208.11
3.20E+09 0.0753 4206.18
3.21E+09 0.0817 4204.23
3.22E+09 0.0783 4202.66
3.23E+09 0.0795 4200.63
3.24E+09 0.0808 4198.83
3.25E+09 0.0891 4197
3.26E+09 0.0857 4195.1
3.27E+09 0.0788 4192.94
3.28E+09 0.0775 4191.18
3.29E+09 0.0758 4189.17
3.30E+09 0.0841 4187.35
3.31E+09 0.0781 4185.31
3.32E+09 0.0821 4183.41
3.33E+09 0.0778 4181.79
3.34E+09 0.0736 4179.75
3.35E+09 0.0783 4178.05
3.36E+09 0.0781 4176.23
3.37E+09 0.0778 4174.28
3.38E+09 0.0770 4172.09
3.39E+09 0.0746 4170.1
3.40E+09 0.0811 4168.2
3.41E+09 0.0795 4166.07
3.42E+09 0.0710 4163.98
3.43E+09 0.0754 4162.08
3.44E+09 0.0811 4160.15
3.46E+09 0.0758 4158
3.47E+09 0.0694 4155.84
3.48E+09 0.0743 4154.05
3.49E+09 0.0732 4152.37
3.50E+09 0.0691 4150.59
3.51E+09 0.0759 4148.83
3.52E+09 0.0714 4146.91
3.53E+09 0.0676 4144.78
3.54E+09 0.0713 4142.69
3.55E+09 0.0810 4140.8
3.56E+09 0.0775 4139.04
3.58E+09 0.0682 4136.91
3.59E+09 0.0697 4134.82
3.60E+09 0.0717 4133
3.61E+09 0.0685 4130.94
3.62E+09 0.0764 4129.19
3.63E+09 0.0716 4127.28
3.64E+09 0.0672 4125.26
3.66E+09 0.0660 4123.41
3.67E+09 0.0668 4121.71
3.68E+09 0.0689 4119.81
3.69E+09 0.0702 4117.98
3.70E+09 0.0626 4115.91
3.71E+09 0.0628 4114.15
3.73E+09 0.0651 4112.29
3.74E+09 0.0654 4110.72
3.75E+09 0.0717 4108.95
3.76E+09 0.0670 4106.86
3.77E+09 0.0652 4104.76
3.78E+09 0.0590 4102.89
3.80E+09 0.0653 4101.11
3.81E+09 0.0684 4099.32
3.82E+09 0.0686 4097.52
3.83E+09 0.0697 4095.45
3.84E+09 0.0635 4093.33
3.86E+09 0.0578 4091.25
3.87E+09 0.0661 4089.44
3.88E+09 0.0682 4087.5
3.89E+09 0.0652 4085.54
3.91E+09 0.0651 4083.74
3.92E+09 0.0612 4081.93
3.93E+09 0.0630 4080.18
3.94E+09 0.0563 4078.15
3.96E+09 0.0593 4076.5
3.97E+09 0.0612 4074.75
3.98E+09 0.0590 4072.85
4.00E+09 0.0640 4070.82
4.01E+09 0.0659 4069.13
4.02E+09 0.0575 4067.09
4.03E+09 0.0536 4065.43
4.04E+09 0.0570 4063.67
4.06E+09 0.0554 4061.93
4.07E+09 0.0545 4060.08
4.08E+09 0.0601 4058.35
4.10E+09 0.0568 4056.32
4.11E+09 0.0563 4054.28
4.12E+09 0.0560 4052.7
4.14E+09 0.0578 4050.77
4.15E+09 0.0542 4049.04
4.17E+09 0.0554 4047.02
4.18E+09 0.0594 4045.11
4.20E+09 0.0529 4042.96
4.21E+09 0.0601 4040.89
4.22E+09 0.0597 4039.23
4.24E+09 0.0564 4037.17
4.25E+09 0.0508 4035.4
4.27E+09 0.0499 4033.46
4.28E+09 0.0502 4031.87
4.30E+09 0.0569 4029.99
4.31E+09 0.0549 4028.22
4.33E+09 0.0534 4026.15
4.34E+09 0.0544 4024.18
4.35E+09 0.0549 4022.33
4.37E+09 0.0531 4020.37
4.38E+09 0.0527 4018.44
4.40E+09 0.0479 4016.66
4.42E+09 0.0543 4014.72
4.43E+09 0.0524 4013
4.45E+09 0.0487 4010.83
4.46E+09 0.0523 4009.13
4.48E+09 0.0481 4007.3
4.49E+09 0.0480 4005.63
4.50E+09 0.0496 4004
4.52E+09 0.0480 4002.25
4.53E+09 0.0453 4000.67
4.55E+09 0.0473 3999.24
4.56E+09 0.0557 3997.4
4.57E+09 0.0511 3995.47
4.59E+09 0.0492 3993.47
4.61E+09 0.0483 3991.68
4.62E+09 0.0477 3989.94
4.64E+09 0.0454 3988.3
4.65E+09 0.0445 3986.68
4.67E+09 0.0435 3985.11
4.68E+09 0.0483 3983.43
4.70E+09 0.0472 3981.69
4.71E+09 0.0476 3979.85
4.73E+09 0.0441 3978.08
4.74E+09 0.0427 3976.58
4.76E+09 0.0522 3974.57
4.78E+09 0.0473 3972.63
4.80E+09 0.0436 3970.35
4.81E+09 0.0433 3968.78
4.83E+09 0.0423 3966.91
4.85E+09 0.0444 3965.17
4.86E+09 0.0477 3963.41
4.88E+09 0.0426 3961.55
4.90E+09 0.0408 3959.9
4.91E+09 0.0464 3958.1
4.93E+09 0.0426 3956.42
4.95E+09 0.0423 3954.51
4.96E+09 0.0418 3952.93
4.98E+09 0.0413 3951.18
