0.00E+00 -0.7988 6054.91
1.27E+08 0.2591 5969.73
1.65E+08 0.2655 5939.59
1.95E+08 0.2686 5915.56
2.25E+08 0.2440 5892.35
2.45E+08 0.2540 5877.71
2.69E+08 0.2406 5859.54
2.86E+08 0.2421 5847.06
3.04E+08 0.2398 5833.58
3.20E+08 0.2383 5821.83
3.27E+08 0.2636 5816.96
3.29E+08 0.2822 5815.13
3.31E+08 0.3301 5813.31
3.35E+08 0.3636 5808.8
3.45E+08 0.3591 5797.85
3.69E+08 0.3520 5772.95
3.80E+08 0.3878 5760.84
3.93E+08 0.3833 5745.59
4.20E+08 0.3711 5714.89
4.37E+08 0.3752 5695.71
4.56E+08 0.3766 5674.03
4.91E+08 0.3511 5635.31
5.27E+08 0.3345 5598.55
5.59E+08 0.3210 5566.16
5.87E+08 0.3129 5539.44
6.14E+08 0.3078 5514.13
6.41E+08 0.3030 5489.67
6.66E+08 0.3005 5466.18
6.91E+08 0.2967 5443.93
7.07E+08 0.2908 5429.59
7.32E+08 0.2816 5408.12
7.52E+08 0.2714 5391.68
7.67E+08 0.2699 5379.07
7.79E+08 0.3159 5369.37
7.91E+08 0.3259 5357.32
8.03E+08 0.3216 5346.18
8.14E+08 0.3156 5334.84
8.28E+08 0.3176 5321.57
8.42E+08 0.3152 5308.19
8.52E+08 0.3015 5299.57
8.64E+08 0.3105 5288.55
8.74E+08 0.3027 5278.58
8.87E+08 0.2911 5267.33
8.97E+08 0.3014 5258.71
9.07E+08 0.2956 5248.9
9.17E+08 0.2867 5240.26
9.25E+08 0.2950 5233
9.37E+08 0.2842 5223.2
9.48E+08 0.2907 5213.39
9.59E+08 0.2854 5203.97
9.70E+08 0.2824 5194.48
9.79E+08 0.2796 5186.9
9.89E+08 0.2853 5178.32
9.98E+08 0.2798 5170.07
1.01E+09 0.2821 5159.99
1.02E+09 0.2723 5152.05
1.03E+09 0.2808 5143.03
1.05E+09 0.2734 5131.12
1.06E+09 0.2678 5121.99
1.07E+09 0.2691 5113.22
1.08E+09 0.2713 5104.4
1.09E+09 0.2645 5095.94
1.10E+09 0.2622 5087.56
1.11E+09 0.2578 5078.44
1.12E+09 0.2583 5070.47
1.13E+09 0.2595 5061.35
1.14E+09 0.2545 5052.26
1.16E+09 0.2524 5043.74
1.17E+09 0.2526 5035.54
1.18E+09 0.2493 5027.93
1.19E+09 0.2504 5019.95
1.20E+09 0.2439 5011.58
1.21E+09 0.2403 5003.71
1.22E+09 0.2425 4994.3
1.23E+09 0.2411 4986.38
1.24E+09 0.2399 4978.46
1.25E+09 0.2352 4970.03
1.27E+09 0.2371 4960.55
1.28E+09 0.2283 4952.4
1.29E+09 0.2354 4944.91
1.30E+09 0.2279 4936.36
1.32E+09 0.2304 4927.62
1.33E+09 0.2195 4919.32
1.34E+09 0.2266 4911.37
1.35E+09 0.2232 4903.34
1.36E+09 0.2229 4894.64
1.38E+09 0.2208 4887.03
1.39E+09 0.2076 4880.72
1.40E+09 0.2133 4872.42
1.41E+09 0.2164 4864.66
1.42E+09 0.2115 4856.89
1.44E+09 0.2124 4847.27
1.45E+09 0.2026 4838.89
1.46E+09 0.2121 4830.12
1.48E+09 0.2066 4821.43
1.49E+09 0.2076 4813.8
1.50E+09 0.2002 4806.04
1.52E+09 0.2039 4797.42
1.53E+09 0.1988 4787.73
1.55E+09 0.1881 4780.17
1.56E+09 0.1883 4773.37
1.57E+09 0.1996 4766.48
1.58E+09 0.1902 4757.91
1.60E+09 0.1928 4749.95
1.61E+09 0.1851 4743.2
1.62E+09 0.1868 4734.69
1.64E+09 0.1839 4727.25
1.65E+09 0.1854 4719.41
1.67E+09 0.1872 4710.97
1.68E+09 0.1810 4704.66
1.69E+09 0.1892 4696.63
1.71E+09 0.1796 4688.55
1.72E+09 0.1766 4680.89
1.73E+09 0.1697 4674.2
1.75E+09 0.1740 4666.52
1.76E+09 0.1758 4658.28
1.78E+09 0.1660 4651.37
1.79E+09 0.1607 4645.79
1.80E+09 0.1632 4639.31
1.82E+09 0.1667 4632.28
1.83E+09 0.1609 4625.5
1.84E+09 0.1630 4618.78
1.86E+09 0.1626 4612.17
1.87E+09 0.1624 4604.95
1.89E+09 0.1586 4597.81
1.90E+09 0.1505 4590.1
1.92E+09 0.1526 4584.02
1.93E+09 0.1563 4577.44
1.95E+09 0.1478 4570
1.96E+09 0.1536 4563.95
1.98E+09 0.1506 4556.64
1.99E+09 0.1411 4549.84
2.01E+09 0.1461 4543.36
2.02E+09 0.1453 4536.25
2.04E+09 0.1382 4529.6
2.05E+09 0.1423 4522.94
2.07E+09 0.1396 4517.51
2.08E+09 0.1423 4511.78
2.10E+09 0.1400 4504.92
2.11E+09 0.1376 4498.13
2.13E+09 0.1356 4491.77
2.14E+09 0.1339 4485.25
2.16E+09 0.1354 4478.66
2.18E+09 0.1343 4471.46
2.20E+09 0.1346 4464.39
2.21E+09 0.1320 4457.33
2.23E+09 0.1270 4451.2
2.25E+09 0.1235 4444.66
2.26E+09 0.1269 4437.58
2.28E+09 0.1239 4431.54
2.30E+09 0.1171 4425.09
2.32E+09 0.1229 4418.61
2.33E+09 0.1211 4412.23
2.35E+09 0.1144 4406.15
2.37E+09 0.1142 4399.8
2.39E+09 0.1120 4394.25
2.41E+09 0.1101 4387.67
2.42E+09 0.1093 4381.45
2.44E+09 0.1118 4375.34
2.46E+09 0.1118 4369.23
2.48E+09 0.1098 4362.83
2.50E+09 0.1048 4357.35
2.51E+09 0.1072 4351.3
2.53E+09 0.1063 4345.15
2.55E+09 0.1073 4339.42
2.57E+09 0.1025 4333.33
2.59E+09 0.1050 4327.67
2.61E+09 0.1018 4321.63
2.63E+09 0.1002 4316.07
2.64E+09 0.0968 4311.11
2.66E+09 0.1007 4305.9
2.68E+09 0.0952 4300.13
2.70E+09 0.0947 4295.56
2.72E+09 0.0916 4290.3
2.73E+09 0.0964 4285.36
2.75E+09 0.0948 4279.49
2.77E+09 0.0917 4274.18
2.79E+09 0.0890 4269.07
2.81E+09 0.0881 4263.63
2.83E+09 0.0879 4258.19
2.85E+09 0.0852 4253.07
2.87E+09 0.0858 4248.06
2.89E+09 0.0851 4243.09
2.91E+09 0.0879 4237.72
2.93E+09 0.0819 4232.16
2.95E+09 0.0813 4226.84
2.98E+09 0.0805 4221.3
3.00E+09 0.0797 4215.95
3.02E+09 0.0790 4210.2
3.05E+09 0.0777 4204.89
3.07E+09 0.0763 4199.7
3.09E+09 0.0762 4194.64
3.11E+09 0.0767 4189.26
3.14E+09 0.0761 4183.67
3.16E+09 0.0744 4178.26
3.18E+09 0.0727 4173.48
3.20E+09 0.0702 4168.56
3.23E+09 0.0687 4164.15
3.24E+09 0.0651 4160.38
3.26E+09 0.0693 4156.84
3.28E+09 0.0672 4152.14
3.30E+09 0.0662 4148.71
3.32E+09 0.0651 4145.35
3.34E+09 0.0608 4141.36
3.36E+09 0.0613 4137.3
3.38E+09 0.0565 4134.11
3.40E+09 0.0580 4130.71
3.42E+09 0.0608 4127.35
3.44E+09 0.0549 4123.36
3.46E+09 0.0593 4120.17
3.48E+09 0.0634 4115.59
3.51E+09 0.0563 4111.51
3.52E+09 0.0554 4108.19
3.55E+09 0.0569 4104.37
3.57E+09 0.0587 4100.51
3.59E+09 0.0506 4096.95
3.61E+09 0.0524 4093.85
3.63E+09 0.0535 4090.22
3.65E+09 0.0504 4086.8
3.68E+09 0.0518 4083.21
3.70E+09 0.0517 4079.77
3.72E+09 0.0477 4076.23
3.75E+09 0.0546 4072.26
3.77E+09 0.0535 4068.37
3.80E+09 0.0499 4064.39
3.82E+09 0.0449 4060.89
3.85E+09 0.0500 4057.34
3.87E+09 0.0496 4053.72
3.90E+09 0.0524 4049.57
3.92E+09 0.0455 4045.67
3.95E+09 0.0486 4042.35
3.98E+09 0.0486 4038.22
4.01E+09 0.0482 4033.65
4.04E+09 0.0475 4029.29
4.06E+09 0.0439 4025.41
4.09E+09 0.0418 4022.34
4.12E+09 0.0434 4018.81
4.14E+09 0.0407 4015.42
4.17E+09 0.0432 4012.18
4.19E+09 0.0399 4008.92
4.22E+09 0.0420 4005.74
4.25E+09 0.0418 4002.22
4.28E+09 0.0403 3998.78
4.31E+09 0.0384 3995.19
4.34E+09 0.0406 3991.61
4.37E+09 0.0389 3987.9
4.40E+09 0.0360 3984.44
4.43E+09 0.0352 3981
4.46E+09 0.0357 3977.55
4.50E+09 0.0343 3974.24
4.53E+09 0.0333 3970.69
4.56E+09 0.0327 3967.41
4.60E+09 0.0344 3963.99
4.62E+09 0.0350 3961.27
4.66E+09 0.0328 3957.76
4.69E+09 0.0325 3954.62
4.72E+09 0.0336 3951.3
4.75E+09 0.0341 3948.3
4.79E+09 0.0314 3945.06
4.82E+09 0.0327 3941.71
4.85E+09 0.0317 3938.69
4.88E+09 0.0309 3935.79
4.92E+09 0.0291 3932.19
4.96E+09 0.0292 3929.05
5.00E+09 0.0295 3925.84
