0.00E+00 -0.5147 5016.04
2.58E+08 0.1164 4886.93
2.73E+08 0.1320 4878.79
2.78E+08 0.1482 4875.69
2.97E+08 0.1505 4862.87
3.18E+08 0.1738 4848.32
3.61E+08 0.1492 4818.16
4.13E+08 0.1953 4777.54
5.46E+08 0.1458 4681.24
6.52E+08 0.1689 4612.63
7.48E+08 0.1698 4537.7
8.60E+08 0.1505 4457.94
9.32E+08 0.1438 4411.18
9.80E+08 0.1408 4380.82
1.02E+09 0.1371 4353.77
1.07E+09 0.1322 4326.39
1.11E+09 0.1250 4305.31
1.14E+09 0.1171 4289.25
1.16E+09 0.1220 4276.66
1.19E+09 0.1137 4259.35
1.22E+09 0.1082 4245.29
1.26E+09 0.1100 4227.25
1.30E+09 0.1036 4208.93
1.33E+09 0.0960 4192.96
1.37E+09 0.0929 4177.06
1.40E+09 0.0944 4164.95
1.43E+09 0.0867 4153.22
1.46E+09 0.0880 4141.21
1.48E+09 0.0838 4134.61
1.50E+09 0.0781 4127.29
1.52E+09 0.0811 4118.49
1.55E+09 0.0828 4107.81
1.57E+09 0.0743 4099.03
1.59E+09 0.0678 4093.76
1.61E+09 0.0749 4087.13
1.64E+09 0.0711 4078.21
1.66E+09 0.0784 4071.39
1.68E+09 0.0717 4063.56
1.71E+09 0.0747 4054.95
1.74E+09 0.0712 4045.55
1.77E+09 0.0679 4037.49
1.79E+09 0.0703 4029.24
1.82E+09 0.0619 4022.52
1.85E+09 0.0553 4014.56
1.87E+09 0.0626 4007.79
1.90E+09 0.0654 3999.43
1.94E+09 0.0608 3990.31
1.96E+09 0.0594 3982.84
2.00E+09 0.0566 3973.91
2.02E+09 0.0593 3967.02
2.06E+09 0.0574 3958.03
2.09E+09 0.0583 3948.81
2.13E+09 0.0544 3939.69
2.17E+09 0.0518 3931.38
2.20E+09 0.0507 3923.65
2.23E+09 0.0489 3916.58
2.27E+09 0.0482 3908.31
2.31E+09 0.0456 3899.65
2.35E+09 0.0491 3891.35
2.40E+09 0.0468 3882.13
2.44E+09 0.0442 3873.68
2.47E+09 0.0391 3866.62
2.51E+09 0.0340 3861.47
2.55E+09 0.0395 3854.92
2.59E+09 0.0400 3847.87
2.62E+09 0.0381 3842.2
2.66E+09 0.0357 3835.67
2.71E+09 0.0351 3828.6
2.75E+09 0.0336 3821.47
2.79E+09 0.0319 3815.72
2.84E+09 0.0327 3809.57
2.89E+09 0.0322 3802.34
2.94E+09 0.0287 3795.4
2.98E+09 0.0294 3789.57
3.03E+09 0.0278 3783.48
3.08E+09 0.0289 3777.96
3.13E+09 0.0268 3771.78
3.17E+09 0.0241 3766.61
3.22E+09 0.0276 3761.68
3.27E+09 0.0286 3754.95
3.32E+09 0.0264 3749.05
3.37E+09 0.0230 3743.25
3.42E+09 0.0201 3738.83
3.47E+09 0.0212 3734.09
3.53E+09 0.0240 3728.31
3.58E+09 0.0214 3723.22
3.63E+09 0.0175 3718.98
3.68E+09 0.0206 3714.34
3.74E+09 0.0193 3709.65
3.79E+09 0.0188 3705.32
3.84E+09 0.0169 3701.42
3.89E+09 0.0166 3697.23
3.94E+09 0.0172 3693.08
4.00E+09 0.0184 3689.08
4.05E+09 0.0165 3684.91
4.10E+09 0.0174 3681.06
4.16E+09 0.0160 3676.95
4.21E+09 0.0153 3673.21
4.27E+09 0.0186 3668.91
4.32E+09 0.0171 3664.55
4.38E+09 0.0140 3660.82
4.43E+09 0.0135 3657.63
4.49E+09 0.0152 3654.16
4.54E+09 0.0131 3650.69
4.60E+09 0.0116 3647.71
4.65E+09 0.0141 3644.75
4.71E+09 0.0126 3641.33
4.76E+09 0.0135 3638.06
4.82E+09 0.0119 3635.01
4.87E+09 0.0134 3632.03
4.93E+09 0.0141 3628.35
4.99E+09 0.0141 3624.6
