0.00E+00 -0.9135 6185.11
1.75E+08 0.2414 5980.03
2.40E+08 0.2469 5900.6
2.85E+08 0.2307 5848.3
3.24E+08 0.2166 5805.89
3.58E+08 0.2069 5769.48
3.90E+08 0.2020 5736.94
4.23E+08 0.1929 5704.11
4.56E+08 0.1896 5673.17
4.82E+08 0.1836 5648.17
5.08E+08 0.1794 5625.09
5.34E+08 0.1759 5602.59
5.58E+08 0.1703 5582.17
5.82E+08 0.1665 5561.51
6.06E+08 0.1630 5542.01
6.30E+08 0.1620 5522.57
6.54E+08 0.1589 5503.79
6.75E+08 0.1572 5486.65
7.00E+08 0.1556 5467.55
7.22E+08 0.1604 5450
7.41E+08 0.1663 5434.81
7.56E+08 0.1847 5421.77
7.61E+08 0.2317 5416.85
7.66E+08 0.2856 5410.27
7.74E+08 0.2844 5398.92
8.07E+08 0.2382 5355.95
8.63E+08 0.2223 5292.94
9.04E+08 0.2133 5248.19
9.59E+08 0.2134 5190.62
9.99E+08 0.1789 5150.75
1.07E+09 0.1701 5091.94
1.14E+09 0.1522 5031.16
1.23E+09 0.1421 4971.25
1.34E+09 0.1532 4885.92
1.45E+09 0.1426 4808.47
1.56E+09 0.1403 4732.61
1.65E+09 0.1139 4675.64
1.73E+09 0.1098 4629.88
1.80E+09 0.0952 4593.54
1.87E+09 0.0803 4564.88
1.90E+09 0.0759 4553.2
1.93E+09 0.0625 4542
1.96E+09 0.0697 4531.58
1.99E+09 0.0643 4521.81
2.03E+09 0.0598 4510.96
2.05E+09 0.0655 4501.76
2.09E+09 0.0554 4490.92
2.12E+09 0.0515 4482.16
2.16E+09 0.0679 4472.21
2.19E+09 0.0524 4463.36
2.23E+09 0.0570 4452.71
2.26E+09 0.0472 4444.81
2.29E+09 0.0532 4436.66
2.33E+09 0.0493 4427.31
2.37E+09 0.0439 4418.82
2.39E+09 0.0554 4411.7
2.43E+09 0.0417 4403.62
2.47E+09 0.0521 4395.27
2.50E+09 0.0398 4388.03
2.53E+09 0.0444 4380.85
2.56E+09 0.0455 4373.75
2.60E+09 0.0405 4365.85
2.64E+09 0.0405 4357.68
2.68E+09 0.0376 4350.42
2.72E+09 0.0378 4342.85
2.76E+09 0.0308 4336.08
2.80E+09 0.0365 4329.87
2.84E+09 0.0295 4323.51
2.88E+09 0.0330 4316.49
2.92E+09 0.0329 4310.32
2.96E+09 0.0263 4303.88
3.00E+09 0.0312 4298.2
3.04E+09 0.0278 4292.27
3.09E+09 0.0297 4284.83
3.13E+09 0.0263 4279.48
3.19E+09 0.0264 4272.54
3.23E+09 0.0278 4266.66
3.28E+09 0.0217 4261.01
3.32E+09 0.0223 4255.98
3.37E+09 0.0207 4251.47
3.42E+09 0.0216 4245.99
3.46E+09 0.0249 4241.3
3.51E+09 0.0180 4236.02
3.57E+09 0.0220 4230.31
3.62E+09 0.0193 4225.01
3.67E+09 0.0176 4219.96
3.73E+09 0.0196 4215.11
3.79E+09 0.0132 4210.05
3.85E+09 0.0179 4205.61
3.90E+09 0.0160 4200.8
3.96E+09 0.0147 4196.36
4.02E+09 0.0149 4192.11
4.08E+09 0.0148 4187.56
4.14E+09 0.0159 4182.86
4.20E+09 0.0145 4178.4
4.27E+09 0.0129 4174.13
4.33E+09 0.0146 4169.59
4.39E+09 0.0120 4165.41
4.47E+09 0.0121 4160.94
4.53E+09 0.0131 4156.97
4.60E+09 0.0118 4152.98
4.67E+09 0.0101 4149.12
4.73E+09 0.0092 4145.95
4.80E+09 0.0114 4142.68
4.87E+09 0.0093 4139.24
4.95E+09 0.0089 4135.86
