0.00E+00 -0.4246 4710.57
5.31E+07 0.2791 4672.62
7.36E+07 0.3070 4645.46
1.07E+08 0.2701 4602.8
1.46E+08 0.2569 4557.19
1.88E+08 0.2477 4511.9
2.46E+08 0.2568 4443.45
3.11E+08 0.2508 4367.65
3.61E+08 0.2525 4311.92
3.98E+08 0.2287 4272.81
4.26E+08 0.2220 4244.05
4.49E+08 0.2144 4222.32
4.70E+08 0.2102 4201.93
4.91E+08 0.1983 4182.85
5.15E+08 0.1989 4160.69
5.37E+08 0.1896 4142.36
5.53E+08 0.1863 4128.52
5.72E+08 0.1808 4112.93
5.87E+08 0.1818 4100.59
6.06E+08 0.1771 4085.28
6.22E+08 0.1687 4072.87
6.36E+08 0.1696 4062.51
6.54E+08 0.1629 4049.27
6.71E+08 0.1604 4036.54
6.88E+08 0.1585 4024.82
7.03E+08 0.1505 4014.4
7.18E+08 0.1531 4004
7.36E+08 0.1479 3991.81
7.55E+08 0.1423 3979.66
7.74E+08 0.1386 3968.03
7.91E+08 0.1354 3957.29
8.10E+08 0.1324 3946.2
8.27E+08 0.1290 3936.45
8.44E+08 0.1231 3926.39
8.63E+08 0.1208 3916.24
8.79E+08 0.1185 3907.57
8.99E+08 0.1145 3897.51
9.16E+08 0.1113 3888.73
9.33E+08 0.1072 3880.71
9.54E+08 0.1018 3870.71
9.70E+08 0.0999 3863.47
9.88E+08 0.0986 3855.43
1.01E+09 0.0931 3845.27
1.03E+09 0.0901 3837.33
1.05E+09 0.0886 3829.59
1.07E+09 0.0858 3822.46
1.09E+09 0.0837 3814.73
1.11E+09 0.0809 3807.13
1.13E+09 0.0766 3801.03
1.15E+09 0.0758 3793.93
1.17E+09 0.0747 3787.56
1.18E+09 0.0737 3781.72
1.20E+09 0.0713 3775.4
1.22E+09 0.0727 3769.99
1.24E+09 0.0712 3764.04
1.26E+09 0.0687 3758.44
1.27E+09 0.0690 3753.53
1.29E+09 0.0673 3748.13
1.31E+09 0.0659 3742.26
1.33E+09 0.0662 3736.07
1.35E+09 0.0650 3730.49
1.37E+09 0.0648 3724.81
1.39E+09 0.0630 3719.24
1.41E+09 0.0630 3713.27
1.43E+09 0.0622 3707.3
1.45E+09 0.0605 3701.91
1.47E+09 0.0586 3696.67
1.49E+09 0.0600 3691.34
1.51E+09 0.0576 3685.39
1.53E+09 0.0573 3681.03
1.55E+09 0.0573 3677.39
1.57E+09 0.0553 3671.21
1.59E+09 0.0549 3666.02
1.61E+09 0.0548 3661.87
1.63E+09 0.0536 3656.88
1.65E+09 0.0519 3651.4
1.67E+09 0.0511 3646.2
1.70E+09 0.0508 3640.57
1.72E+09 0.0498 3635.88
1.74E+09 0.0495 3631.33
1.76E+09 0.0492 3626.39
1.79E+09 0.0480 3621.22
1.81E+09 0.0466 3616.3
1.83E+09 0.0460 3611.67
1.86E+09 0.0448 3606.8
1.88E+09 0.0448 3601.96
1.91E+09 0.0424 3597.14
1.93E+09 0.0436 3592.55
1.95E+09 0.0415 3587.71
1.98E+09 0.0422 3583.43
2.01E+09 0.0408 3578.35
2.04E+09 0.0396 3572.77
2.06E+09 0.0392 3568.09
2.09E+09 0.0372 3563.48
2.12E+09 0.0373 3559.19
2.14E+09 0.0370 3554.6
2.17E+09 0.0355 3550.02
2.20E+09 0.0356 3545.55
2.22E+09 0.0343 3541.75
2.25E+09 0.0344 3538.4
2.28E+09 0.0331 3533.77
2.30E+09 0.0330 3529.97
2.33E+09 0.0316 3525.44
2.36E+09 0.0311 3521.56
2.39E+09 0.0305 3517.62
2.42E+09 0.0310 3513.84
2.44E+09 0.0306 3510.39
2.47E+09 0.0295 3506.78
2.50E+09 0.0290 3502.85
2.53E+09 0.0285 3499.13
2.56E+09 0.0278 3495.62
2.59E+09 0.0270 3491.8
2.62E+09 0.0271 3487.92
2.65E+09 0.0259 3483.84
2.69E+09 0.0250 3479.46
2.73E+09 0.0245 3475.3
2.77E+09 0.0242 3471.13
2.80E+09 0.0240 3467.08
2.84E+09 0.0234 3463.1
2.88E+09 0.0233 3458.77
2.93E+09 0.0221 3454.28
2.96E+09 0.0222 3450.52
3.01E+09 0.0213 3446.44
3.05E+09 0.0210 3442.44
3.09E+09 0.0211 3438.59
3.13E+09 0.0200 3434.65
3.18E+09 0.0191 3430.74
3.22E+09 0.0195 3427.19
3.26E+09 0.0190 3423.51
3.31E+09 0.0187 3419.63
3.35E+09 0.0179 3416.18
3.40E+09 0.0164 3412.52
3.44E+09 0.0174 3408.88
3.49E+09 0.0167 3405.47
3.53E+09 0.0163 3402.17
3.58E+09 0.0163 3398.78
3.63E+09 0.0154 3395.43
3.68E+09 0.0150 3392.12
3.73E+09 0.0147 3388.78
3.78E+09 0.0142 3385.49
3.83E+09 0.0135 3382.21
3.88E+09 0.0134 3379.23
3.93E+09 0.0134 3376.15
3.99E+09 0.0132 3372.95
4.04E+09 0.0128 3369.75
4.09E+09 0.0128 3366.81
4.15E+09 0.0127 3363.85
4.20E+09 0.0129 3360.97
4.25E+09 0.0130 3358.03
4.30E+09 0.0123 3354.91
4.36E+09 0.0119 3351.89
4.41E+09 0.0120 3348.85
4.47E+09 0.0117 3345.87
4.53E+09 0.0118 3342.94
4.58E+09 0.0115 3339.91
4.64E+09 0.0117 3337.01
4.70E+09 0.0113 3334.01
4.76E+09 0.0114 3331.08
4.81E+09 0.0109 3328.17
4.87E+09 0.0109 3325.28
4.93E+09 0.0108 3322.43
4.99E+09 0.0105 3319.69
