0.00E+00 -0.5618 4916.96
2.06E+08 0.1396 4847.81
2.58E+08 0.1280 4829.15
2.89E+08 0.1288 4817.34
2.95E+08 0.1340 4815.35
2.97E+08 0.1495 4814.58
3.02E+08 0.1658 4812.16
3.04E+08 0.1850 4811.14
3.06E+08 0.1999 4809.83
3.14E+08 0.1869 4805.47
3.31E+08 0.1760 4796.72
3.53E+08 0.1982 4785.28
3.58E+08 0.2339 4781.76
3.94E+08 0.2069 4759.84
4.25E+08 0.2186 4741.52
4.50E+08 0.2219 4725.17
5.10E+08 0.2029 4688.77
5.58E+08 0.1890 4661.46
5.98E+08 0.1781 4640.25
6.36E+08 0.1706 4621.21
6.74E+08 0.1663 4603.14
7.09E+08 0.1651 4586.36
7.38E+08 0.1634 4572.57
7.61E+08 0.1599 4561.95
7.81E+08 0.1539 4553.05
7.99E+08 0.1610 4545.04
8.16E+08 0.1577 4537.13
8.33E+08 0.1609 4529.35
8.52E+08 0.1480 4521.2
8.70E+08 0.1543 4513.19
8.88E+08 0.1501 4505.21
9.07E+08 0.1467 4497.25
9.26E+08 0.1361 4489.79
9.41E+08 0.1403 4483.73
9.59E+08 0.1321 4476.63
9.76E+08 0.1297 4470.2
9.94E+08 0.1290 4463.69
1.01E+09 0.1275 4457.61
1.03E+09 0.1221 4451.87
1.04E+09 0.1190 4445.74
1.06E+09 0.1222 4441.23
1.07E+09 0.1159 4436.95
1.08E+09 0.1161 4432.21
1.10E+09 0.1139 4427.27
1.11E+09 0.1132 4422.94
1.13E+09 0.1063 4418.09
1.14E+09 0.1106 4413.4
1.16E+09 0.1034 4409.14
1.17E+09 0.1067 4405.25
1.18E+09 0.1002 4401.16
1.20E+09 0.1002 4397.17
1.21E+09 0.0988 4393.21
1.22E+09 0.1012 4389.3
1.24E+09 0.1013 4385.16
1.25E+09 0.0976 4380.77
1.27E+09 0.0985 4377.52
1.28E+09 0.0984 4374.23
1.29E+09 0.0975 4371.47
1.30E+09 0.0969 4368.54
1.31E+09 0.0956 4365.6
1.32E+09 0.0935 4362.64
1.33E+09 0.0974 4359.96
1.34E+09 0.0945 4357.28
1.35E+09 0.0946 4354.73
1.36E+09 0.0939 4351.81
1.37E+09 0.0930 4348.88
1.38E+09 0.0964 4346
1.39E+09 0.0928 4343.28
1.40E+09 0.0920 4340.55
1.41E+09 0.0953 4338.01
1.42E+09 0.0949 4335.47
1.43E+09 0.0978 4333.08
1.44E+09 0.0985 4330.24
1.45E+09 0.0956 4326.99
1.46E+09 0.0958 4324.19
1.47E+09 0.0965 4321.41
1.48E+09 0.0960 4319.02
1.49E+09 0.0953 4316.77
1.50E+09 0.0941 4314.37
1.51E+09 0.0996 4311.63
1.52E+09 0.0958 4308.84
1.53E+09 0.0960 4306.01
1.54E+09 0.0948 4303.14
1.55E+09 0.0940 4300.62
1.56E+09 0.0941 4297.86
1.56E+09 0.0964 4295.26
1.58E+09 0.0913 4292.4
1.59E+09 0.0972 4289.59
1.60E+09 0.0933 4286.61
1.61E+09 0.0916 4283.71
1.62E+09 0.0932 4281.22
1.63E+09 0.0942 4278.76
1.64E+09 0.0900 4276.07
1.65E+09 0.0928 4273.23
1.66E+09 0.0890 4270.04
1.67E+09 0.0902 4266.92
1.68E+09 0.0879 4263.87
1.70E+09 0.0905 4260.94
1.71E+09 0.0890 4257.65
1.72E+09 0.0893 4254.38
1.73E+09 0.0851 4251.36
1.74E+09 0.0846 4248.55
1.76E+09 0.0888 4245.57
1.77E+09 0.0882 4241.87
1.79E+09 0.0876 4238.01
1.80E+09 0.0866 4233.7
1.82E+09 0.0850 4230
1.84E+09 0.0831 4225.75
1.85E+09 0.0832 4221.82
1.87E+09 0.0835 4217.75
1.89E+09 0.0830 4213.66
1.90E+09 0.0825 4209.58
1.92E+09 0.0837 4205.67
1.94E+09 0.0814 4201.31
1.96E+09 0.0836 4197.45
1.97E+09 0.0805 4193.55
1.99E+09 0.0782 4189.97
2.00E+09 0.0772 4186.53
2.02E+09 0.0755 4182.98
2.03E+09 0.0735 4179.76
2.05E+09 0.0720 4176.42
2.06E+09 0.0743 4173.49
2.08E+09 0.0716 4170.55
2.10E+09 0.0723 4167.12
2.11E+09 0.0757 4164.15
2.12E+09 0.0685 4161.09
2.14E+09 0.0700 4157.86
2.16E+09 0.0744 4154.71
2.17E+09 0.0733 4151.66
2.19E+09 0.0689 4148.3
2.20E+09 0.0647 4145.08
2.22E+09 0.0662 4142.4
2.23E+09 0.0632 4140.09
2.25E+09 0.0656 4137.16
2.26E+09 0.0636 4134.99
2.27E+09 0.0608 4132.89
2.28E+09 0.0669 4130.45
2.30E+09 0.0661 4128.03
2.31E+09 0.0605 4125.62
2.32E+09 0.0605 4123.1
2.34E+09 0.0571 4121.04
2.35E+09 0.0664 4118.66
2.36E+09 0.0703 4116.11
2.38E+09 0.0642 4113.19
2.39E+09 0.0647 4110.9
2.40E+09 0.0608 4108.65
2.42E+09 0.0564 4106.1
2.43E+09 0.0561 4103.91
2.44E+09 0.0534 4101.95
2.46E+09 0.0590 4099.86
2.47E+09 0.0586 4097.43
2.49E+09 0.0612 4094.98
2.50E+09 0.0581 4092.1
2.52E+09 0.0554 4089.76
2.53E+09 0.0508 4087.64
2.55E+09 0.0636 4085.05
2.56E+09 0.0593 4082.32
2.58E+09 0.0524 4079.35
2.60E+09 0.0562 4076.68
2.61E+09 0.0527 4074.65
2.62E+09 0.0509 4072.54
2.64E+09 0.0549 4070.4
2.66E+09 0.0559 4067.67
2.67E+09 0.0537 4065.19
2.69E+09 0.0473 4062.82
2.70E+09 0.0524 4060.46
2.72E+09 0.0552 4058.14
2.73E+09 0.0549 4055.71
2.75E+09 0.0541 4052.8
2.77E+09 0.0527 4050.57
2.78E+09 0.0481 4048.24
2.80E+09 0.0472 4046.13
2.82E+09 0.0484 4043.59
2.84E+09 0.0517 4040.88
2.85E+09 0.0477 4038.33
2.87E+09 0.0481 4035.85
2.89E+09 0.0494 4033.42
2.91E+09 0.0449 4031.21
2.92E+09 0.0417 4029.12
2.94E+09 0.0516 4026.39
2.97E+09 0.0507 4023.04
2.99E+09 0.0498 4020.29
3.01E+09 0.0492 4017.06
3.03E+09 0.0481 4013.97
3.05E+09 0.0436 4011.08
3.07E+09 0.0420 4008.56
3.09E+09 0.0426 4006.23
3.11E+09 0.0444 4003.97
3.13E+09 0.0419 4001.75
3.15E+09 0.0435 3999.28
3.17E+09 0.0447 3996.49
3.19E+09 0.0427 3993.87
3.21E+09 0.0433 3991.11
3.23E+09 0.0391 3988.99
3.25E+09 0.0368 3986.71
3.27E+09 0.0451 3984.6
3.30E+09 0.0424 3981.61
3.32E+09 0.0405 3978.79
3.34E+09 0.0395 3975.74
3.37E+09 0.0392 3973.39
3.39E+09 0.0397 3970.84
3.41E+09 0.0399 3968.22
3.44E+09 0.0378 3965.59
3.46E+09 0.0364 3962.97
3.49E+09 0.0366 3960.25
3.51E+09 0.0354 3958.1
3.53E+09 0.0354 3955.73
3.55E+09 0.0313 3953.51
3.58E+09 0.0375 3951.26
3.60E+09 0.0367 3948.51
3.63E+09 0.0385 3945.6
3.65E+09 0.0352 3943.22
3.68E+09 0.0322 3940.88
3.70E+09 0.0304 3938.58
3.72E+09 0.0329 3936.64
3.75E+09 0.0384 3934.05
3.77E+09 0.0348 3931.4
3.80E+09 0.0324 3928.96
3.82E+09 0.0306 3926.72
3.84E+09 0.0286 3925.11
3.87E+09 0.0324 3922.94
3.89E+09 0.0325 3920.42
3.92E+09 0.0323 3918.01
3.95E+09 0.0302 3915.52
3.98E+09 0.0299 3913.14
4.00E+09 0.0318 3910.62
4.04E+09 0.0293 3907.8
4.06E+09 0.0320 3905.66
4.09E+09 0.0331 3903.35
4.11E+09 0.0289 3900.97
4.15E+09 0.0283 3898.22
4.17E+09 0.0285 3895.95
4.20E+09 0.0253 3894.12
4.22E+09 0.0243 3892.28
4.25E+09 0.0270 3890.68
4.27E+09 0.0277 3888.61
4.30E+09 0.0256 3886.79
4.32E+09 0.0237 3884.95
4.35E+09 0.0242 3883.04
4.37E+09 0.0277 3881.31
4.41E+09 0.0268 3878.78
4.43E+09 0.0263 3876.81
4.46E+09 0.0254 3875.04
4.49E+09 0.0276 3872.71
4.52E+09 0.0261 3870.24
4.55E+09 0.0269 3868.01
4.58E+09 0.0255 3865.54
4.61E+09 0.0273 3863.03
4.64E+09 0.0253 3860.67
4.68E+09 0.0247 3858.12
4.71E+09 0.0267 3856.02
4.74E+09 0.0239 3853.49
4.77E+09 0.0244 3851.4
4.81E+09 0.0241 3849.1
4.84E+09 0.0221 3846.89
4.88E+09 0.0214 3844.66
4.91E+09 0.0199 3842.91
4.94E+09 0.0216 3841.07
4.96E+09 0.0213 3839.44
4.99E+09 0.0195 3837.79
