0.00E+00 -0.5442 4974.12
1.22E+08 0.1686 4938.4
1.29E+08 0.2166 4934.42
1.42E+08 0.2487 4926.4
1.64E+08 0.2357 4911.12
1.94E+08 0.2382 4892.46
2.37E+08 0.2518 4863.33
3.00E+08 0.2519 4819.14
3.73E+08 0.2362 4770
4.14E+08 0.2244 4744.05
4.41E+08 0.2325 4727.18
4.65E+08 0.2317 4712.33
4.81E+08 0.2367 4702.02
4.94E+08 0.2336 4693.13
5.07E+08 0.2300 4684.96
5.18E+08 0.2278 4678.17
5.29E+08 0.2239 4671.21
5.40E+08 0.2228 4664.92
5.49E+08 0.2229 4659
5.58E+08 0.2161 4653.68
5.69E+08 0.2086 4647.29
5.81E+08 0.2170 4640.28
5.93E+08 0.2126 4632.99
6.04E+08 0.2102 4627.17
6.10E+08 0.2038 4623.3
6.21E+08 0.1976 4617.21
6.32E+08 0.1921 4611.76
6.41E+08 0.1792 4607.23
6.48E+08 0.1837 4603.71
6.57E+08 0.1887 4598.81
6.67E+08 0.1835 4593.83
6.76E+08 0.1750 4589.37
6.83E+08 0.1650 4586.25
6.92E+08 0.1788 4582.11
7.02E+08 0.1916 4577.08
7.13E+08 0.1901 4571.22
7.27E+08 0.1781 4564.09
7.40E+08 0.1762 4557.92
7.53E+08 0.1801 4551.65
7.65E+08 0.1818 4545.7
7.73E+08 0.1773 4541.83
7.80E+08 0.1716 4538.45
7.87E+08 0.1652 4535.15
7.93E+08 0.1540 4532.45
8.02E+08 0.1590 4528.73
8.10E+08 0.1639 4524.95
8.19E+08 0.1630 4520.9
8.28E+08 0.1614 4516.99
8.36E+08 0.1551 4513.4
8.45E+08 0.1643 4509.75
8.55E+08 0.1562 4505.32
8.64E+08 0.1529 4501.24
8.72E+08 0.1566 4497.82
8.80E+08 0.1598 4494.53
8.88E+08 0.1495 4491.06
8.98E+08 0.1544 4487.02
9.08E+08 0.1617 4482.42
9.18E+08 0.1580 4477.99
9.27E+08 0.1584 4474.47
9.36E+08 0.1495 4470.35
9.46E+08 0.1555 4466.4
9.54E+08 0.1550 4462.99
9.64E+08 0.1571 4458.83
9.75E+08 0.1482 4453.94
9.86E+08 0.1477 4449.41
9.96E+08 0.1516 4445.49
1.00E+09 0.1490 4441.87
1.02E+09 0.1466 4437.3
1.02E+09 0.1443 4433.92
1.03E+09 0.1506 4430.13
1.04E+09 0.1452 4426.23
1.05E+09 0.1441 4422.67
1.06E+09 0.1427 4418.94
1.07E+09 0.1446 4415.92
1.08E+09 0.1429 4412.62
1.09E+09 0.1348 4409.51
1.10E+09 0.1445 4405.58
1.11E+09 0.1387 4401.87
1.12E+09 0.1367 4398.13
1.12E+09 0.1379 4395.16
1.13E+09 0.1319 4392.53
1.14E+09 0.1393 4389.69
1.15E+09 0.1395 4385.05
1.16E+09 0.1384 4381.25
1.17E+09 0.1340 4376.91
1.18E+09 0.1336 4372.74
1.19E+09 0.1343 4369.19
1.20E+09 0.1306 4365.78
1.21E+09 0.1293 4362.38
1.22E+09 0.1348 4358.43
1.23E+09 0.1310 4355.1
1.24E+09 0.1326 4351.47
1.25E+09 0.1311 4347.91
1.26E+09 0.1268 4344.53
1.27E+09 0.1250 4341.09
1.28E+09 0.1276 4337.56
1.29E+09 0.1217 4333.75
1.30E+09 0.1267 4330.26
1.32E+09 0.1279 4326.18
1.33E+09 0.1261 4322.42
1.34E+09 0.1194 4319.16
1.35E+09 0.1245 4315.89
1.35E+09 0.1225 4312.81
1.36E+09 0.1159 4310.06
1.37E+09 0.1175 4307.3
1.38E+09 0.1242 4303.54
1.39E+09 0.1213 4299.57
1.41E+09 0.1161 4296
1.42E+09 0.1193 4292.89
1.43E+09 0.1137 4289.3
1.44E+09 0.1198 4285.86
1.45E+09 0.1186 4282.09
1.46E+09 0.1111 4278.42
1.47E+09 0.1145 4275.24
1.48E+09 0.1133 4271.84
1.49E+09 0.1125 4267.99
1.50E+09 0.1128 4264.69
1.51E+09 0.1073 4261.94
1.52E+09 0.1107 4259
1.54E+09 0.1174 4255.14
1.55E+09 0.1139 4250.77
1.56E+09 0.1069 4247.32
1.57E+09 0.1083 4244.61
1.58E+09 0.1088 4241.15
1.59E+09 0.1040 4237.54
1.61E+09 0.1056 4234.19
1.62E+09 0.1077 4230.48
1.63E+09 0.1071 4227.03
1.64E+09 0.1033 4223.12
1.66E+09 0.1064 4219.46
1.67E+09 0.1054 4216.39
1.68E+09 0.1019 4213.15
1.69E+09 0.1038 4209.64
1.70E+09 0.1016 4206.56
1.72E+09 0.1042 4202.37
1.73E+09 0.0983 4198.47
1.74E+09 0.1003 4195.31
1.76E+09 0.0977 4191.75
1.77E+09 0.1024 4187.71
1.78E+09 0.1004 4184.55
1.80E+09 0.0957 4180.68
1.81E+09 0.0972 4177.27
1.82E+09 0.0918 4174.16
1.83E+09 0.0985 4170.92
1.85E+09 0.0943 4167.67
1.86E+09 0.0971 4164.44
1.87E+09 0.0916 4161.58
1.88E+09 0.0885 4159.03
1.89E+09 0.0935 4156.96
1.90E+09 0.0889 4154.62
1.91E+09 0.0841 4152.43
1.92E+09 0.0867 4150.12
1.93E+09 0.0892 4147.7
1.94E+09 0.0944 4145.48
1.95E+09 0.0925 4142.55
1.96E+09 0.0831 4139.83
1.97E+09 0.0852 4136.82
1.98E+09 0.0913 4133.96
1.99E+09 0.0902 4131.79
2.00E+09 0.0851 4129.32
2.01E+09 0.0822 4127
2.02E+09 0.0831 4125.38
2.03E+09 0.0853 4122.85
2.04E+09 0.0860 4120.49
2.05E+09 0.0831 4118.12
2.06E+09 0.0851 4115.58
2.07E+09 0.0825 4112.85
2.09E+09 0.0807 4110.31
2.10E+09 0.0864 4107.5
2.11E+09 0.0869 4104.18
2.13E+09 0.0811 4100.53
2.14E+09 0.0795 4097.71
2.15E+09 0.0770 4094.85
2.17E+09 0.0821 4092.08
2.18E+09 0.0809 4089.03
2.19E+09 0.0794 4086.08
2.21E+09 0.0821 4082.98
2.22E+09 0.0795 4080.01
2.23E+09 0.0722 4077.34
2.25E+09 0.0752 4074.7
2.26E+09 0.0780 4071.83
2.27E+09 0.0726 4069.01
2.29E+09 0.0740 4066.24
2.30E+09 0.0795 4062.94
2.32E+09 0.0770 4059.99
2.33E+09 0.0722 4056.93
2.34E+09 0.0683 4054.58
2.36E+09 0.0713 4052.41
2.37E+09 0.0736 4050.2
2.38E+09 0.0736 4047.55
2.39E+09 0.0670 4045.28
2.41E+09 0.0674 4042.87
2.42E+09 0.0749 4040.85
2.43E+09 0.0735 4038.48
2.44E+09 0.0661 4036.11
2.45E+09 0.0659 4033.85
2.46E+09 0.0627 4032.27
2.47E+09 0.0715 4030.13
2.48E+09 0.0736 4027.92
2.49E+09 0.0709 4026.23
2.51E+09 0.0664 4023.78
2.52E+09 0.0643 4021.72
2.53E+09 0.0654 4019.72
2.54E+09 0.0724 4017.13
2.56E+09 0.0702 4013.89
2.57E+09 0.0705 4011.09
2.59E+09 0.0679 4008.02
2.60E+09 0.0646 4005.44
2.62E+09 0.0629 4002.77
2.63E+09 0.0654 4000.64
2.65E+09 0.0625 3997.99
2.66E+09 0.0653 3995.25
2.68E+09 0.0665 3992.21
2.69E+09 0.0648 3989.46
2.71E+09 0.0603 3987.03
2.72E+09 0.0587 3984.74
2.74E+09 0.0609 3982.5
2.75E+09 0.0601 3979.97
2.77E+09 0.0636 3977.1
2.78E+09 0.0621 3974.96
2.80E+09 0.0568 3972.46
2.81E+09 0.0552 3970.74
2.82E+09 0.0647 3968.48
2.83E+09 0.0639 3966.25
2.85E+09 0.0590 3963.92
2.86E+09 0.0524 3961.84
2.87E+09 0.0555 3959.88
2.89E+09 0.0539 3958.01
2.90E+09 0.0540 3956.45
2.91E+09 0.0564 3954.47
2.92E+09 0.0585 3952.69
2.94E+09 0.0568 3950.5
2.95E+09 0.0570 3948.37
2.96E+09 0.0560 3946.11
2.98E+09 0.0573 3943.87
2.99E+09 0.0545 3941.89
3.00E+09 0.0514 3940.07
3.02E+09 0.0503 3938.07
3.03E+09 0.0522 3936.61
3.04E+09 0.0558 3934.61
3.06E+09 0.0518 3932.57
3.07E+09 0.0568 3930.63
3.08E+09 0.0522 3928.33
3.10E+09 0.0573 3925.85
3.11E+09 0.0557 3923.76
3.13E+09 0.0525 3921.61
3.15E+09 0.0508 3919.36
3.16E+09 0.0475 3917.69
3.17E+09 0.0499 3915.58
3.19E+09 0.0525 3913.66
3.20E+09 0.0528 3911.99
3.22E+09 0.0487 3909.64
3.23E+09 0.0491 3907.94
3.24E+09 0.0499 3905.78
3.26E+09 0.0500 3903.77
3.27E+09 0.0460 3901.94
3.29E+09 0.0498 3899.67
3.31E+09 0.0515 3897.51
3.33E+09 0.0487 3894.67
3.34E+09 0.0493 3892.53
3.36E+09 0.0512 3890.11
3.38E+09 0.0461 3887.73
3.40E+09 0.0441 3885.19
3.42E+09 0.0470 3882.98
3.44E+09 0.0476 3880.46
3.45E+09 0.0476 3878.35
3.47E+09 0.0475 3875.5
3.49E+09 0.0444 3873.21
3.51E+09 0.0441 3871.08
3.53E+09 0.0442 3869.15
3.54E+09 0.0452 3866.89
3.57E+09 0.0458 3864.24
3.59E+09 0.0450 3861.59
3.61E+09 0.0447 3858.51
3.63E+09 0.0427 3855.88
3.65E+09 0.0461 3853.41
3.68E+09 0.0494 3850.33
3.70E+09 0.0461 3846.76
3.73E+09 0.0411 3843.4
3.76E+09 0.0432 3840.6
3.78E+09 0.0463 3837.53
3.81E+09 0.0449 3834.69
3.83E+09 0.0413 3831.46
3.86E+09 0.0446 3828.24
3.89E+09 0.0409 3825.21
3.90E+09 0.0378 3823.3
3.93E+09 0.0384 3820.65
3.95E+09 0.0408 3818.29
3.97E+09 0.0386 3815.76
4.00E+09 0.0368 3813.5
4.02E+09 0.0355 3811.33
4.04E+09 0.0390 3809.17
4.06E+09 0.0373 3806.86
4.09E+09 0.0371 3804.3
4.11E+09 0.0392 3801.43
4.14E+09 0.0395 3798.67
4.17E+09 0.0379 3795.84
4.19E+09 0.0356 3793.1
4.22E+09 0.0352 3790.58
4.25E+09 0.0352 3787.97
4.27E+09 0.0343 3786.03
4.29E+09 0.0324 3783.87
4.31E+09 0.0324 3782.52
4.32E+09 0.0305 3780.95
4.34E+09 0.0310 3779.68
4.36E+09 0.0291 3778
4.38E+09 0.0303 3776.55
4.40E+09 0.0337 3774.82
4.42E+09 0.0351 3772.89
4.44E+09 0.0314 3770.94
4.46E+09 0.0290 3769.41
4.48E+09 0.0319 3767.72
4.50E+09 0.0297 3766.28
4.52E+09 0.0298 3764.63
4.53E+09 0.0291 3763.13
4.55E+09 0.0282 3761.61
4.57E+09 0.0310 3760.16
4.59E+09 0.0313 3758.24
4.61E+09 0.0312 3756.66
4.63E+09 0.0287 3755.22
4.65E+09 0.0281 3753.6
4.67E+09 0.0273 3752.11
4.69E+09 0.0273 3750.55
4.71E+09 0.0340 3748.93
4.73E+09 0.0329 3746.88
4.76E+09 0.0339 3744.73
4.78E+09 0.0325 3742.61
4.81E+09 0.0296 3740.33
4.83E+09 0.0289 3738.45
4.85E+09 0.0289 3736.7
4.87E+09 0.0290 3734.95
4.89E+09 0.0274 3733.34
4.91E+09 0.0265 3731.92
4.94E+09 0.0257 3730.34
4.96E+09 0.0279 3728.78
4.98E+09 0.0290 3727.01
5.00E+09 0.0276 3725.55
