0.00E+00 -0.6907 5642.53
1.39E+08 0.2252 5574.63
1.71E+08 0.2158 5555.83
1.74E+08 0.2221 5554.4
1.75E+08 0.2453 5553.48
1.77E+08 0.2867 5551.76
1.80E+08 0.3173 5549.45
1.84E+08 0.3141 5545.88
1.95E+08 0.2859 5536.57
2.15E+08 0.2942 5521.4
2.20E+08 0.3569 5516.72
2.42E+08 0.3190 5496.96
2.63E+08 0.3531 5477.5
3.01E+08 0.3247 5441.77
3.38E+08 0.3460 5408.42
3.80E+08 0.3407 5368.02
4.23E+08 0.3206 5328.64
4.55E+08 0.3076 5301.13
4.80E+08 0.3022 5280.47
5.00E+08 0.3004 5263.5
5.20E+08 0.3014 5246.55
5.36E+08 0.3018 5233.73
5.48E+08 0.3100 5222.92
5.62E+08 0.3183 5211.41
5.74E+08 0.3233 5200.91
5.93E+08 0.3165 5183.92
6.08E+08 0.3146 5170.89
6.22E+08 0.3125 5158.41
6.34E+08 0.3000 5148.18
6.44E+08 0.2981 5140.02
6.55E+08 0.2886 5131.69
6.65E+08 0.2946 5123.49
6.77E+08 0.2871 5113.7
6.88E+08 0.2897 5104.91
7.01E+08 0.2864 5094.48
7.14E+08 0.2814 5084.83
7.22E+08 0.2675 5078.64
7.30E+08 0.2708 5072.87
7.38E+08 0.2738 5067.01
7.47E+08 0.2701 5059.95
7.57E+08 0.2609 5052.84
7.65E+08 0.2672 5047.12
7.73E+08 0.2724 5040.96
7.82E+08 0.2679 5034.35
7.90E+08 0.2613 5028.28
7.97E+08 0.2564 5023.39
8.05E+08 0.2670 5017.67
8.15E+08 0.2568 5010.41
8.23E+08 0.2604 5004.77
8.31E+08 0.2471 4998.86
8.39E+08 0.2629 4993.14
8.49E+08 0.2596 4986.52
8.58E+08 0.2560 4979.48
8.68E+08 0.2507 4972.52
8.77E+08 0.2499 4966.37
8.86E+08 0.2469 4960.58
8.94E+08 0.2463 4954.69
9.03E+08 0.2416 4948.87
9.10E+08 0.2435 4944.09
9.17E+08 0.2317 4939.25
9.25E+08 0.2433 4934.61
9.32E+08 0.2442 4929.86
9.40E+08 0.2461 4924.1
9.49E+08 0.2330 4918.5
9.58E+08 0.2411 4912.53
9.68E+08 0.2382 4905.94
9.76E+08 0.2293 4900.93
9.83E+08 0.2327 4896.15
9.90E+08 0.2377 4891.56
9.97E+08 0.2330 4886.81
1.00E+09 0.2253 4882.74
1.01E+09 0.2332 4878.68
1.02E+09 0.2286 4874.02
1.02E+09 0.2240 4869.79
1.03E+09 0.2211 4866.33
1.04E+09 0.2261 4862.18
1.04E+09 0.2216 4858.24
1.05E+09 0.2233 4853.83
1.06E+09 0.2285 4849.36
1.06E+09 0.2220 4844.9
1.07E+09 0.2221 4840.2
1.08E+09 0.2265 4836.36
1.08E+09 0.2176 4832.49
1.09E+09 0.2074 4828.66
1.10E+09 0.2174 4824.8
1.11E+09 0.2278 4820.33
1.11E+09 0.2193 4815.25
1.12E+09 0.2162 4810.94
1.13E+09 0.2111 4807.15
1.13E+09 0.2149 4802.6
1.14E+09 0.2104 4798.09
1.15E+09 0.2107 4794.32
1.16E+09 0.2093 4789.93
1.16E+09 0.2128 4785.72
1.17E+09 0.2131 4781.99
1.18E+09 0.2078 4778.19
1.18E+09 0.1983 4773.95
1.19E+09 0.2122 4770.62
1.20E+09 0.2057 4766.6
1.20E+09 0.1983 4762.73
1.21E+09 0.2061 4758.68
1.22E+09 0.2060 4753.89
1.23E+09 0.2005 4750.49
1.23E+09 0.2048 4746.5
1.24E+09 0.1975 4742.55
1.25E+09 0.2029 4738.81
1.25E+09 0.2033 4734.55
1.26E+09 0.2020 4730.52
1.27E+09 0.2036 4726.71
1.28E+09 0.1901 4722.53
1.28E+09 0.1863 4719.21
1.29E+09 0.2037 4715.38
1.30E+09 0.2011 4711.16
1.30E+09 0.1931 4707.94
1.31E+09 0.1829 4703.71
1.32E+09 0.1999 4699.98
1.33E+09 0.1992 4695.96
1.33E+09 0.1864 4691.49
1.34E+09 0.1870 4687.75
1.35E+09 0.1887 4683.82
1.36E+09 0.1892 4679.95
1.36E+09 0.1884 4675.44
1.37E+09 0.1874 4671.94
1.38E+09 0.1880 4667.54
1.39E+09 0.1852 4663.63
1.40E+09 0.1788 4659.64
1.40E+09 0.1785 4655.75
1.41E+09 0.1852 4652.52
1.42E+09 0.1816 4648.56
1.43E+09 0.1795 4644.07
1.43E+09 0.1807 4640.31
1.44E+09 0.1781 4636.07
1.45E+09 0.1804 4631.9
1.46E+09 0.1795 4627.56
1.47E+09 0.1790 4623.23
1.48E+09 0.1807 4619.02
1.49E+09 0.1805 4614.81
1.49E+09 0.1784 4610.63
1.50E+09 0.1705 4606.65
1.51E+09 0.1642 4603.21
1.52E+09 0.1792 4599.77
1.53E+09 0.1774 4595.7
1.53E+09 0.1702 4591.63
1.54E+09 0.1663 4587.45
1.55E+09 0.1736 4583.29
1.56E+09 0.1730 4579.26
1.57E+09 0.1692 4575.1
1.58E+09 0.1644 4571.1
1.59E+09 0.1710 4567.1
1.60E+09 0.1692 4562.72
1.60E+09 0.1696 4559.01
1.61E+09 0.1697 4555.2
1.62E+09 0.1579 4551.18
1.63E+09 0.1530 4547.55
1.64E+09 0.1673 4543.76
1.65E+09 0.1692 4539.18
1.66E+09 0.1633 4534.69
1.67E+09 0.1587 4530.24
1.68E+09 0.1639 4526.62
1.68E+09 0.1617 4522.33
1.69E+09 0.1599 4518.19
1.71E+09 0.1603 4512.81
1.72E+09 0.1645 4507.8
1.73E+09 0.1604 4502.67
1.74E+09 0.1627 4497.58
1.75E+09 0.1599 4491.94
1.77E+09 0.1563 4486.3
1.78E+09 0.1551 4481.1
1.79E+09 0.1524 4476.96
1.80E+09 0.1470 4472.14
1.81E+09 0.1478 4468.16
1.82E+09 0.1451 4464.24
1.83E+09 0.1483 4460.95
1.84E+09 0.1421 4457.14
1.85E+09 0.1423 4453.53
1.86E+09 0.1401 4449.78
1.87E+09 0.1396 4445.91
1.88E+09 0.1479 4441.85
1.89E+09 0.1454 4436.36
1.90E+09 0.1402 4432.27
1.91E+09 0.1424 4427.77
1.93E+09 0.1410 4422.17
1.94E+09 0.1480 4417.63
1.95E+09 0.1409 4412.73
1.96E+09 0.1381 4407.22
1.97E+09 0.1343 4403.03
1.99E+09 0.1341 4399.14
2.00E+09 0.1361 4395.32
2.01E+09 0.1331 4391.34
2.02E+09 0.1338 4387.48
2.03E+09 0.1299 4383.52
2.04E+09 0.1327 4379.41
2.05E+09 0.1308 4374.66
2.06E+09 0.1376 4369.97
2.08E+09 0.1321 4365.6
2.09E+09 0.1293 4360.85
2.10E+09 0.1328 4356.39
2.11E+09 0.1335 4351.95
2.13E+09 0.1257 4347.78
2.14E+09 0.1282 4343.59
2.15E+09 0.1303 4338.63
2.16E+09 0.1315 4334.82
2.17E+09 0.1233 4330.29
2.19E+09 0.1156 4326.25
2.20E+09 0.1164 4322.34
2.21E+09 0.1189 4318.18
2.23E+09 0.1187 4313.79
2.24E+09 0.1170 4308.72
2.25E+09 0.1183 4304.47
2.27E+09 0.1249 4299.94
2.28E+09 0.1213 4294.82
2.30E+09 0.1238 4289.6
2.32E+09 0.1212 4283.31
2.33E+09 0.1156 4278.67
2.34E+09 0.1117 4274.12
2.36E+09 0.1154 4268.85
2.38E+09 0.1158 4263.65
2.39E+09 0.1105 4258.32
2.41E+09 0.1103 4254.36
2.42E+09 0.1088 4250.44
2.44E+09 0.1029 4246.16
2.45E+09 0.1024 4242.78
2.46E+09 0.0988 4239.39
2.47E+09 0.1057 4236.53
2.48E+09 0.1070 4232.95
2.49E+09 0.0992 4229.58
2.51E+09 0.0998 4226.05
2.52E+09 0.1055 4222.65
2.53E+09 0.0982 4219.18
2.54E+09 0.0929 4216.34
2.55E+09 0.0923 4213.55
2.56E+09 0.0944 4210.61
2.58E+09 0.1004 4207.38
2.59E+09 0.1039 4204.44
2.60E+09 0.0980 4201
2.61E+09 0.0924 4197.51
2.62E+09 0.0973 4194.15
2.64E+09 0.0934 4191.12
2.65E+09 0.0888 4187.91
2.66E+09 0.0965 4184.9
2.67E+09 0.0884 4182.34
2.68E+09 0.0870 4179.33
2.69E+09 0.0891 4176.7
2.71E+09 0.0917 4173.82
2.72E+09 0.0889 4170.62
2.73E+09 0.0830 4167.69
2.74E+09 0.0882 4164.95
2.75E+09 0.0898 4162.13
2.77E+09 0.0910 4159
2.78E+09 0.0921 4155.41
2.79E+09 0.0902 4151.97
2.81E+09 0.0861 4149.21
2.82E+09 0.0795 4146.14
2.83E+09 0.0840 4143.49
2.84E+09 0.0813 4141.07
2.85E+09 0.0839 4138.16
2.87E+09 0.0794 4135.33
2.88E+09 0.0797 4132.82
2.89E+09 0.0820 4130.2
2.90E+09 0.0789 4127.27
2.92E+09 0.0764 4124.5
2.93E+09 0.0780 4121.9
2.94E+09 0.0760 4119.4
2.95E+09 0.0811 4116.73
2.96E+09 0.0760 4114.16
2.98E+09 0.0728 4111.48
2.99E+09 0.0807 4109.05
3.00E+09 0.0787 4106.41
3.01E+09 0.0746 4103.4
3.03E+09 0.0736 4100.99
3.04E+09 0.0773 4098.36
3.05E+09 0.0758 4095.6
3.06E+09 0.0748 4093.01
3.08E+09 0.0721 4090.45
3.09E+09 0.0725 4088
3.10E+09 0.0701 4085.56
3.11E+09 0.0690 4083.32
3.13E+09 0.0768 4080.88
3.14E+09 0.0714 4078.32
3.15E+09 0.0700 4075.71
3.16E+09 0.0671 4073.23
3.18E+09 0.0745 4070.68
3.19E+09 0.0668 4068.14
3.20E+09 0.0696 4065.64
3.22E+09 0.0696 4062.98
3.23E+09 0.0671 4060.15
3.24E+09 0.0687 4057.98
3.26E+09 0.0680 4055.51
3.27E+09 0.0669 4053.16
3.28E+09 0.0673 4050.62
3.30E+09 0.0703 4048.02
3.31E+09 0.0644 4045.34
3.32E+09 0.0684 4042.92
3.34E+09 0.0648 4040.66
3.35E+09 0.0642 4038.34
3.37E+09 0.0645 4035.76
3.38E+09 0.0641 4033.4
3.39E+09 0.0640 4031.01
3.41E+09 0.0639 4028.46
3.42E+09 0.0613 4026.05
3.43E+09 0.0654 4023.55
3.45E+09 0.0618 4020.92
3.46E+09 0.0615 4018.56
3.48E+09 0.0612 4016.14
3.49E+09 0.0631 4013.7
3.51E+09 0.0579 4011.22
3.52E+09 0.0610 4008.98
3.54E+09 0.0632 4006.51
3.55E+09 0.0594 4004.08
3.56E+09 0.0577 4001.66
3.58E+09 0.0620 3999.26
3.59E+09 0.0588 3996.73
3.61E+09 0.0571 3994.16
3.63E+09 0.0573 3991.79
3.64E+09 0.0595 3989.66
3.66E+09 0.0563 3986.81
3.67E+09 0.0640 3984.34
3.69E+09 0.0577 3981.43
3.71E+09 0.0625 3978.52
3.72E+09 0.0576 3975.51
3.74E+09 0.0590 3972.36
3.76E+09 0.0552 3969.71
3.78E+09 0.0571 3967.15
3.79E+09 0.0552 3965.02
3.81E+09 0.0559 3962.59
3.82E+09 0.0528 3960.32
3.84E+09 0.0500 3957.91
3.86E+09 0.0500 3955.64
3.87E+09 0.0524 3953.77
3.88E+09 0.0502 3951.69
3.90E+09 0.0550 3949.32
3.92E+09 0.0543 3946.97
3.93E+09 0.0517 3944.38
3.95E+09 0.0512 3942.05
3.97E+09 0.0489 3939.59
3.98E+09 0.0500 3937.39
4.00E+09 0.0499 3935.21
4.02E+09 0.0521 3932.94
4.03E+09 0.0483 3930.81
4.05E+09 0.0495 3928.47
4.06E+09 0.0493 3926.35
4.08E+09 0.0478 3924.33
4.10E+09 0.0488 3922.26
4.11E+09 0.0435 3919.89
4.13E+09 0.0466 3917.92
4.15E+09 0.0467 3915.43
4.17E+09 0.0476 3913.27
4.18E+09 0.0447 3911.08
4.20E+09 0.0439 3908.98
4.22E+09 0.0486 3906.7
4.24E+09 0.0431 3904.34
4.26E+09 0.0448 3901.96
4.27E+09 0.0479 3900.2
4.29E+09 0.0445 3897.79
4.31E+09 0.0437 3895.67
4.33E+09 0.0408 3893.16
4.35E+09 0.0457 3891.31
4.36E+09 0.0422 3888.97
4.38E+09 0.0422 3886.9
4.40E+09 0.0402 3884.6
4.42E+09 0.0403 3882.91
4.44E+09 0.0404 3880.64
4.46E+09 0.0423 3878.61
4.48E+09 0.0405 3876.18
4.49E+09 0.0400 3874.57
4.51E+09 0.0391 3872.32
4.53E+09 0.0390 3870.3
4.55E+09 0.0442 3867.97
4.57E+09 0.0402 3865.49
4.59E+09 0.0372 3863.31
4.61E+09 0.0388 3861.44
4.63E+09 0.0395 3859.4
4.65E+09 0.0393 3857.69
4.67E+09 0.0391 3855.46
4.68E+09 0.0383 3853.56
4.70E+09 0.0377 3851.41
4.72E+09 0.0371 3849.33
4.74E+09 0.0369 3847.52
4.76E+09 0.0377 3845.4
4.78E+09 0.0368 3843.6
4.80E+09 0.0370 3841.65
4.82E+09 0.0368 3839.76
4.84E+09 0.0351 3837.68
4.86E+09 0.0367 3835.86
4.87E+09 0.0351 3834.05
4.89E+09 0.0359 3832.14
4.91E+09 0.0374 3830.32
4.94E+09 0.0352 3828.07
4.95E+09 0.0327 3826.37
4.98E+09 0.0340 3824.34
5.00E+09 0.0364 3822.31
