0.00E+00 -0.4122 4389
1.37E+08 0.1623 4338.34
1.72E+08 0.1501 4321.04
2.43E+08 0.1539 4286.66
3.14E+08 0.1506 4253.11
3.61E+08 0.1456 4231.13
3.85E+08 0.1378 4220.5
4.03E+08 0.1357 4212.8
4.22E+08 0.1330 4204.89
4.42E+08 0.1361 4196.54
4.65E+08 0.1375 4186.79
4.78E+08 0.1355 4181.06
4.98E+08 0.1362 4172.4
5.24E+08 0.1366 4161.56
5.41E+08 0.1315 4154.43
5.55E+08 0.1259 4148.75
5.67E+08 0.1191 4143.94
5.75E+08 0.1142 4141.02
5.89E+08 0.1177 4136.21
6.04E+08 0.1199 4130.45
6.18E+08 0.1236 4125
6.34E+08 0.1242 4118.87
6.51E+08 0.1191 4112.59
6.62E+08 0.1133 4108.53
6.71E+08 0.1086 4105.4
6.84E+08 0.1077 4101.01
6.96E+08 0.1058 4096.94
7.10E+08 0.1052 4092.2
7.25E+08 0.1016 4087.44
7.33E+08 0.1018 4084.77
7.44E+08 0.0962 4081.46
7.58E+08 0.0945 4077.24
7.76E+08 0.1036 4071.8
7.87E+08 0.1034 4068.19
8.01E+08 0.0994 4063.7
8.16E+08 0.0931 4059.24
8.28E+08 0.0922 4055.69
8.36E+08 0.0892 4053.38
8.50E+08 0.0847 4049.66
8.62E+08 0.0832 4046.49
8.75E+08 0.0811 4043.07
8.88E+08 0.0875 4039.81
9.02E+08 0.0925 4035.73
9.18E+08 0.0853 4031.1
9.30E+08 0.0848 4028.12
9.46E+08 0.0881 4023.72
9.61E+08 0.0844 4019.7
9.79E+08 0.0797 4014.94
9.96E+08 0.0761 4010.75
1.01E+09 0.0758 4006.25
1.03E+09 0.0710 4003.49
1.04E+09 0.0700 4000.56
1.06E+09 0.0810 3995.62
1.08E+09 0.0791 3991.24
1.10E+09 0.0722 3986.82
1.11E+09 0.0670 3982.89
1.13E+09 0.0706 3979.02
1.15E+09 0.0661 3975.48
1.17E+09 0.0655 3971.86
1.18E+09 0.0628 3968.82
1.20E+09 0.0661 3965.31
1.21E+09 0.0618 3962.2
1.23E+09 0.0623 3959.14
1.24E+09 0.0649 3956.48
1.26E+09 0.0577 3953.18
1.28E+09 0.0604 3950.46
1.29E+09 0.0614 3947.75
1.30E+09 0.0591 3945.46
1.32E+09 0.0569 3942.85
1.33E+09 0.0606 3940.92
1.34E+09 0.0582 3938.47
1.35E+09 0.0583 3936.03
1.37E+09 0.0568 3932.99
1.38E+09 0.0562 3930.58
1.40E+09 0.0570 3927.8
1.41E+09 0.0575 3924.95
1.43E+09 0.0593 3921.5
1.45E+09 0.0600 3918.44
1.47E+09 0.0545 3915.3
1.48E+09 0.0563 3912.6
1.50E+09 0.0567 3910.44
1.51E+09 0.0532 3908.16
1.52E+09 0.0502 3906.11
1.54E+09 0.0535 3903.69
1.56E+09 0.0560 3900.53
1.57E+09 0.0540 3897.25
1.59E+09 0.0532 3894.04
1.61E+09 0.0528 3890.97
1.63E+09 0.0501 3888.1
1.65E+09 0.0524 3885.28
1.66E+09 0.0506 3882.23
1.68E+09 0.0498 3879.58
1.70E+09 0.0532 3876.08
1.72E+09 0.0500 3872.63
1.74E+09 0.0466 3870.07
1.76E+09 0.0487 3866.81
1.78E+09 0.0481 3864.72
1.80E+09 0.0499 3861.47
1.82E+09 0.0489 3857.96
1.84E+09 0.0479 3854.78
1.86E+09 0.0474 3851.69
1.88E+09 0.0458 3849.1
1.90E+09 0.0446 3846.58
1.92E+09 0.0452 3844.24
1.94E+09 0.0462 3841.19
1.96E+09 0.0436 3838.32
1.98E+09 0.0486 3834.68
2.01E+09 0.0487 3831.11
2.03E+09 0.0457 3827.37
2.05E+09 0.0447 3824.34
2.07E+09 0.0436 3822.01
2.08E+09 0.0404 3820.26
2.10E+09 0.0392 3818.19
2.12E+09 0.0414 3815.41
2.14E+09 0.0415 3812.32
2.16E+09 0.0400 3809.85
2.19E+09 0.0391 3806.99
2.21E+09 0.0370 3804.35
2.22E+09 0.0363 3802.81
2.24E+09 0.0359 3801
2.26E+09 0.0396 3798.17
2.29E+09 0.0407 3795.11
2.31E+09 0.0396 3792.67
2.33E+09 0.0365 3789.97
2.35E+09 0.0354 3787.27
2.37E+09 0.0356 3784.92
2.40E+09 0.0379 3782.12
2.42E+09 0.0377 3779.17
2.44E+09 0.0355 3776.56
2.46E+09 0.0341 3774.83
2.48E+09 0.0345 3772.28
2.51E+09 0.0356 3769.8
2.53E+09 0.0369 3766.75
2.55E+09 0.0335 3764.36
2.58E+09 0.0328 3761.83
2.61E+09 0.0330 3759.15
2.63E+09 0.0329 3756.23
2.66E+09 0.0335 3753.47
2.69E+09 0.0341 3750.67
2.71E+09 0.0324 3747.9
2.74E+09 0.0314 3745.37
2.76E+09 0.0312 3742.91
2.79E+09 0.0318 3740.23
2.81E+09 0.0311 3737.75
2.84E+09 0.0298 3735.36
2.87E+09 0.0297 3732.95
2.89E+09 0.0311 3730.57
2.92E+09 0.0301 3727.82
2.94E+09 0.0307 3725.67
2.97E+09 0.0278 3723.45
2.99E+09 0.0285 3721.15
3.02E+09 0.0304 3718.83
3.05E+09 0.0285 3716.14
3.07E+09 0.0278 3714.07
3.10E+09 0.0267 3711.64
3.13E+09 0.0273 3709.11
3.16E+09 0.0287 3706.68
3.19E+09 0.0271 3703.75
3.22E+09 0.0280 3700.84
3.25E+09 0.0267 3698.25
3.28E+09 0.0267 3695.91
3.31E+09 0.0251 3693.58
3.34E+09 0.0269 3691.09
3.37E+09 0.0269 3688.9
3.40E+09 0.0251 3686.17
3.43E+09 0.0250 3683.7
3.46E+09 0.0255 3681.15
3.49E+09 0.0261 3678.7
3.52E+09 0.0246 3676.85
3.55E+09 0.0236 3674.43
3.58E+09 0.0233 3672.32
3.61E+09 0.0233 3669.75
3.64E+09 0.0236 3667.54
3.68E+09 0.0247 3664.88
3.71E+09 0.0237 3662.33
3.75E+09 0.0226 3659.78
3.78E+09 0.0225 3657.27
3.81E+09 0.0217 3655.55
3.84E+09 0.0207 3653.37
3.87E+09 0.0220 3651.19
3.91E+09 0.0219 3648.67
3.95E+09 0.0218 3646.05
3.99E+09 0.0219 3643.33
4.03E+09 0.0212 3640.83
4.06E+09 0.0213 3638.34
4.10E+09 0.0208 3635.85
4.14E+09 0.0195 3633.61
4.17E+09 0.0212 3631.53
4.20E+09 0.0205 3629.57
4.23E+09 0.0191 3627.83
4.26E+09 0.0177 3625.94
4.29E+09 0.0175 3624.27
4.32E+09 0.0180 3622.71
4.35E+09 0.0184 3621.06
4.37E+09 0.0182 3619.63
4.40E+09 0.0166 3617.87
4.43E+09 0.0174 3616.49
4.46E+09 0.0176 3614.8
4.50E+09 0.0179 3612.8
4.53E+09 0.0189 3610.84
4.56E+09 0.0183 3608.92
4.60E+09 0.0164 3607.1
4.63E+09 0.0169 3605.3
4.66E+09 0.0177 3603.77
4.69E+09 0.0163 3602.26
4.72E+09 0.0162 3600.58
4.75E+09 0.0160 3599
4.78E+09 0.0157 3597.59
4.81E+09 0.0160 3596.15
4.84E+09 0.0150 3594.53
4.87E+09 0.0153 3593.23
4.90E+09 0.0153 3591.8
4.93E+09 0.0165 3590.35
4.96E+09 0.0173 3588.84
4.99E+09 0.0162 3586.91
