0.00E+00 -0.9162 6188.19
1.21E+08 0.2816 6088.64
1.59E+08 0.2783 6051.57
1.88E+08 0.2856 6024.04
2.13E+08 0.2887 6001.17
2.37E+08 0.2680 5979.84
2.56E+08 0.2696 5963.51
2.74E+08 0.2617 5947.69
2.93E+08 0.2531 5932.28
3.07E+08 0.2572 5920.18
3.23E+08 0.2483 5907.27
3.41E+08 0.2430 5893.55
3.55E+08 0.2461 5882.33
3.70E+08 0.2344 5870.69
3.84E+08 0.2368 5859.82
3.98E+08 0.2352 5849.28
4.12E+08 0.2293 5838.61
4.25E+08 0.2290 5829.51
4.38E+08 0.2287 5819.79
4.50E+08 0.2286 5810.86
4.61E+08 0.2304 5802.52
4.73E+08 0.2341 5793.92
4.82E+08 0.2425 5786.32
4.90E+08 0.2526 5780.61
4.94E+08 0.2910 5776.86
4.96E+08 0.3774 5775.03
4.99E+08 0.4601 5770.7
5.08E+08 0.4106 5757.65
5.26E+08 0.3718 5735.76
5.47E+08 0.3540 5710.97
5.71E+08 0.3498 5683.54
5.94E+08 0.3497 5657.8
6.11E+08 0.3506 5638.99
6.28E+08 0.3522 5619.31
6.41E+08 0.3744 5603.73
6.70E+08 0.3323 5572.62
6.99E+08 0.3165 5541.59
7.33E+08 0.3056 5508.38
7.55E+08 0.3055 5486.72
7.76E+08 0.3042 5465.67
7.97E+08 0.3136 5445.06
8.12E+08 0.2961 5430.77
8.42E+08 0.3418 5400.88
8.78E+08 0.3424 5361.82
9.18E+08 0.3251 5319.26
9.50E+08 0.2991 5286.79
9.62E+08 0.2919 5275.04
9.76E+08 0.2782 5262.97
9.89E+08 0.2781 5251.34
1.00E+09 0.2805 5239.3
1.02E+09 0.2742 5226.93
1.03E+09 0.2605 5216.81
1.04E+09 0.2603 5207.65
1.05E+09 0.2619 5195.35
1.06E+09 0.2568 5186.26
1.08E+09 0.2521 5175.51
1.09E+09 0.2527 5166.21
1.10E+09 0.2487 5157.13
1.11E+09 0.2410 5148.3
1.12E+09 0.2472 5139.56
1.13E+09 0.2426 5131.01
1.14E+09 0.2391 5123.8
1.15E+09 0.2393 5116.09
1.16E+09 0.2338 5109.18
1.17E+09 0.2372 5100.38
1.19E+09 0.2356 5091.57
1.20E+09 0.2231 5082.66
1.21E+09 0.2393 5074.64
1.22E+09 0.2190 5066.97
1.23E+09 0.2352 5058.84
1.24E+09 0.2245 5050.51
1.25E+09 0.2173 5043.51
1.26E+09 0.2121 5037.03
1.27E+09 0.2217 5029.05
1.28E+09 0.2153 5020.77
1.30E+09 0.2211 5012.11
1.31E+09 0.2054 5004.21
1.32E+09 0.2222 4997.11
1.33E+09 0.2083 4986.8
1.34E+09 0.2101 4979.06
1.36E+09 0.2078 4971.2
1.36E+09 0.2134 4965.65
1.37E+09 0.1996 4958.72
1.38E+09 0.1997 4952.02
1.40E+09 0.2019 4944.23
1.41E+09 0.1920 4936.45
1.42E+09 0.1936 4929.87
1.43E+09 0.1937 4922.51
1.45E+09 0.1913 4913.84
1.46E+09 0.1935 4906.34
1.47E+09 0.1822 4899.17
1.48E+09 0.1927 4892.85
1.49E+09 0.1861 4884.71
1.51E+09 0.1848 4877.36
1.52E+09 0.1816 4870.71
1.53E+09 0.1718 4863.94
1.54E+09 0.1761 4855.59
1.56E+09 0.1716 4848.86
1.57E+09 0.1774 4840.61
1.58E+09 0.1750 4832.71
1.60E+09 0.1718 4823.95
1.62E+09 0.1724 4815.61
1.63E+09 0.1606 4808.64
1.64E+09 0.1713 4800.24
1.66E+09 0.1549 4792.85
1.67E+09 0.1563 4786.43
1.68E+09 0.1610 4780.95
1.70E+09 0.1588 4773.89
1.71E+09 0.1564 4765.84
1.73E+09 0.1547 4757.68
1.74E+09 0.1483 4749.9
1.76E+09 0.1452 4743.18
1.77E+09 0.1484 4736.24
1.79E+09 0.1520 4728.85
1.80E+09 0.1458 4721.04
1.82E+09 0.1431 4713.37
1.83E+09 0.1388 4706.72
1.85E+09 0.1390 4699.86
1.86E+09 0.1329 4694.51
1.88E+09 0.1429 4686.97
1.89E+09 0.1339 4680.17
1.91E+09 0.1393 4672.05
1.93E+09 0.1341 4663.98
1.95E+09 0.1330 4655.89
1.97E+09 0.1271 4649.39
1.98E+09 0.1288 4641.57
2.00E+09 0.1211 4634.13
2.02E+09 0.1243 4626.88
2.04E+09 0.1235 4620.15
2.05E+09 0.1188 4614.23
2.07E+09 0.1204 4607.44
2.09E+09 0.1162 4599.17
2.11E+09 0.1194 4592.52
2.13E+09 0.1138 4585.77
2.15E+09 0.1106 4578.51
2.17E+09 0.1116 4571.06
2.18E+09 0.1074 4565.53
2.21E+09 0.1102 4558.43
2.22E+09 0.1032 4552.94
2.23E+09 0.1071 4548.27
2.25E+09 0.1032 4541.66
2.28E+09 0.1011 4534.87
2.29E+09 0.0980 4528.63
2.32E+09 0.0983 4521.33
2.34E+09 0.1000 4514.87
2.36E+09 0.0963 4509
2.37E+09 0.0987 4504.34
2.39E+09 0.0905 4498.68
2.41E+09 0.0939 4493.07
2.43E+09 0.0927 4486.57
2.45E+09 0.0878 4480.71
2.47E+09 0.0922 4474.62
2.50E+09 0.0856 4467.76
2.52E+09 0.0898 4461.08
2.54E+09 0.0870 4454.12
2.56E+09 0.0856 4448.3
2.59E+09 0.0854 4441.74
2.61E+09 0.0798 4436.19
2.64E+09 0.0816 4429.25
2.66E+09 0.0778 4423.42
2.69E+09 0.0766 4416.98
2.71E+09 0.0783 4410.65
2.74E+09 0.0737 4404.58
2.76E+09 0.0739 4399.1
2.78E+09 0.0686 4394.16
2.81E+09 0.0713 4388.15
2.83E+09 0.0684 4382.05
2.86E+09 0.0678 4376.25
2.89E+09 0.0661 4370.45
2.91E+09 0.0691 4365.72
2.94E+09 0.0656 4360.14
2.96E+09 0.0612 4354.23
2.99E+09 0.0621 4348.9
3.02E+09 0.0634 4343.61
3.04E+09 0.0618 4339.05
3.07E+09 0.0618 4333.39
3.10E+09 0.0577 4328.09
3.13E+09 0.0596 4322.6
3.16E+09 0.0574 4317.2
3.18E+09 0.0548 4312.41
3.21E+09 0.0545 4307.29
3.24E+09 0.0482 4302.17
3.27E+09 0.0480 4297.37
3.30E+09 0.0528 4292.62
3.34E+09 0.0504 4287.17
3.37E+09 0.0480 4282.14
3.40E+09 0.0465 4277.31
3.43E+09 0.0479 4272.07
3.46E+09 0.0473 4267.27
3.50E+09 0.0456 4262.36
3.53E+09 0.0426 4257.23
3.57E+09 0.0468 4252.68
3.60E+09 0.0427 4247.78
3.64E+09 0.0420 4242.78
3.67E+09 0.0434 4238.07
3.71E+09 0.0370 4233.49
3.74E+09 0.0405 4229.06
3.78E+09 0.0379 4224.7
3.81E+09 0.0374 4220.16
3.85E+09 0.0354 4215.53
3.89E+09 0.0360 4211.05
3.93E+09 0.0336 4206.86
3.96E+09 0.0353 4202.72
4.00E+09 0.0335 4198.57
4.04E+09 0.0326 4194.63
4.08E+09 0.0304 4190.59
4.12E+09 0.0332 4186.6
4.15E+09 0.0321 4182.87
4.19E+09 0.0312 4179.02
4.23E+09 0.0298 4175
4.27E+09 0.0287 4171.03
4.32E+09 0.0292 4167.17
4.36E+09 0.0290 4163.36
4.40E+09 0.0274 4159.54
4.44E+09 0.0266 4155.99
4.48E+09 0.0271 4152.19
4.53E+09 0.0255 4148.56
4.57E+09 0.0237 4145.57
4.61E+09 0.0242 4142.34
4.65E+09 0.0238 4138.95
4.69E+09 0.0238 4135.8
4.73E+09 0.0230 4132.95
4.77E+09 0.0227 4129.86
4.81E+09 0.0210 4126.83
4.86E+09 0.0218 4123.91
4.90E+09 0.0208 4120.98
4.94E+09 0.0209 4118.07
4.98E+09 0.0196 4115.23
