0.00E+00 -0.4883 5052.51
5.81E+07 0.3072 4999.26
7.64E+07 0.3279 4970.74
1.05E+08 0.3124 4927.42
1.43E+08 0.2816 4872.59
1.86E+08 0.2490 4819.4
2.30E+08 0.2909 4759.67
2.90E+08 0.2963 4675.97
3.62E+08 0.2662 4580.66
4.14E+08 0.2805 4513.85
4.61E+08 0.2515 4453.75
4.91E+08 0.2424 4418.82
5.19E+08 0.2376 4386.93
5.47E+08 0.2257 4355.53
5.68E+08 0.2216 4334.31
5.89E+08 0.2133 4312.97
6.08E+08 0.2120 4294.02
6.27E+08 0.2029 4274.91
6.45E+08 0.1993 4257.75
6.64E+08 0.1967 4240.11
6.82E+08 0.1936 4223.17
7.03E+08 0.1871 4204.35
7.19E+08 0.1844 4190.2
7.40E+08 0.1787 4172.08
7.59E+08 0.1763 4156.25
7.75E+08 0.1701 4143.06
7.91E+08 0.1659 4130.01
8.09E+08 0.1624 4116.26
8.27E+08 0.1605 4102.34
8.46E+08 0.1538 4087.91
8.63E+08 0.1499 4075.94
8.80E+08 0.1450 4064.07
8.97E+08 0.1404 4052.11
9.16E+08 0.1411 4039.66
9.38E+08 0.1335 4025.21
9.57E+08 0.1290 4013.21
9.75E+08 0.1296 4002.06
9.95E+08 0.1241 3989.85
1.02E+09 0.1209 3978.37
1.04E+09 0.1155 3966.19
1.06E+09 0.1131 3956.08
1.08E+09 0.1092 3945.19
1.10E+09 0.1062 3933.86
1.12E+09 0.1027 3923.54
1.14E+09 0.0988 3915.25
1.16E+09 0.0969 3905.04
1.18E+09 0.0925 3896.07
1.21E+09 0.0892 3884.72
1.23E+09 0.0870 3875.28
1.25E+09 0.0861 3867.79
1.26E+09 0.0848 3860.73
1.29E+09 0.0834 3851.86
1.31E+09 0.0818 3843.09
1.33E+09 0.0805 3835.17
1.34E+09 0.0796 3829.59
1.36E+09 0.0791 3821.79
1.38E+09 0.0773 3815.88
1.40E+09 0.0757 3808.07
1.42E+09 0.0725 3800.43
1.44E+09 0.0729 3795.65
1.46E+09 0.0729 3788.56
1.48E+09 0.0698 3782.22
1.49E+09 0.0720 3776.26
1.51E+09 0.0697 3769.47
1.54E+09 0.0662 3761.59
1.56E+09 0.0665 3754.29
1.58E+09 0.0662 3747.92
1.61E+09 0.0645 3740.51
1.63E+09 0.0621 3733.81
1.65E+09 0.0620 3727.42
1.67E+09 0.0609 3720.85
1.69E+09 0.0590 3715.21
1.71E+09 0.0578 3709.13
1.74E+09 0.0570 3702.56
1.76E+09 0.0565 3696.08
1.79E+09 0.0549 3689.74
1.81E+09 0.0546 3682.86
1.84E+09 0.0526 3675.91
1.86E+09 0.0528 3670.03
1.89E+09 0.0512 3663.18
1.92E+09 0.0493 3657.08
1.95E+09 0.0494 3649.8
1.98E+09 0.0471 3642.7
2.01E+09 0.0466 3636.32
2.03E+09 0.0456 3631.25
2.06E+09 0.0439 3625.11
2.09E+09 0.0429 3619.22
2.12E+09 0.0430 3613.22
2.15E+09 0.0417 3607.08
2.18E+09 0.0397 3600.53
2.21E+09 0.0395 3594.87
2.25E+09 0.0378 3588.29
2.28E+09 0.0376 3582.42
2.32E+09 0.0366 3575.97
2.35E+09 0.0351 3570.31
2.38E+09 0.0351 3564.46
2.42E+09 0.0338 3558.24
2.46E+09 0.0325 3552.41
2.50E+09 0.0318 3546.87
2.54E+09 0.0309 3540.99
2.58E+09 0.0290 3535.29
2.62E+09 0.0290 3529.48
2.66E+09 0.0275 3523.8
2.70E+09 0.0267 3518.21
2.75E+09 0.0262 3512.54
2.79E+09 0.0252 3507.65
2.83E+09 0.0251 3502.41
2.87E+09 0.0240 3497.21
2.92E+09 0.0236 3492.47
2.96E+09 0.0229 3487.62
3.01E+09 0.0218 3482.65
3.06E+09 0.0216 3477.56
3.11E+09 0.0204 3472.65
3.16E+09 0.0203 3467.73
3.21E+09 0.0195 3463.02
3.26E+09 0.0187 3458.11
3.31E+09 0.0187 3453.5
3.37E+09 0.0181 3448.73
3.42E+09 0.0177 3444.34
3.48E+09 0.0167 3439.7
3.53E+09 0.0168 3435.47
3.58E+09 0.0166 3431.17
3.64E+09 0.0157 3426.96
3.69E+09 0.0159 3422.99
3.74E+09 0.0159 3419.05
3.80E+09 0.0161 3415.03
3.85E+09 0.0160 3411.13
3.90E+09 0.0158 3407.25
3.95E+09 0.0159 3403.45
4.00E+09 0.0161 3399.6
4.05E+09 0.0157 3395.74
4.10E+09 0.0155 3392
4.15E+09 0.0158 3388.23
4.20E+09 0.0161 3384.49
4.25E+09 0.0160 3380.72
4.30E+09 0.0159 3377.07
4.35E+09 0.0155 3373.31
4.40E+09 0.0156 3369.54
4.45E+09 0.0157 3365.83
4.50E+09 0.0156 3362.04
4.55E+09 0.0156 3358.3
4.60E+09 0.0154 3354.57
4.66E+09 0.0153 3350.78
4.71E+09 0.0152 3347.04
4.76E+09 0.0153 3343.28
4.82E+09 0.0148 3339.27
4.87E+09 0.0148 3335.42
4.93E+09 0.0149 3331.67
4.98E+09 0.0143 3327.74
