0.00E+00 -1.1049 6756.5
1.27E+08 0.3628 6581.39
1.76E+08 0.3304 6505.86
2.12E+08 0.3223 6453.18
2.40E+08 0.3200 6413.1
2.67E+08 0.3162 6376.59
2.95E+08 0.3002 6339.28
3.20E+08 0.2972 6305.5
3.43E+08 0.2867 6276.88
3.64E+08 0.2823 6251.45
3.84E+08 0.2774 6226.25
4.05E+08 0.2718 6202.36
4.25E+08 0.2645 6178.85
4.45E+08 0.2558 6155.96
4.65E+08 0.2510 6133.66
4.82E+08 0.2536 6115.03
5.00E+08 0.2447 6094.36
5.18E+08 0.2423 6075.89
5.34E+08 0.2418 6059.04
5.50E+08 0.2322 6042.23
5.66E+08 0.2311 6025.72
5.81E+08 0.2306 6010.36
5.97E+08 0.2240 5995.21
6.11E+08 0.2222 5981.52
6.24E+08 0.2241 5968.54
6.38E+08 0.2189 5955.5
6.51E+08 0.2167 5942.44
6.65E+08 0.2140 5930.17
6.78E+08 0.2131 5917.94
6.91E+08 0.2152 5905.9
7.04E+08 0.2112 5893.64
7.16E+08 0.2193 5881.98
7.28E+08 0.2275 5870.37
7.39E+08 0.2390 5859.17
7.43E+08 0.2596 5854.92
7.46E+08 0.3106 5851.9
7.49E+08 0.3928 5846.16
7.61E+08 0.3698 5826.74
7.92E+08 0.3352 5779.89
8.21E+08 0.3321 5737.4
8.48E+08 0.3189 5698.68
8.81E+08 0.3081 5654.17
9.06E+08 0.2933 5619.71
9.46E+08 0.2702 5571.36
9.86E+08 0.2563 5524.85
1.03E+09 0.2329 5474.28
1.08E+09 0.2231 5426.64
1.14E+09 0.2573 5361.04
1.22E+09 0.2170 5282.52
1.30E+09 0.2367 5199.52
1.39E+09 0.2184 5112.5
1.47E+09 0.1894 5041.92
1.53E+09 0.1755 4986.63
1.59E+09 0.1553 4949.31
1.63E+09 0.1450 4923.95
1.65E+09 0.1350 4910.83
1.68E+09 0.1333 4893.15
1.71E+09 0.1280 4876.81
1.73E+09 0.1362 4864.09
1.75E+09 0.1300 4849.07
1.78E+09 0.1109 4835.07
1.81E+09 0.1173 4821.05
1.84E+09 0.1156 4807.79
1.86E+09 0.1130 4792.96
1.89E+09 0.1188 4780.75
1.92E+09 0.1118 4767.48
1.94E+09 0.1168 4756.76
1.96E+09 0.0960 4744.76
1.99E+09 0.1007 4732.61
2.02E+09 0.0979 4721.7
2.05E+09 0.0991 4709.27
2.08E+09 0.0955 4697.65
2.10E+09 0.0835 4688.29
2.13E+09 0.0915 4676.95
2.15E+09 0.0824 4667.34
2.18E+09 0.0871 4656.19
2.21E+09 0.0839 4645.39
2.24E+09 0.0766 4636.54
2.27E+09 0.0800 4624.39
2.30E+09 0.0730 4614.26
2.33E+09 0.0721 4604.86
2.36E+09 0.0774 4595.79
2.38E+09 0.0805 4587.64
2.41E+09 0.0652 4577.69
2.45E+09 0.0675 4567.77
2.48E+09 0.0605 4558.72
2.51E+09 0.0598 4550.22
2.55E+09 0.0609 4541.35
2.58E+09 0.0608 4532.43
2.62E+09 0.0557 4522.91
2.66E+09 0.0538 4513.7
2.69E+09 0.0545 4505.47
2.73E+09 0.0574 4497.08
2.76E+09 0.0513 4488.87
2.80E+09 0.0476 4480.43
2.83E+09 0.0462 4473.36
2.87E+09 0.0447 4465.8
2.91E+09 0.0431 4458.92
2.95E+09 0.0430 4451.7
2.98E+09 0.0442 4445.36
3.02E+09 0.0427 4437.92
3.06E+09 0.0391 4432.08
3.10E+09 0.0385 4424.85
3.14E+09 0.0353 4418.11
3.19E+09 0.0349 4411.85
3.22E+09 0.0339 4405.85
3.27E+09 0.0327 4398.91
3.31E+09 0.0309 4394.05
3.35E+09 0.0345 4387.52
3.40E+09 0.0329 4381.26
3.45E+09 0.0273 4374.89
3.50E+09 0.0270 4369.29
3.54E+09 0.0266 4364.2
3.59E+09 0.0278 4358.83
3.64E+09 0.0269 4352.66
3.69E+09 0.0228 4347.11
3.75E+09 0.0235 4341.76
3.78E+09 0.0232 4337.72
3.84E+09 0.0208 4332.75
3.89E+09 0.0232 4328.29
3.93E+09 0.0217 4323.52
3.99E+09 0.0231 4317.93
4.05E+09 0.0207 4312.4
4.11E+09 0.0181 4307.18
4.17E+09 0.0196 4302.38
4.23E+09 0.0158 4298.19
4.29E+09 0.0193 4293.54
4.35E+09 0.0143 4289.22
4.42E+09 0.0169 4284.67
4.47E+09 0.0138 4281.09
4.54E+09 0.0149 4276.94
4.59E+09 0.0160 4273.44
4.65E+09 0.0147 4269.17
4.71E+09 0.0141 4265.53
4.78E+09 0.0105 4262.14
4.84E+09 0.0159 4258.62
4.91E+09 0.0129 4254.51
4.97E+09 0.0125 4250.75
