0.00E+00 -0.4813 4831.17
3.01E+07 0.2899 4818.18
3.77E+07 0.3249 4811.72
4.40E+07 0.3451 4805.83
5.01E+07 0.3539 4800.03
5.66E+07 0.3629 4793.55
6.85E+07 0.3590 4781.81
8.51E+07 0.3548 4765.34
1.02E+08 0.3279 4749.34
1.24E+08 0.3578 4729.13
1.49E+08 0.3537 4704.87
1.73E+08 0.3450 4681.5
1.91E+08 0.3347 4664.43
2.02E+08 0.3304 4654.89
2.13E+08 0.3205 4644.58
2.25E+08 0.3167 4634.24
2.35E+08 0.3123 4626.1
2.43E+08 0.3023 4619.25
2.52E+08 0.3048 4611.71
2.60E+08 0.3005 4605.14
2.68E+08 0.2972 4598.52
2.74E+08 0.2928 4593.32
2.80E+08 0.2920 4588.68
2.87E+08 0.2887 4582.72
2.96E+08 0.2864 4576.03
3.03E+08 0.2821 4570.33
3.10E+08 0.2802 4565.15
3.17E+08 0.2749 4560.07
3.24E+08 0.2747 4554.41
3.32E+08 0.2684 4548.46
3.40E+08 0.2656 4542.46
3.48E+08 0.2658 4536.97
3.56E+08 0.2610 4531.14
3.63E+08 0.2577 4526.07
3.71E+08 0.2540 4520.79
3.78E+08 0.2515 4515.38
3.85E+08 0.2463 4510.86
3.92E+08 0.2462 4506
3.99E+08 0.2420 4501.3
4.05E+08 0.2396 4497.37
4.12E+08 0.2378 4492.65
4.21E+08 0.2330 4487.26
4.28E+08 0.2300 4482.64
4.36E+08 0.2283 4477.88
4.43E+08 0.2243 4473.25
4.50E+08 0.2203 4468.96
4.58E+08 0.2197 4464.11
4.65E+08 0.2165 4459.76
4.73E+08 0.2149 4454.95
4.81E+08 0.2116 4450.79
4.89E+08 0.2098 4445.78
5.00E+08 0.2066 4439.75
5.07E+08 0.2014 4435.45
5.16E+08 0.2007 4430.73
5.27E+08 0.1966 4425
5.34E+08 0.1926 4420.85
5.42E+08 0.1925 4416.8
5.50E+08 0.1911 4412.58
5.58E+08 0.1876 4408.49
5.65E+08 0.1860 4404.9
5.72E+08 0.1825 4401.21
5.79E+08 0.1804 4397.71
5.86E+08 0.1806 4394.24
5.93E+08 0.1806 4390.74
6.00E+08 0.1782 4387.25
6.08E+08 0.1774 4383.57
6.14E+08 0.1738 4380.51
6.22E+08 0.1747 4377
6.28E+08 0.1749 4374.14
6.35E+08 0.1734 4370.66
6.41E+08 0.1738 4367.81
6.48E+08 0.1699 4364.66
6.54E+08 0.1717 4361.82
6.60E+08 0.1687 4358.71
6.67E+08 0.1690 4355.51
6.75E+08 0.1704 4351.95
6.82E+08 0.1682 4348.69
6.89E+08 0.1679 4345.41
6.96E+08 0.1677 4342.04
7.04E+08 0.1677 4338.53
7.12E+08 0.1656 4335.05
7.18E+08 0.1637 4332.07
7.26E+08 0.1649 4328.52
7.31E+08 0.1657 4326.2
7.38E+08 0.1629 4323.14
7.44E+08 0.1645 4320.34
7.51E+08 0.1637 4317.24
7.58E+08 0.1616 4313.94
7.66E+08 0.1617 4310.63
7.74E+08 0.1608 4307.24
7.81E+08 0.1588 4304.04
7.90E+08 0.1599 4300.02
7.98E+08 0.1583 4296.68
8.05E+08 0.1567 4293.51
8.13E+08 0.1575 4290.08
8.21E+08 0.1564 4286.6
8.28E+08 0.1562 4283.38
8.34E+08 0.1552 4281.04
8.40E+08 0.1550 4278.57
8.45E+08 0.1547 4276.21
8.53E+08 0.1533 4272.97
8.58E+08 0.1523 4270.74
8.65E+08 0.1538 4267.95
8.72E+08 0.1517 4264.9
8.79E+08 0.1500 4262.3
8.87E+08 0.1517 4258.98
8.93E+08 0.1500 4256.45
9.01E+08 0.1497 4253.19
9.08E+08 0.1497 4250.29
9.14E+08 0.1476 4247.71
9.20E+08 0.1472 4245.24
9.26E+08 0.1470 4242.68
9.34E+08 0.1458 4239.64
9.41E+08 0.1465 4236.64
9.49E+08 0.1463 4233.79
9.55E+08 0.1448 4231.14
9.62E+08 0.1440 4228.58
9.69E+08 0.1447 4225.73
9.76E+08 0.1429 4222.7
9.83E+08 0.1445 4220.18
9.90E+08 0.1421 4217.31
9.96E+08 0.1416 4214.95
1.00E+09 0.1422 4212.15
1.01E+09 0.1421 4209.25
1.02E+09 0.1404 4206.07
1.02E+09 0.1407 4203.81
1.03E+09 0.1397 4201.7
1.04E+09 0.1396 4198.78
1.05E+09 0.1383 4195.79
1.05E+09 0.1364 4193.72
1.06E+09 0.1370 4191.47
1.06E+09 0.1374 4189.19
1.07E+09 0.1368 4186.58
1.08E+09 0.1365 4183.73
1.09E+09 0.1363 4180.26
1.09E+09 0.1347 4177.46
1.10E+09 0.1337 4175.06
1.11E+09 0.1349 4172.26
1.12E+09 0.1325 4169.46
1.12E+09 0.1317 4166.6
1.13E+09 0.1331 4164.51
1.14E+09 0.1319 4161.85
1.15E+09 0.1312 4158.78
1.15E+09 0.1315 4156.07
1.16E+09 0.1310 4153.41
1.17E+09 0.1305 4150.74
1.18E+09 0.1308 4147.96
1.18E+09 0.1296 4145.02
1.19E+09 0.1287 4141.57
1.20E+09 0.1274 4138.3
1.21E+09 0.1269 4135.36
1.22E+09 0.1262 4132.29
1.23E+09 0.1273 4129.22
1.24E+09 0.1263 4126.45
1.25E+09 0.1259 4123.35
1.26E+09 0.1247 4120.32
1.26E+09 0.1233 4117.02
1.27E+09 0.1232 4113.75
1.28E+09 0.1240 4111.04
1.29E+09 0.1228 4107.83
1.30E+09 0.1217 4104.1
1.31E+09 0.1213 4101.08
1.32E+09 0.1214 4098.09
1.33E+09 0.1201 4094.79
1.34E+09 0.1190 4091.25
1.35E+09 0.1183 4088.54
1.36E+09 0.1186 4085.47
1.37E+09 0.1177 4082.12
1.38E+09 0.1166 4078.79
1.39E+09 0.1161 4075.94
1.40E+09 0.1153 4073.19
1.41E+09 0.1144 4070.49
1.42E+09 0.1151 4067.73
1.42E+09 0.1141 4064.7
1.43E+09 0.1146 4062.05
1.44E+09 0.1135 4059.13
1.45E+09 0.1136 4056
1.46E+09 0.1119 4053.31
1.47E+09 0.1121 4051.07
1.48E+09 0.1107 4048.32
1.49E+09 0.1114 4045.32
1.50E+09 0.1109 4042.18
1.51E+09 0.1112 4039.36
1.52E+09 0.1094 4036.63
1.53E+09 0.1097 4033.32
1.54E+09 0.1089 4030.5
1.55E+09 0.1089 4027.55
1.56E+09 0.1074 4024.22
1.57E+09 0.1075 4021.54
1.58E+09 0.1068 4018.78
1.59E+09 0.1064 4016.08
1.60E+09 0.1056 4012.89
1.61E+09 0.1054 4009.58
1.62E+09 0.1052 4006.71
1.63E+09 0.1036 4003.92
1.64E+09 0.1037 4001.27
1.65E+09 0.1029 3997.86
1.66E+09 0.1027 3995.03
1.67E+09 0.1021 3992.08
1.68E+09 0.1020 3988.79
1.69E+09 0.0994 3985.63
1.70E+09 0.1006 3982.55
1.72E+09 0.0999 3979.56
1.73E+09 0.0989 3976.17
1.74E+09 0.0983 3973.11
1.75E+09 0.0983 3969.87
1.76E+09 0.0964 3967.1
1.77E+09 0.0972 3964.14
1.78E+09 0.0973 3961.23
1.79E+09 0.0961 3958.22
1.81E+09 0.0957 3955.29
1.82E+09 0.0957 3952.12
1.83E+09 0.0955 3948.67
1.84E+09 0.0945 3945.58
1.86E+09 0.0937 3942.33
1.87E+09 0.0936 3939.5
1.88E+09 0.0934 3936.13
1.89E+09 0.0925 3932.97
1.90E+09 0.0918 3929.76
1.92E+09 0.0916 3926.85
1.93E+09 0.0909 3923.67
1.94E+09 0.0896 3920.24
1.96E+09 0.0894 3917.24
1.97E+09 0.0891 3914.33
1.98E+09 0.0886 3911.63
1.99E+09 0.0872 3908.89
2.00E+09 0.0873 3905.76
2.02E+09 0.0867 3902.72
2.03E+09 0.0868 3899.69
2.04E+09 0.0865 3896.59
2.05E+09 0.0849 3893.33
2.07E+09 0.0849 3890.32
2.08E+09 0.0842 3887.64
2.09E+09 0.0831 3884.79
2.10E+09 0.0832 3881.92
2.12E+09 0.0832 3878.96
2.13E+09 0.0831 3876.05
2.14E+09 0.0827 3872.99
2.15E+09 0.0814 3870.43
2.17E+09 0.0814 3867.68
2.18E+09 0.0814 3864.84
2.19E+09 0.0807 3862.05
2.21E+09 0.0800 3859.19
2.22E+09 0.0795 3856
2.23E+09 0.0799 3852.98
2.25E+09 0.0781 3850.17
2.26E+09 0.0779 3847.34
2.27E+09 0.0779 3844.53
2.29E+09 0.0780 3841.48
2.30E+09 0.0771 3838.57
2.31E+09 0.0761 3835.9
2.33E+09 0.0759 3832.86
2.34E+09 0.0746 3830.25
2.36E+09 0.0746 3827.2
2.37E+09 0.0742 3824.46
2.38E+09 0.0739 3821.9
2.40E+09 0.0737 3819.16
2.41E+09 0.0740 3816.6
2.42E+09 0.0729 3813.78
2.44E+09 0.0728 3811.11
2.45E+09 0.0726 3808.14
2.47E+09 0.0716 3805.08
2.48E+09 0.0706 3802.25
2.49E+09 0.0703 3799.72
2.51E+09 0.0708 3796.73
2.52E+09 0.0701 3793.81
2.54E+09 0.0695 3791.12
2.55E+09 0.0688 3788.32
2.57E+09 0.0692 3785.49
2.58E+09 0.0686 3782.66
2.60E+09 0.0679 3779.82
2.61E+09 0.0667 3777.09
2.63E+09 0.0668 3774.64
2.64E+09 0.0668 3772.35
2.65E+09 0.0660 3769.78
2.67E+09 0.0661 3767.21
2.68E+09 0.0658 3764.06
2.70E+09 0.0654 3761.12
2.71E+09 0.0653 3758.52
2.73E+09 0.0642 3755.5
2.75E+09 0.0637 3752.3
2.77E+09 0.0636 3749.48
2.78E+09 0.0633 3746.55
2.80E+09 0.0622 3743.92
2.81E+09 0.0618 3741.19
2.83E+09 0.0622 3738.3
2.85E+09 0.0616 3735.43
2.86E+09 0.0616 3732.87
2.88E+09 0.0610 3729.97
2.90E+09 0.0602 3726.92
2.91E+09 0.0598 3724.37
2.93E+09 0.0601 3721.58
2.95E+09 0.0583 3718.85
2.96E+09 0.0584 3716.25
2.98E+09 0.0583 3713.59
3.00E+09 0.0579 3710.87
3.02E+09 0.0575 3708.02
3.03E+09 0.0570 3705.45
3.05E+09 0.0563 3702.73
3.07E+09 0.0564 3700.09
3.09E+09 0.0567 3697.29
3.10E+09 0.0554 3694.5
3.12E+09 0.0553 3691.92
3.14E+09 0.0543 3689.32
3.15E+09 0.0547 3686.8
3.17E+09 0.0533 3684.12
3.19E+09 0.0535 3681.23
3.21E+09 0.0534 3678.25
3.23E+09 0.0521 3675.78
3.25E+09 0.0525 3673.18
3.27E+09 0.0513 3670.66
3.28E+09 0.0513 3668.14
3.30E+09 0.0511 3665.22
3.32E+09 0.0502 3662.61
3.34E+09 0.0505 3660.24
3.36E+09 0.0497 3657.81
3.37E+09 0.0501 3655.5
3.39E+09 0.0492 3653.19
3.41E+09 0.0489 3650.71
3.43E+09 0.0485 3648.23
3.45E+09 0.0480 3645.73
3.47E+09 0.0482 3643.06
3.49E+09 0.0474 3640.45
3.51E+09 0.0466 3637.98
3.53E+09 0.0463 3635.34
3.55E+09 0.0460 3633.04
3.56E+09 0.0467 3630.62
3.58E+09 0.0460 3628.02
3.60E+09 0.0458 3625.51
3.62E+09 0.0460 3623.18
3.64E+09 0.0448 3620.74
3.66E+09 0.0448 3618.22
3.69E+09 0.0446 3615.41
3.71E+09 0.0443 3612.84
3.73E+09 0.0431 3610.43
3.75E+09 0.0429 3608.15
3.77E+09 0.0423 3605.38
3.79E+09 0.0425 3602.77
3.82E+09 0.0417 3600.13
3.84E+09 0.0415 3597.63
3.86E+09 0.0410 3595.3
3.88E+09 0.0412 3592.79
3.90E+09 0.0407 3590.35
3.93E+09 0.0400 3587.87
3.95E+09 0.0401 3585.41
3.97E+09 0.0392 3582.98
3.99E+09 0.0384 3580.68
4.02E+09 0.0387 3577.96
4.04E+09 0.0384 3575.54
4.06E+09 0.0388 3573.28
4.08E+09 0.0383 3570.88
4.11E+09 0.0372 3568.27
4.13E+09 0.0376 3566.02
4.16E+09 0.0370 3563.4
4.18E+09 0.0367 3561
4.20E+09 0.0360 3558.81
4.23E+09 0.0358 3556.39
4.25E+09 0.0357 3554.03
4.28E+09 0.0355 3551.45
4.30E+09 0.0348 3548.92
4.33E+09 0.0347 3546.53
4.36E+09 0.0346 3543.97
4.38E+09 0.0343 3541.7
4.40E+09 0.0342 3539.39
4.43E+09 0.0333 3537.06
4.45E+09 0.0330 3534.95
4.48E+09 0.0329 3532.6
4.50E+09 0.0321 3530.31
4.53E+09 0.0320 3527.73
4.56E+09 0.0321 3525.18
4.59E+09 0.0311 3522.89
4.62E+09 0.0310 3520.48
4.64E+09 0.0318 3518.13
4.67E+09 0.0306 3515.5
4.71E+09 0.0302 3512.86
4.73E+09 0.0302 3510.46
4.76E+09 0.0299 3508.3
4.79E+09 0.0297 3506.17
4.81E+09 0.0294 3504.05
4.84E+09 0.0290 3502.02
4.86E+09 0.0287 3500.16
4.89E+09 0.0285 3498.12
4.92E+09 0.0285 3495.77
4.95E+09 0.0283 3493.54
4.98E+09 0.0275 3491.33
