0.00E+00 -0.6252 5557.17
2.08E+08 0.1864 5411.06
2.80E+08 0.1715 5355.37
3.01E+08 0.1877 5339.67
3.08E+08 0.2348 5333.46
3.25E+08 0.2355 5314.92
3.59E+08 0.2176 5281.52
3.93E+08 0.2381 5248.41
4.16E+08 0.2485 5223.22
4.58E+08 0.2037 5182.22
5.00E+08 0.2262 5142.55
5.49E+08 0.2526 5088.66
6.29E+08 0.2218 5005.21
6.92E+08 0.2052 4946.11
7.45E+08 0.1910 4899.66
7.87E+08 0.1840 4865.76
8.25E+08 0.1987 4833.64
8.57E+08 0.2001 4805.18
8.89E+08 0.1898 4777.38
9.17E+08 0.1889 4754.12
9.47E+08 0.1795 4729.8
9.74E+08 0.1760 4709.24
9.96E+08 0.1874 4691.83
1.02E+09 0.1915 4672.32
1.05E+09 0.1810 4651.7
1.07E+09 0.1738 4633.78
1.10E+09 0.1699 4612.47
1.13E+09 0.1720 4585.57
1.17E+09 0.1644 4555.42
1.21E+09 0.1514 4531.33
1.23E+09 0.1491 4517.26
1.26E+09 0.1472 4498.51
1.28E+09 0.1473 4479.75
1.31E+09 0.1403 4464.09
1.33E+09 0.1403 4453.44
1.34E+09 0.1327 4443.22
1.36E+09 0.1288 4431.8
1.39E+09 0.1409 4417.9
1.41E+09 0.1357 4404.73
1.43E+09 0.1295 4393.82
1.45E+09 0.1215 4382.57
1.47E+09 0.1274 4371.2
1.49E+09 0.1241 4359.3
1.51E+09 0.1219 4347.45
1.53E+09 0.1155 4336.98
1.55E+09 0.1091 4327.42
1.57E+09 0.1143 4316.28
1.59E+09 0.1189 4304.62
1.62E+09 0.1153 4293.94
1.64E+09 0.1109 4281.16
1.67E+09 0.1071 4268.34
1.70E+09 0.1034 4255.72
1.72E+09 0.1087 4245.35
1.74E+09 0.1015 4235.13
1.77E+09 0.0993 4222.61
1.79E+09 0.1017 4211.3
1.82E+09 0.0955 4199.19
1.84E+09 0.0884 4189.97
1.87E+09 0.0933 4180.5
1.89E+09 0.0942 4169.34
1.93E+09 0.0870 4156.4
1.95E+09 0.0761 4148.84
1.98E+09 0.0861 4139.12
2.00E+09 0.0800 4131.11
2.02E+09 0.0779 4122.57
2.05E+09 0.0751 4113.84
2.07E+09 0.0822 4105.46
2.10E+09 0.0779 4095.2
2.13E+09 0.0772 4084.38
2.17E+09 0.0754 4073.02
2.20E+09 0.0721 4063.97
2.23E+09 0.0707 4052.59
2.26E+09 0.0675 4042.86
2.29E+09 0.0673 4034.19
2.33E+09 0.0682 4023.34
2.36E+09 0.0682 4014.19
2.40E+09 0.0614 4002.67
2.43E+09 0.0567 3996.1
2.46E+09 0.0515 3988.63
2.49E+09 0.0611 3981.74
2.53E+09 0.0597 3971.06
2.56E+09 0.0568 3961.86
2.59E+09 0.0603 3953.45
2.64E+09 0.0548 3943.2
2.67E+09 0.0506 3935.5
2.70E+09 0.0513 3928.96
2.73E+09 0.0503 3921.3
2.76E+09 0.0505 3914.23
2.80E+09 0.0461 3906.81
2.84E+09 0.0467 3898.7
2.88E+09 0.0457 3890.88
2.92E+09 0.0503 3881.49
2.97E+09 0.0472 3871.95
3.01E+09 0.0462 3862.67
3.06E+09 0.0415 3854.1
3.11E+09 0.0420 3844.98
3.14E+09 0.0408 3837.87
3.19E+09 0.0396 3829.78
3.24E+09 0.0366 3821.4
3.29E+09 0.0297 3814.63
3.33E+09 0.0370 3808.13
3.38E+09 0.0352 3800.39
3.44E+09 0.0330 3791.98
3.48E+09 0.0311 3785.33
3.54E+09 0.0326 3777.57
3.60E+09 0.0300 3769.73
3.66E+09 0.0311 3761.83
3.72E+09 0.0296 3753.64
3.76E+09 0.0278 3748.35
3.82E+09 0.0243 3742.28
3.87E+09 0.0282 3735.58
3.93E+09 0.0259 3728.33
4.00E+09 0.0235 3720.95
4.06E+09 0.0241 3714.72
4.11E+09 0.0222 3709.33
4.18E+09 0.0205 3703.48
4.25E+09 0.0219 3696.61
4.31E+09 0.0199 3690.75
4.37E+09 0.0217 3684.93
4.44E+09 0.0194 3678.78
4.51E+09 0.0199 3672.96
4.58E+09 0.0196 3666.84
4.66E+09 0.0187 3660.35
4.73E+09 0.0178 3654.33
4.81E+09 0.0165 3648.53
4.89E+09 0.0151 3642.72
4.97E+09 0.0154 3637.4
