0.00E+00 -0.6666 5334.16
1.95E+08 0.1655 5219.98
2.52E+08 0.1627 5183.24
3.05E+08 0.1511 5151.19
3.44E+08 0.1483 5127.73
3.81E+08 0.1483 5106.64
4.20E+08 0.1399 5085.26
4.50E+08 0.1376 5069.29
4.84E+08 0.1326 5052.03
5.10E+08 0.1300 5038.7
5.30E+08 0.1340 5028.97
5.41E+08 0.1459 5022.77
5.43E+08 0.1746 5021.62
5.46E+08 0.2130 5019.22
5.51E+08 0.2279 5014.84
5.60E+08 0.2118 5008.01
5.84E+08 0.1813 4989.64
6.25E+08 0.1954 4959.88
6.56E+08 0.1993 4936.39
6.70E+08 0.2275 4925.35
7.04E+08 0.1748 4900.22
7.62E+08 0.1811 4860.8
8.05E+08 0.1968 4830.21
8.43E+08 0.1924 4799.72
9.02E+08 0.1677 4759.12
9.73E+08 0.1479 4716.74
1.04E+09 0.1803 4676.75
1.13E+09 0.1720 4615.74
1.21E+09 0.1436 4566.01
1.25E+09 0.1312 4546.23
1.26E+09 0.1277 4538.28
1.28E+09 0.1166 4529.58
1.30E+09 0.1095 4520.79
1.32E+09 0.1086 4512.95
1.34E+09 0.1071 4504.45
1.37E+09 0.1044 4495.04
1.38E+09 0.1170 4488.13
1.40E+09 0.1022 4480.56
1.42E+09 0.1017 4473.23
1.43E+09 0.1050 4467.15
1.45E+09 0.0975 4459.36
1.47E+09 0.1029 4452.47
1.49E+09 0.1022 4445.1
1.51E+09 0.0978 4437.24
1.53E+09 0.0901 4430.43
1.55E+09 0.0915 4423.57
1.57E+09 0.0958 4416.6
1.59E+09 0.0914 4409.74
1.61E+09 0.0881 4402.99
1.63E+09 0.0926 4395.87
1.65E+09 0.0880 4387.77
1.67E+09 0.0816 4380.87
1.69E+09 0.0843 4374.4
1.71E+09 0.0863 4368.89
1.74E+09 0.0811 4360.91
1.76E+09 0.0788 4354.76
1.78E+09 0.0799 4347.64
1.80E+09 0.0714 4341.71
1.82E+09 0.0715 4335.88
1.84E+09 0.0675 4331.2
1.86E+09 0.0737 4325.49
1.88E+09 0.0630 4321.02
1.90E+09 0.0742 4314.41
1.92E+09 0.0664 4308.29
1.95E+09 0.0711 4302.06
1.97E+09 0.0627 4296.41
1.99E+09 0.0691 4290.66
2.01E+09 0.0675 4286.1
2.03E+09 0.0632 4280.04
2.05E+09 0.0676 4274.39
2.08E+09 0.0583 4269.25
2.10E+09 0.0617 4264.03
2.12E+09 0.0594 4258.56
2.15E+09 0.0577 4253.2
2.17E+09 0.0594 4247.85
2.19E+09 0.0602 4242.75
2.22E+09 0.0558 4237.34
2.24E+09 0.0563 4231.97
2.27E+09 0.0543 4226.54
2.29E+09 0.0495 4222.38
2.31E+09 0.0494 4217.55
2.34E+09 0.0532 4213.4
2.36E+09 0.0478 4208.46
2.38E+09 0.0459 4204.56
2.41E+09 0.0473 4199.99
2.43E+09 0.0444 4195.64
2.46E+09 0.0479 4191.22
2.48E+09 0.0412 4186.89
2.51E+09 0.0517 4182.27
2.54E+09 0.0432 4176.83
2.57E+09 0.0438 4172.05
2.60E+09 0.0403 4167.94
2.62E+09 0.0389 4164.66
2.65E+09 0.0406 4160.06
2.68E+09 0.0374 4155.92
2.70E+09 0.0408 4151.75
2.73E+09 0.0413 4146.95
2.76E+09 0.0384 4142.5
2.79E+09 0.0406 4137.98
2.82E+09 0.0356 4133.77
2.85E+09 0.0372 4130.03
2.88E+09 0.0353 4125.51
2.91E+09 0.0358 4121.26
2.95E+09 0.0345 4116.88
2.98E+09 0.0323 4112.73
3.01E+09 0.0345 4108.49
3.05E+09 0.0312 4103.98
3.08E+09 0.0303 4099.85
3.11E+09 0.0324 4096.58
3.15E+09 0.0274 4092.21
3.18E+09 0.0258 4089.12
3.21E+09 0.0285 4085.86
3.24E+09 0.0260 4082.44
3.28E+09 0.0320 4078.59
3.32E+09 0.0265 4074.27
3.36E+09 0.0259 4070.24
3.38E+09 0.0274 4067.5
3.42E+09 0.0259 4063.97
3.46E+09 0.0223 4060.23
3.50E+09 0.0238 4057.09
3.53E+09 0.0236 4054
3.57E+09 0.0232 4050.57
3.61E+09 0.0190 4047.54
3.64E+09 0.0263 4044.22
3.69E+09 0.0221 4040.42
3.73E+09 0.0252 4036.49
3.77E+09 0.0204 4032.44
3.82E+09 0.0225 4028.7
3.87E+09 0.0206 4025.04
3.91E+09 0.0205 4021.5
3.96E+09 0.0189 4017.84
4.01E+09 0.0191 4014.21
4.06E+09 0.0191 4010.52
4.11E+09 0.0186 4007.11
4.16E+09 0.0180 4003.64
4.20E+09 0.0182 4000.29
4.26E+09 0.0155 3996.65
4.31E+09 0.0176 3993.91
4.36E+09 0.0149 3990.92
4.41E+09 0.0154 3988.04
4.45E+09 0.0135 3985.54
4.50E+09 0.0143 3982.83
4.55E+09 0.0145 3980.06
4.60E+09 0.0141 3977.24
4.66E+09 0.0139 3974.34
4.71E+09 0.0138 3971.63
4.76E+09 0.0132 3968.93
4.81E+09 0.0137 3966.21
4.86E+09 0.0128 3963.64
4.92E+09 0.0123 3961.05
4.97E+09 0.0128 3958.43
