        0.0108631      246.4004436    12385.0630434     3137.5437538     6152.3506949     2751.6835268     1168.4779769        1.6671664        1.2683324      974.2239286        0.0000000        0.0000000        0.0000000        8.0000000
        0.0107699      230.6293982    12249.5279115     3145.0420316     5780.0238434     2659.5103742     1134.7636119        1.6793091        1.2723620      937.4136671        0.0000000        0.0000000        0.0000000        8.0000000
        0.0106390      212.0739294    12071.5134237     3152.6393996     5401.8697634     2547.0598180     1104.6959323        1.7121053        1.2777799      890.0609242        0.0000000        0.0000000        0.0000000        8.0000000
        0.0104395      188.4671508    11817.0772679     3160.1173065     4998.1088303     2396.8617721     1079.0537461        1.7839020        1.2857820      824.5444664        0.0000000        0.0000000        0.0000000        8.0000000
        0.0100449      150.7109500    11344.8727279     3167.2360824     4487.2236014     2136.2569496     1062.4434485        1.9804228        1.3014989      710.0025028        0.0000000        0.0000000        0.0000000        8.0000000
        0.0110629      293.6457413    12913.6933535     3064.4531715     6384.9218796     3011.9091534     1127.0388969        1.4501421        1.2533557     1127.1195088        0.0000000        0.0000000        0.0000000        8.0000000
        0.0110382      284.2352594    12858.7342564     3070.6899921     6061.7775089     2961.7968663     1093.0080586        1.4315744        1.2548603     1110.9960145        0.0000000        0.0000000        0.0000000        8.0000000
        0.0109935      273.0153473    12780.1385535     3077.0620139     5741.6630806     2900.9869253     1062.0298908        1.4222533        1.2570326     1087.9376535        0.0000000        0.0000000        0.0000000        8.0000000
        0.0109302      260.3974251    12681.5379386     3083.1264486     5426.0493887     2831.1348164     1033.4494792        1.4207100        1.2597925     1059.2596974        0.0000000        0.0000000        0.0000000        8.0000000
        0.0108400      245.5627374    12552.7220765     3089.0659805     5109.0189530     2746.8781618     1007.2698839        1.4305289        1.2634578     1022.3264071        0.0000000        0.0000000        0.0000000        8.0000000
        0.0111516      334.9529561    13348.8543582     2988.3274319     6502.5130009     3223.2010376     1088.3413862        1.2940229        1.2418423     1262.3227866        0.0000000        0.0000000        0.0000000        8.0000000
        0.0111522      328.3527803    13325.2621766     2993.7904748     6200.0327824     3190.3265755     1056.0843573        1.2690703        1.2424488     1255.0472721        0.0000000        0.0000000        0.0000000        8.0000000
        0.0111426      320.9848051    13290.9957763     2998.9298793     5906.2272679     3153.2479150     1026.1828060        1.2483749        1.2433334     1244.3201213        0.0000000        0.0000000        0.0000000        8.0000000
        0.0111262      313.0885377    13248.4702062     3004.1269538     5621.4820958     3113.0503156      998.2218575        1.2309627        1.2444369     1230.9652937        0.0000000        0.0000000        0.0000000        8.0000000
        0.0110951      303.9048815    13190.0036665     3009.0062349     5341.3265758     3065.6764630      972.2458928        1.2187806        1.2459647     1212.6372207        0.0000000        0.0000000        0.0000000        8.0000000
        0.0111451      369.8273571    13705.0454501     2908.9702469     6508.1083093     3391.9305563     1050.1677598        1.1755718        1.2329163     1379.3558754        0.0000000        0.0000000        0.0000000        8.0000000
        0.0111648      366.1469915    13708.8025428     2913.3180840     6227.2024510     3374.4998481     1019.7917757        1.1471650        1.2328244     1380.7980630        0.0000000        0.0000000        0.0000000        8.0000000
        0.0111740      361.4320120    13700.4548758     2917.4890883     5953.0706961     3352.0455331      991.7222351        1.1230952        1.2330286     1378.0924501        0.0000000        0.0000000        0.0000000        8.0000000
        0.0111816      356.8186507    13690.9353846     2921.5101006     5689.2920862     3329.9376569      965.1463968        1.1002848        1.2332618     1374.9282535        0.0000000        0.0000000        0.0000000        8.0000000
        0.0111813      351.3797301    13671.6183836     2925.5601590     5431.1501288     3303.6953245      940.2202549        1.0806579        1.2337359     1368.4293984        0.0000000        0.0000000        0.0000000        8.0000000
        0.0110696      400.3544470    14014.7439803     2825.4131855     6405.1475113     3533.3960963     1009.2263162        1.0757751        1.2254927     1485.7864985        0.0000000        0.0000000        0.0000000        8.0000000
        0.0110998      398.9509000    14036.7647318     2828.6809626     6143.8826390     3527.0087425      981.1955801        1.0470715        1.2249763     1493.5902593        0.0000000        0.0000000        0.0000000        8.0000000
        0.0111190      396.3569522    14046.0734430     2831.7025472     5888.9135935     3515.1771412      955.3780910        1.0225666        1.2247584     1496.8725334        0.0000000        0.0000000        0.0000000        8.0000000
        0.0111378      393.8118383    14054.0580536     2834.8616459     5642.3522913     3503.5319496      930.8687388        0.9992947        1.2245717     1499.6311367        0.0000000        0.0000000        0.0000000        8.0000000
        0.0111537      391.2592303    14060.4041782     2837.6349584     5403.5391665     3491.8162359      907.5656199        0.9772318        1.2244235     1501.7604834        0.0000000        0.0000000        0.0000000        8.0000000
        0.0109363      427.6166370    14296.8247397     2736.3140504     6170.9491197     3655.3734304      961.9942215        0.9839469        1.2189871     1586.4593825        0.0000000        0.0000000        0.0000000        8.0000000
        0.0109658      427.3434793    14324.9003991     2738.3204239     5929.6717478     3654.1696108      937.2174978        0.9581443        1.2183524     1596.6391078        0.0000000        0.0000000        0.0000000        8.0000000
        0.0109947      427.0510152    14351.2424298     2740.5039232     5696.1049424     3652.8805369      913.7610981        0.9337663        1.2177590     1606.1617901        0.0000000        0.0000000        0.0000000        8.0000000
        0.0110135      425.5479098    14365.4579496     2742.4633687     5468.2877044     3646.2522155      892.0844104        0.9128419        1.2174396     1611.2234593        0.0000000        0.0000000        0.0000000        8.0000000
        0.0110320      424.0892654    14378.8523332     2744.5058201     5246.5818642     3639.8092801      871.3175283        0.8927599        1.2171391     1615.9469238        0.0000000        0.0000000        0.0000000        8.0000000
        0.0107452      451.6696096    14561.4925000     2639.6361458     5745.1796853     3759.8996745      903.3390398        0.8921067        1.2130928     1683.9836668        0.0000000        0.0000000        0.0000000        8.0000000
        0.0107720      452.3208924    14592.4775211     2640.6100253     5529.9572225     3762.6907418      882.4106166        0.8700389        1.2124155     1695.4709922        0.0000000        0.0000000        0.0000000        8.0000000
        0.0107991      452.9822679    14622.3449635     2641.8255292     5320.7867868     3765.5231314      862.4534944        0.8490053        1.2117651     1706.5355689        0.0000000        0.0000000        0.0000000        8.0000000
        0.0108165      452.3971704    14640.2072248     2642.8685839     5118.5197166     3763.0171922      844.1308366        0.8310784        1.2113773     1713.0595347        0.0000000        0.0000000        0.0000000        8.0000000
        0.0108402      452.9525213    14667.0127626     2643.8116486     4920.4194306     3765.3959731      825.9083862        0.8119978        1.2107969     1722.9512404        0.0000000        0.0000000        0.0000000        8.0000000
        0.0114838      273.2820617    12655.3937145     3245.9746376     6497.3530216     2902.4024060     1177.1413396        1.5824089        1.2605309     1050.5432273        0.0000000        0.0000000        0.0000000        8.0000000
        0.0113877      256.4801438    12519.6565939     3253.7264167     6105.2048288     2809.0745858     1142.7131457        1.5916554        1.2644097     1012.1383770        0.0000000        0.0000000        0.0000000        8.0000000
        0.0112414      235.7570689    12330.0007548     3261.3086398     5700.9645389     2689.7851024     1112.5626283        1.6245021        1.2699597      959.5452081        0.0000000        0.0000000        0.0000000        8.0000000
        0.0110214      209.4519252    12059.9163148     3269.1016532     5269.4704992     2530.7850637     1087.0320333        1.6952386        1.2781379      887.1144464        0.0000000        0.0000000        0.0000000        8.0000000
        0.0105867      167.2533983    11556.7852352     3276.8753818     4721.4598359     2253.9671281     1071.2999136        1.8896028        1.2943006      760.2449237        0.0000000        0.0000000        0.0000000        8.0000000
        0.0117189      327.0799209    13223.7376760     3170.0751201     6761.8342704     3183.8979760     1134.2118965        1.3699120        1.2450817     1222.2186613        0.0000000        0.0000000        0.0000000        8.0000000
        0.0116831      315.6489938    13155.6013149     3176.7493229     6410.9251423     3126.0869415     1100.1883813        1.3554273        1.2468695     1201.2866456        0.0000000        0.0000000        0.0000000        8.0000000
        0.0116341      303.8900227    13079.7607036     3183.0850357     6073.1307759     3065.6370107     1067.8649213        1.3438083        1.2488794     1178.0903202        0.0000000        0.0000000        0.0000000        8.0000000
        0.0115617      289.0706879    12966.7118302     3189.5408516     5731.8213066     2987.6140189     1039.9288962        1.3459654        1.2519152     1143.7548612        0.0000000        0.0000000        0.0000000        8.0000000
        0.0114624      272.5498387    12829.9476761     3195.8596091     5393.3009188     2898.4124567     1013.5054803        1.3559483        1.2556531     1102.8690413        0.0000000        0.0000000        0.0000000        8.0000000
        0.0118176      372.3109358    13673.3547637     3091.6381584     6890.5707691     3403.5856766     1095.3422444        1.2231455        1.2336932     1368.3388066        0.0000000        0.0000000        0.0000000        8.0000000
        0.0118156      364.9857946    13647.9071446     3096.8959557     6568.0562815     3368.9249486     1062.6572402        1.1994915        1.2343195     1360.1492529        0.0000000        0.0000000        0.0000000        8.0000000
        0.0118049      356.8627690    13611.8174421     3102.2778332     6254.9583001     3330.0928051     1032.3333687        1.1797443        1.2352113     1348.3581394        0.0000000        0.0000000        0.0000000        8.0000000
        0.0117849      348.0674249    13566.3360110     3107.4030966     5951.0730041     3287.5610018     1004.0080421        1.1633137        1.2363414     1333.4444145        0.0000000        0.0000000        0.0000000        8.0000000
        0.0117501      337.8275616    13504.0134864     3112.5407059     5651.6332377     3237.3826010      977.6694707        1.1518678        1.2379012     1313.0422198        0.0000000        0.0000000        0.0000000        8.0000000
        0.0118192      411.4610351    14049.3086710     3009.3256540     6908.8128126     3583.4903036     1057.0371079        1.1101528        1.2246827     1497.6007181        0.0000000        0.0000000        0.0000000        8.0000000
        0.0118390      407.3542289    14052.6754811     3013.6460464     6607.7981968     3565.0205254     1026.0887104        1.0830541        1.2246040     1499.0090823        0.0000000        0.0000000        0.0000000        8.0000000
        0.0118487      402.1207496    14043.5560894     3018.0580307     6314.1017554     3541.3533946      997.4896957        1.0600466        1.2248173     1495.9346748        0.0000000        0.0000000        0.0000000        8.0000000
        0.0118567      397.0374735    14033.4639952     3022.2818478     6032.2810135     3518.2227024      970.4690031        1.0382423        1.2250536     1492.4446889        0.0000000        0.0000000        0.0000000        8.0000000
        0.0118553      391.0402949    14013.0856414     3026.3068516     5757.2049011     3490.7488396      945.2068358        1.0195433        1.2255317     1485.2888919        0.0000000        0.0000000        0.0000000        8.0000000
        0.0117548      447.0398494    14386.3949624     2922.8064211     6816.2924482     3739.9110412     1015.5667290        1.0130875        1.2169702     1619.0078404        0.0000000        0.0000000        0.0000000        8.0000000
        0.0117771      444.2090965    14398.3613551     2925.9039797     6532.3562888     3727.6926753      987.5878776        0.9880586        1.2167024     1623.5219013        0.0000000        0.0000000        0.0000000        8.0000000
        0.0117988      441.3994860    14408.5193757     2929.2379944     6258.5622420     3715.5284135      961.1700221        0.9644576        1.2164755     1627.2972751        0.0000000        0.0000000        0.0000000        8.0000000
        0.0118186      438.5853989    14416.7618357     2932.4642419     5994.1186998     3703.3074899      936.1670305        0.9421905        1.2162916     1630.3008928        0.0000000        0.0000000        0.0000000        8.0000000
        0.0118360      435.7825914    14423.4290252     2935.4197297     5738.1860391     3691.0981500      912.4060540        0.9210649        1.2161429     1632.6637759        0.0000000        0.0000000        0.0000000        8.0000000
        0.0116163      477.5991320    14681.7614852     2830.2484784     6580.5353505     3869.5108412      968.6365632        0.9268440        1.2104785     1729.6349765        0.0000000        0.0000000        0.0000000        8.0000000
        0.0116406      476.1028565    14701.1743556     2832.4383448     6318.9221055     3863.2607686      943.8775399        0.9041396        1.2100601     1737.0303858        0.0000000        0.0000000        0.0000000        8.0000000
        0.0116719      475.8489783    14729.2542684     2834.6346252     6067.7089017     3862.1986080      919.8327558        0.8806757        1.2094568     1747.6942106        0.0000000        0.0000000        0.0000000        8.0000000
        0.0116932      474.2648487    14744.7973265     2836.8035419     5822.4490649     3855.5701567      897.5936686        0.8604701        1.2091238     1753.5216534        0.0000000        0.0000000        0.0000000        8.0000000
        0.0117204      473.9137517    14769.0563364     2838.7352073     5586.1507076     3854.0995047      875.8907900        0.8394193        1.2086053     1762.6563558        0.0000000        0.0000000        0.0000000        8.0000000
        0.0114166      504.5506664    14958.1160916     2730.2000133     6142.5159511     3980.5151332      910.3164443        0.8408176        1.2046169     1836.5548958        0.0000000        0.0000000        0.0000000        8.0000000
        0.0114421      504.3056686    14982.7760968     2731.2183811     5912.2059580     3979.3189935      889.6042947        0.8213120        1.2041034     1846.1308431        0.0000000        0.0000000        0.0000000        8.0000000
        0.0114677      504.8979906    15012.7089541     2732.4582696     5685.0305072     3981.9250467      868.9867255        0.8012047        1.2034823     1857.7671633        0.0000000        0.0000000        0.0000000        8.0000000
        0.0114944      505.6080255    15042.4827527     2733.3959259     5465.9980933     3984.8081664      849.4804273        0.7820371        1.2028667     1869.3372475        0.0000000        0.0000000        0.0000000        8.0000000
        0.0115128      505.0290369    15060.7999483     2734.4506698     5252.8105388     3982.4572396      831.3908014        0.7654473        1.2024890     1876.3469315        0.0000000        0.0000000        0.0000000        8.0000000
        0.0120846      300.9634335    12921.8824877     3345.3632536     6830.8632411     3050.2632418     1183.4315309        1.5038769        1.2531325     1128.9195139        0.0000000        0.0000000        0.0000000        8.0000000
        0.0119790      282.3828178    12777.9829454     3353.4709280     6414.4360991     2951.7678790     1148.8316194        1.5136095        1.2570925     1086.5749024        0.0000000        0.0000000        0.0000000        8.0000000
        0.0118193      259.4737069    12577.2886573     3361.5656967     5985.0369940     2825.8968612     1118.6444118        1.5463109        1.2627535     1028.7275653        0.0000000        0.0000000        0.0000000        8.0000000
        0.0115788      230.4266096    12292.0237738     3369.5936623     5526.7993887     2658.2830451     1093.2870584        1.6159911        1.2710898      949.2818438        0.0000000        0.0000000        0.0000000        8.0000000
        0.0111061      183.9613394    11762.2463099     3377.5913557     4944.8511300     2367.2489195     1078.2963538        1.8064312        1.2875479      810.7581862        0.0000000        0.0000000        0.0000000        8.0000000
        0.0123393      359.5943691    13510.0908263     3267.1529974     7114.7416589     3343.1483493     1140.1333194        1.3018528        1.2377485     1313.8568273        0.0000000        0.0000000        0.0000000        8.0000000
        0.0123078      348.0299106    13447.6901784     3273.9267588     6748.4804489     3287.3282520     1105.3016918        1.2854175        1.2393222     1293.9643135        0.0000000        0.0000000        0.0000000        8.0000000
        0.0122502      334.1390526    13358.1517528     3280.4439805     6385.0289961     3219.0775944     1073.7109090        1.2778355        1.2416037     1265.4212652        0.0000000        0.0000000        0.0000000        8.0000000
        0.0121725      318.5685270    13246.7505707     3287.0423629     6027.0837658     3140.9187310     1044.6279660        1.2774196        1.2444817     1230.2378040        0.0000000        0.0000000        0.0000000        8.0000000
        0.0120632      300.2690826    13101.7471579     3293.5975114     5667.5751317     3046.6556668     1018.0925521        1.2876681        1.2482945     1185.1273871        0.0000000        0.0000000        0.0000000        8.0000000
        0.0124537      409.7364106    13982.3978398     3186.0383337     7261.7707097     3575.6881893     1100.9145035        1.1608451        1.2262540     1473.7369807        0.0000000        0.0000000        0.0000000        8.0000000
        0.0124516      401.6881849    13955.3796142     3191.6862184     6918.9973291     3539.3349134     1067.7607994        1.1382009        1.2268924     1464.6938995        0.0000000        0.0000000        0.0000000        8.0000000
        0.0124478      393.8904965    13927.3156909     3197.1327463     6592.1102237     3503.7755405     1036.6259998        1.1169279        1.2275578     1455.2140949        0.0000000        0.0000000        0.0000000        8.0000000
        0.0124166      383.0234041    13868.6432377     3202.6138060     6263.8355509     3453.6459261     1008.4110208        1.1038121        1.2289571     1435.1419252        0.0000000        0.0000000        0.0000000        8.0000000
        0.0123852      372.7703420    13812.0959985     3207.5874937     5951.1212517     3405.7133213      981.4822086        1.0908451        1.2303159     1415.8735329        0.0000000        0.0000000        0.0000000        8.0000000
        0.0124655      453.1332982    14376.7071381     3101.6094641     7290.2035045     3766.0217858     1062.3440094        1.0526938        1.2171872     1615.0886629        0.0000000        0.0000000        0.0000000        8.0000000
        0.0124856      448.6558412    14380.0565923     3105.8790730     6970.7854078     3746.8061810     1030.9798927        1.0267589        1.2171121     1616.5845011        0.0000000        0.0000000        0.0000000        8.0000000
        0.0125040      444.2416734    14381.3576936     3110.1840645     6664.5521212     3727.7714677     1001.5581820        1.0024746        1.2170830     1617.2275875        0.0000000        0.0000000        0.0000000        8.0000000
        0.0125024      437.3763636    14359.6512045     3114.4741682     6360.5540628     3697.9852661      974.6856650        0.9839194        1.2175700     1609.3494246        0.0000000        0.0000000        0.0000000        8.0000000
        0.0124998      430.7519534    14337.7774033     3118.5678862     6068.2146854     3669.0290520      949.0968756        0.9660919        1.2180621     1601.3576483        0.0000000        0.0000000        0.0000000        8.0000000
        0.0124033      492.6337992    14729.7141568     3012.1524771     7205.2432214     3931.7191233     1021.0631998        0.9603958        1.2094470     1747.7428041        0.0000000        0.0000000        0.0000000        8.0000000
        0.0124283      489.6062155    14742.7413699     3015.5653183     6902.4040244     3919.2526935      992.5182321        0.9362124        1.2091678     1752.8898487        0.0000000        0.0000000        0.0000000        8.0000000
        0.0124591      487.8661632    14763.8837035     3018.7131635     6614.6471091     3912.0705733      965.1631802        0.9115805        1.2087157     1761.0762703        0.0000000        0.0000000        0.0000000        8.0000000
        0.0124706      483.3992827    14761.2328188     3022.0484171     6329.1259081     3893.5790221      940.2809839        0.8923240        1.2087723     1760.0394049        0.0000000        0.0000000        0.0000000        8.0000000
        0.0124900      480.3957036    14768.5097550     3025.2432729     6057.1293564     3881.0985774      916.1496599        0.8720168        1.2086169     1762.7525275        0.0000000        0.0000000        0.0000000        8.0000000
        0.0122619      526.5643951    15038.2132969     2916.7471629     6970.1523013     4068.9794065      974.4878336        0.8787845        1.2029548     1868.3707499        0.0000000        0.0000000        0.0000000        8.0000000
        0.0122982      526.4776534    15070.6551921     2919.0716930     6692.5702011     4068.6325859      948.4871331        0.8547226        1.2022862     1881.3095527        0.0000000        0.0000000        0.0000000        8.0000000
        0.0123224      524.8028290    15088.8789308     2921.2825497     6422.2671863     4061.9597699      924.6193192        0.8341941        1.2019118     1888.5305830        0.0000000        0.0000000        0.0000000        8.0000000
        0.0123532      524.4937437    15116.0373266     2923.3292321     6162.7543994     4060.7266704      901.4300415        0.8129597        1.2013553     1899.2811175        0.0000000        0.0000000        0.0000000        8.0000000
        0.0123745      522.7782413    15130.9044526     2925.4769676     5908.5278440     4053.8797909      879.8452342        0.7945146        1.2010514     1905.0648560        0.0000000        0.0000000        0.0000000        8.0000000
        0.0120527      556.3270581    15324.6673257     2813.3886771     6524.2447028     4185.8926098      916.7810836        0.7979505        1.1971406     1984.1256324        0.0000000        0.0000000        0.0000000        8.0000000
        0.0120861      557.4171604    15360.8554641     2814.5282269     6274.5657062     4190.1142539      894.5953080        0.7771627        1.1964202     1998.8853608        0.0000000        0.0000000        0.0000000        8.0000000
        0.0121082      556.8921281    15383.1608319     2815.5899733     6033.5409055     4188.0804256      874.3463531        0.7595142        1.1959777     2007.9065092        0.0000000        0.0000000        0.0000000        8.0000000
        0.0121382      557.8244219    15415.3433396     2816.6787708     5798.8768925     4191.6898222      854.3307684        0.7408948        1.1953413     2020.9927087        0.0000000        0.0000000        0.0000000        8.0000000
        0.0121581      557.2460323    15434.8508442     2817.7203286     5570.5568135     4189.4505926      835.8230419        0.7248731        1.1949567     2028.8101303        0.0000000        0.0000000        0.0000000        8.0000000
        0.0126646      328.7630240    13178.0850354     3437.7642730     7149.8433712     3192.2529068     1188.1757541        1.4333570        1.2462777     1207.2337800        0.0000000        0.0000000        0.0000000        8.0000000
        0.0125403      307.4541926    13016.9607927     3446.1517271     6703.6386719     3083.9489672     1153.9279224        1.4466219        1.2505599     1158.0457563        0.0000000        0.0000000        0.0000000        8.0000000
        0.0123674      282.4438447    12806.3895783     3454.5235569     6250.8141455     2952.0800837     1123.7187494        1.4789875        1.2563043     1095.2027999        0.0000000        0.0000000        0.0000000        8.0000000
        0.0121088      251.1051923    12513.1465884     3462.4167646     5771.7421736     2778.6428899     1097.8509703        1.5448210        1.2645976     1010.6774308        0.0000000        0.0000000        0.0000000        8.0000000
        0.0116039      200.6528072    11959.5817237     3470.7431867     5157.7126936     2475.5360744     1083.9367412        1.7311505        1.2812619      860.9571368        0.0000000        0.0000000        0.0000000        8.0000000
        0.0129456      393.2919417    13794.5531492     3356.9989189     7458.7041523     3500.9829120     1144.1722926        1.2383164        1.2307395     1408.5604005        0.0000000        0.0000000        0.0000000        8.0000000
        0.0129006      379.4191993    13717.6732712     3364.0738868     7064.9444875     3436.8186021     1109.5836896        1.2257070        1.2326076     1383.0369012        0.0000000        0.0000000        0.0000000        8.0000000
        0.0128381      364.2306020    13623.3992451     3370.9492168     6681.4480020     3365.2508011     1077.7709711        1.2187227        1.2349246     1351.8690557        0.0000000        0.0000000        0.0000000        8.0000000
        0.0127533      347.1875464    13506.0743112     3377.7749866     6303.7837001     3283.2008157     1048.5298948        1.2187393        1.2378494     1313.4489874        0.0000000        0.0000000        0.0000000        8.0000000
        0.0126342      327.1655499    13353.6298712     3384.4072009     5924.6143886     3184.2741897     1021.9050557        1.2291111        1.2417197     1264.2927269        0.0000000        0.0000000        0.0000000        8.0000000
        0.0130759      447.9917276    14287.0128499     3273.4134968     7623.3478363     3744.0763798     1104.6981591        1.1033046        1.2192095     1581.9074780        0.0000000        0.0000000        0.0000000        8.0000000
        0.0130736      439.7445380    14260.4410812     3279.4304505     7260.8557904     3708.2304718     1071.1801652        1.0812512        1.2198130     1572.6955585        0.0000000        0.0000000        0.0000000        8.0000000
        0.0130581      429.8741595    14219.2465564     3285.0195078     6909.2892440     3665.1206599     1040.2584479        1.0634908        1.2207528     1558.1335539        0.0000000        0.0000000        0.0000000        8.0000000
        0.0130328      419.2040819    14167.7756523     3290.5635778     6568.3446146     3617.9754777     1011.4112447        1.0487967        1.2219340     1539.8754394        0.0000000        0.0000000        0.0000000        8.0000000
        0.0129884      406.7211688    14097.3016167     3295.7640980     6232.4437533     3562.0765687      984.6684398        1.0388504        1.2235641     1514.9192454        0.0000000        0.0000000        0.0000000        8.0000000
        0.0130978      496.4422101    14701.8654176     3186.8378592     7662.8149196     3947.2851690     1065.9662400        0.9993339        1.2100453     1736.6854057        0.0000000        0.0000000        0.0000000        8.0000000
        0.0131181      491.5452181    14704.9319168     3191.1260444     7325.0151657     3927.1793177     1034.2874395        0.9745647        1.2099793     1738.1651371        0.0000000        0.0000000        0.0000000        8.0000000
        0.0131270      485.2770814    14694.3342875     3195.5806294     6995.6005820     3901.3027751     1005.0600940        0.9535780        1.2102074     1734.3144592        0.0000000        0.0000000        0.0000000        8.0000000
        0.0131325      478.5330343    14679.8760608     3199.6107648     6679.8313033     3873.4971085      977.5257046        0.9341882        1.2105191     1728.9028864        0.0000000        0.0000000        0.0000000        8.0000000
        0.0131205      470.5068000    14647.7843804     3204.1521459     6365.3068219     3839.6809270      952.0610742        0.9188257        1.2112130     1716.7218914        0.0000000        0.0000000        0.0000000        8.0000000
        0.0130270      538.2806124    15057.3601171     3094.7786210     7577.7031390     4115.3008764     1025.4102188        0.9137893        1.2025599     1875.7296395        0.0000000        0.0000000        0.0000000        8.0000000
        0.0130627      535.8866226    15080.4376462     3098.0151091     7262.3525218     4106.1494385      995.8786290        0.8887414        1.2020851     1885.1270010        0.0000000        0.0000000        0.0000000        8.0000000
        0.0130879      533.2550614    15093.7689967     3101.7656759     6952.5385927     4095.4619040      968.6613206        0.8666745        1.2018114     1890.5432151        0.0000000        0.0000000        0.0000000        8.0000000
        0.0131090      529.9343707    15102.5229766     3104.9562458     6655.4780631     4082.3049580      943.0431765        0.8462920        1.2016320     1894.0461200        0.0000000        0.0000000        0.0000000        8.0000000
        0.0131184      525.1744899    15098.3453594     3108.0454922     6364.2142855     4063.3768086      919.1616393        0.8287890        1.2017176     1892.2951249        0.0000000        0.0000000        0.0000000        8.0000000
        0.0128838      575.6451743    15378.6017829     2996.8258778     7343.9371078     4260.0761290      979.2101718        0.8362581        1.1960680     2006.4309797        0.0000000        0.0000000        0.0000000        8.0000000
        0.0129207      575.5365552    15412.0720532     2998.8859553     7049.3503199     4259.6604832      952.7959637        0.8131444        1.1954058     2020.3425507        0.0000000        0.0000000        0.0000000        8.0000000
        0.0129471      573.7983106    15431.5098777     3001.2424352     6762.3223360     4253.0278752      928.4935964        0.7932856        1.1950225     2028.3774114        0.0000000        0.0000000        0.0000000        8.0000000
        0.0129813      573.5791509    15460.5129769     3003.5041918     6487.1025438     4252.1901229      904.8946139        0.7727376        1.1944521     2040.3451613        0.0000000        0.0000000        0.0000000        8.0000000
        0.0130036      571.7353453    15476.0067439     3005.6742238     6217.5254954     4245.1436355      882.9856659        0.7549948        1.1941483     2046.6332423        0.0000000        0.0000000        0.0000000        8.0000000
        0.0126653      608.2258317    15674.5148957     2890.4047549     6891.2486954     4382.6436338      922.1566683        0.7600253        1.1903033     2130.9041359        0.0000000        0.0000000        0.0000000        8.0000000
        0.0127013      609.5214315    15712.9399207     2891.5096668     6625.3158501     4387.4484544      899.4645384        0.7398418        1.1895693     2147.2365701        0.0000000        0.0000000        0.0000000        8.0000000
        0.0127362      610.7607105    15749.3014066     2892.7708395     6367.9666708     4392.0399196      877.9847328        0.7208040        1.1888778     2162.6827704        0.0000000        0.0000000        0.0000000        8.0000000
        0.0127589      610.2220639    15771.3749542     2893.8739439     6118.5520905     4390.0439110      858.2872124        0.7045873        1.1884594     2171.9601398        0.0000000        0.0000000        0.0000000        8.0000000
        0.0127889      611.2281786    15803.4607285     2894.7919654     5875.8734403     4393.7703668      838.8341866        0.6875063        1.1878531     2185.5411988        0.0000000        0.0000000        0.0000000        8.0000000
        0.0132142      355.5673945    13414.6749450     3523.6809489     7448.8787063     3323.7401601     1192.2583679        1.3728874        1.2401602     1282.1448240        0.0000000        0.0000000        0.0000000        8.0000000
        0.0130892      333.4316101    13255.4762968     3532.2623387     6987.0026835     3215.5006991     1157.5130902        1.3833448        1.2442546     1231.9135898        0.0000000        0.0000000        0.0000000        8.0000000
        0.0129027      306.2006690    13034.7297649     3540.8929471     6510.9902454     3077.4512295     1127.3907829        1.4154501        1.2500829     1163.7645460        0.0000000        0.0000000        0.0000000        8.0000000
        0.0126235      271.7605785    12722.1507139     3549.4006135     6003.1065701     2894.0297720     1102.4013552        1.4826493        1.2586510     1070.6613133        0.0000000        0.0000000        0.0000000        8.0000000
        0.0120841      217.3394130    12149.6579700     3557.8250030     5361.4696625     2579.5054690     1088.5007538        1.6626707        1.2753837      910.8821596        0.0000000        0.0000000        0.0000000        8.0000000
        0.0135217      425.8528710    14057.3666237     3440.8373373     7781.8329245     3647.3718093     1147.6551429        1.1840026        1.2244944     1499.3191805        0.0000000        0.0000000        0.0000000        8.0000000
        0.0134830      412.0539705    13987.5421425     3448.1174172     7375.3178926     3586.0081233     1112.3896227        1.1694243        1.2261327     1475.3865459        0.0000000        0.0000000        0.0000000        8.0000000
        0.0134147      395.4717000    13888.1040865     3455.2053733     6971.9830420     3510.9348340     1080.4831276        1.1631318        1.2284918     1441.3207446        0.0000000        0.0000000        0.0000000        8.0000000
        0.0133222      376.8639507    13764.5665211     3462.1736629     6574.8665890     3424.8517202     1051.1909978        1.1636344        1.2314659     1399.4159363        0.0000000        0.0000000        0.0000000        8.0000000
        0.0131932      355.0170453    13604.3860967     3469.0234422     6176.1792354     3321.1105425     1024.5593531        1.1741799        1.2353955     1345.9354672        0.0000000        0.0000000        0.0000000        8.0000000
        0.0136700      486.2171807    14573.4770706     3355.3781023     7964.1493620     3905.1404932     1107.8601817        1.0532218        1.2128305     1687.5329350        0.0000000        0.0000000        0.0000000        8.0000000
        0.0136648      476.5926834    14542.5472370     3361.2261531     7582.9488898     3865.1287798     1074.1668045        1.0326606        1.2135082     1676.3829669        0.0000000        0.0000000        0.0000000        8.0000000
        0.0136472      465.8585595    14498.9522377     3366.9890447     7213.3053405     3820.0401734     1043.0257029        1.0157293        1.2144679     1660.4251658        0.0000000        0.0000000        0.0000000        8.0000000
        0.0136184      454.2366476    14444.5691816     3372.5492232     6855.0147184     3770.6516501     1014.0039138        1.0017866        1.2156724     1640.4511890        0.0000000        0.0000000        0.0000000        8.0000000
        0.0135720      440.7075858    14370.8856584     3378.2757528     6502.2245840     3712.3810293      987.0901651        0.9923246        1.2173178     1613.4377073        0.0000000        0.0000000        0.0000000        8.0000000
        0.0136984      538.4473710    15002.7266434     3266.1478928     8015.6561717     4115.8969630     1069.2466407        0.9539228        1.2036892     1853.5808479        0.0000000        0.0000000        0.0000000        8.0000000
        0.0137204      533.1911486    15005.8969473     3270.7045941     7660.1313487     4095.1501860     1037.2263242        0.9300548        1.2036234     1855.1867500        0.0000000        0.0000000        0.0000000        8.0000000
        0.0137275      526.3329657    14994.0284613     3274.9835112     7313.3996712     4067.9322164     1007.7642136        0.9100077        1.2038697     1850.7144781        0.0000000        0.0000000        0.0000000        8.0000000
        0.0137348      519.7216258    14981.3653940     3279.4936673     6980.9874925     4041.5310005      979.9238749        0.8909642        1.2041328     1845.8309593        0.0000000        0.0000000        0.0000000        8.0000000
        0.0137296      511.7997475    14956.2986168     3283.7553728     6655.9652484     4009.6819158      953.9256246        0.8747694        1.2046548     1835.9759164        0.0000000        0.0000000        0.0000000        8.0000000
        0.0136316      584.1219499    15372.2826749     3172.0706976     7935.9915161     4292.2102042     1028.7808190        0.8720283        1.1961933     2003.5085398        0.0000000        0.0000000        0.0000000        8.0000000
        0.0136694      582.3275655    15398.7677764     3175.4056607     7603.4538074     4285.4115035      998.9290938        0.8475862        1.1956687     2014.6955612        0.0000000        0.0000000        0.0000000        8.0000000
        0.0136933      578.7343965    15409.7004647     3178.7009593     7278.7099160     4271.7696424      971.5106486        0.8267869        1.1954527     2019.3397475        0.0000000        0.0000000        0.0000000        8.0000000
        0.0137163      575.2065933    15419.0085708     3182.1158518     6965.8712653     4258.3363255      945.5943443        0.8071191        1.1952689     2023.2189711        0.0000000        0.0000000        0.0000000        8.0000000
        0.0137256      570.0368308    15414.3708130     3185.2313654     6659.0662845     4238.5795335      921.4735084        0.7903103        1.1953605     2021.2218955        0.0000000        0.0000000        0.0000000        8.0000000
        0.0134843      624.8306054    15704.7738011     3071.3814429     7703.9256995     4443.8032485      983.0485484        0.7983323        1.1897251     2143.8796507        0.0000000        0.0000000        0.0000000        8.0000000
        0.0135253      624.8798054    15740.5253136     3073.7191219     7392.7139412     4443.9815113      956.1758448        0.7758642        1.1890444     2159.3177185        0.0000000        0.0000000        0.0000000        8.0000000
        0.0135634      624.7690933    15773.0820199     3076.0072007     7092.5154959     4443.5744416      930.9288911        0.7548969        1.1884270     2173.3389058        0.0000000        0.0000000        0.0000000        8.0000000
        0.0135893      622.8518106    15791.0582262     3078.3716125     6799.2554544     4436.5444198      907.6236745        0.7368803        1.1880872     2181.0056002        0.0000000        0.0000000        0.0000000        8.0000000
        0.0136132      620.8994485    15807.2198142     3080.6281465     6514.8468824     4429.3754182      885.4376730        0.7197764        1.1877822     2187.8272660        0.0000000        0.0000000        0.0000000        8.0000000
        0.0132685      662.1240667    16022.9211621     2962.2117701     7244.8107655     4578.5326823      925.7562145        0.7241897        1.1837657     2282.8806316        0.0000000        0.0000000        0.0000000        8.0000000
        0.0132968      661.8279662    16050.7572013     2963.3855931     6963.5233936     4577.4766495      903.4837063        0.7064983        1.1832546     2295.1439561        0.0000000        0.0000000        0.0000000        8.0000000
        0.0133332      663.2098347    16088.6276731     2964.4926142     6691.2089614     4582.3959277      881.6459665        0.6880991        1.1825617     2311.8573330        0.0000000        0.0000000        0.0000000        8.0000000
        0.0133638      663.4390336    16120.2725355     2965.0667015     6430.3839491     4584.0842639      860.8955593        0.6710942        1.1819851     2325.7759409        0.0000000        0.0000000        0.0000000        8.0000000
        0.0133903      663.9136434    16145.9861811     2966.6051052     6170.3830921     4584.8989963      841.8058272        0.6557994        1.1815181     2337.0235391        0.0000000        0.0000000        0.0000000        8.0000000
        0.0137578      383.5210525    13653.0998170     3604.5561027     7743.8679880     3455.8389648     1194.8559988        1.3149654        1.2341915     1360.1956280        0.0000000        0.0000000        0.0000000        8.0000000
        0.0136128      358.4501523    13476.2249330     3613.4024753     7252.9610655     3337.5722530     1160.6195827        1.3286996        1.2386009     1302.5409120        0.0000000        0.0000000        0.0000000        8.0000000
        0.0134217      330.0168063    13255.2423081     3622.0678239     6761.3257401     3198.4825045     1130.1802733        1.3576967        1.2442607     1232.1758037        0.0000000        0.0000000        0.0000000        8.0000000
        0.0131229      292.7602501    12929.0309097     3630.7650513     6229.3277026     3007.1195135     1105.4500716        1.4238038        1.2529378     1131.9328781        0.0000000        0.0000000        0.0000000        8.0000000
        0.0125483      234.0149862    12333.0996084     3639.5610067     5557.0957577     2679.6047886     1092.1890827        1.6001137        1.2698678      960.5393381        0.0000000        0.0000000        0.0000000        8.0000000
        0.0140909      459.8644478    14322.0942784     3519.3841612     8100.8611483     3794.5951239     1149.7418910        1.1321919        1.2184158     1593.9522712        0.0000000        0.0000000        0.0000000        8.0000000
        0.0140362      443.4824130    14236.7918730     3526.7342692     7667.2622494     3724.3534772     1114.8968780        1.1211710        1.2203519     1563.6336989        0.0000000        0.0000000        0.0000000        8.0000000
        0.0139621      425.5566713    14132.6278854     3533.9654986     7245.1625041     3646.0369016     1082.8969026        1.1154296        1.2227451     1526.7886306        0.0000000        0.0000000        0.0000000        8.0000000
        0.0138635      405.4783976    14003.7995339     3541.2888563     6829.8319445     3556.3932388     1053.5281798        1.1162006        1.2257499     1481.6816122        0.0000000        0.0000000        0.0000000        8.0000000
        0.0137250      381.8895058    13836.6403970     3548.2674820     6412.8506029     3448.2811089     1026.8889223        1.1268137        1.2297248     1424.0902872        0.0000000        0.0000000        0.0000000        8.0000000
        0.0142425      523.8177139    14846.2515813     3431.6762780     8292.1140992     4057.8543149     1110.3354361        1.0086581        1.2069656     1791.6555995        0.0000000        0.0000000        0.0000000        8.0000000
        0.0142454      514.3145099    14822.9780692     3437.2614218     7899.8285916     4019.9652844     1076.0087133        0.9871166        1.2074583     1783.1263292        0.0000000        0.0000000        0.0000000        8.0000000
        0.0142277      503.3741998    14779.7195524     3443.5311912     7512.8963745     3975.4896952     1044.6537022        0.9704924        1.2083778     1766.7627303        0.0000000        0.0000000        0.0000000        8.0000000
        0.0141960      490.7552757    14722.2736603     3449.2558929     7137.4501815     3923.8398809     1015.5400999        0.9573052        1.2096066     1744.9301098        0.0000000        0.0000000        0.0000000        8.0000000
        0.0141450      476.0511550    14644.7109110     3455.0847761     6767.7940541     3862.8369077      988.5593341        0.9484529        1.2112796     1715.5116024        0.0000000        0.0000000        0.0000000        8.0000000
        0.0142787      580.4563934    15291.5986822     3340.1826083     8355.5979836     4278.2550495     1071.8021751        0.9131556        1.1978016     1969.8218385        0.0000000        0.0000000        0.0000000        8.0000000
        0.0143024      574.8499476    15294.9107717     3345.0001331     7983.0140549     4256.9180837     1039.4981811        0.8901150        1.1977353     1971.5698917        0.0000000        0.0000000        0.0000000        8.0000000
        0.0143102      567.4911071    15282.5108275     3349.5552356     7619.6231998     4228.7598698     1009.7955952        0.8707888        1.1979838     1966.7482107        0.0000000        0.0000000        0.0000000        8.0000000
        0.0143161      560.3045150    15268.5491472     3353.9926099     7271.1938747     4201.0899678      981.7814824        0.8525670        1.1982639     1961.1828470        0.0000000        0.0000000        0.0000000        8.0000000
        0.0143107      551.7851524    15242.3509050     3358.5044978     6930.9173878     4168.0655589      955.6127324        0.8369966        1.1987909     1950.5409833        0.0000000        0.0000000        0.0000000        8.0000000
        0.0142275      631.9447447    15688.1776193     3244.0790355     8288.5986053     4469.7283134     1030.8836737        0.8325015        1.1900420     2136.4147652        0.0000000        0.0000000        0.0000000        8.0000000
        0.0142559      628.2069415    15702.6372036     3247.5582793     7934.1698605     4456.0892026     1001.3828640        0.8109682        1.1897658     2142.8643538        0.0000000        0.0000000        0.0000000        8.0000000
        0.0142810      624.3694263    15713.9165530     3250.9399489     7593.3452538     4442.0459241      973.6979446        0.7909014        1.1895507     2147.8386439        0.0000000        0.0000000        0.0000000        8.0000000
        0.0143042      620.5579569    15723.1645605     3254.3064326     7265.1646685     4428.0569904      947.5676969        0.7719925        1.1893746     2151.8414199        0.0000000        0.0000000        0.0000000        8.0000000
        0.0143246      616.7673838    15730.5466456     3257.4281759     6948.2646773     4414.1039702      922.7987124        0.7540987        1.1892341     2154.9532020        0.0000000        0.0000000        0.0000000        8.0000000
        0.0140795      676.1777349    16032.3205753     3141.4295376     8054.8741245     4628.2658972      985.3678848        0.7621871        1.1835929     2287.0286668        0.0000000        0.0000000        0.0000000        8.0000000
        0.0141107      674.3196176    16056.0758050     3143.7328556     7724.3076135     4621.7086600      958.9112037        0.7424331        1.1831571     2297.6931164        0.0000000        0.0000000        0.0000000        8.0000000
        0.0141508      674.2596841    16089.9079763     3146.0325311     7408.8242384     4621.4954076      933.3690299        0.7221734        1.1825384     2312.7923869        0.0000000        0.0000000        0.0000000        8.0000000
        0.0141780      672.2530981    16108.6987842     3148.4099044     7100.8073740     4614.4051009      909.8094473        0.7047636        1.1821958     2321.1038431        0.0000000        0.0000000        0.0000000        8.0000000
        0.0142016      670.1670238    16125.2654721     3150.3990370     6802.9520864     4607.0238056      887.4661198        0.6883261        1.1818943     2328.3541021        0.0000000        0.0000000        0.0000000        8.0000000
        0.0138427      714.4359378    16345.5906214     3029.3895514     7587.9266767     4761.3856271      929.5628719        0.6938580        1.1779383     2428.8436090        0.0000000        0.0000000        0.0000000        8.0000000
        0.0138847      716.2413781    16388.5628056     3030.6262562     7290.9850050     4767.5776979      906.0707655        0.6748184        1.1771781     2448.5340924        0.0000000        0.0000000        0.0000000        8.0000000
        0.0139114      715.7843333    16414.6346811     3031.6201570     7003.9955071     4766.0094730      884.7136657        0.6587770        1.1767186     2460.4023051        0.0000000        0.0000000        0.0000000        8.0000000
        0.0139497      717.3519860    16452.7055977     3032.9145320     6725.8574311     4771.3819533      863.6448519        0.6418362        1.1760500     2477.8037297        0.0000000        0.0000000        0.0000000        8.0000000
        0.0139748      716.8629873    16475.9086974     3034.1118088     6455.0616427     4769.7058783      844.2113066        0.6273054        1.1756440     2488.2821722        0.0000000        0.0000000        0.0000000        8.0000000
        0.0142740      410.3364233    13873.0532136     3680.5286880     8021.1713075     3578.2352523     1197.2590975        1.2651160        1.2288515     1434.4732734        0.0000000        0.0000000        0.0000000        8.0000000
        0.0141306      384.5920899    13699.5548949     3689.6998841     7516.8523969     3460.7870101     1162.5679099        1.2760413        1.2330506     1376.2379917        0.0000000        0.0000000        0.0000000        8.0000000
        0.0139168      352.9423003    13459.7053984     3698.6275267     6997.0131090     3311.0454847     1132.6749422        1.3075569        1.2390182     1297.5472926        0.0000000        0.0000000        0.0000000        8.0000000
        0.0136079      313.8444311    13129.6502020     3707.4259351     6448.1065999     3116.7707467     1107.8222120        1.3698825        1.2475548     1193.1607649        0.0000000        0.0000000        0.0000000        8.0000000
        0.0129983      250.7518770    12511.2120459     3716.4022697     5746.2875788     2776.6499297     1095.1801146        1.5425122        1.2646535     1010.1499882        0.0000000        0.0000000        0.0000000        8.0000000
        0.0146338      492.5453286    14566.5333373     3593.6608041     8401.0216468     3931.1578234     1151.6621714        1.0876591        1.2129824     1684.1981748        0.0000000        0.0000000        0.0000000        8.0000000
        0.0145860      476.4043172    14489.1615543     3601.0517678     7956.6622939     3864.2636958     1116.2322758        1.0747437        1.2146841     1655.9128929        0.0000000        0.0000000        0.0000000        8.0000000
        0.0145068      457.0666762    14380.1802424     3608.6379582     7515.9842493     3782.6591750     1084.2238709        1.0695470        1.2171094     1616.1217301        0.0000000        0.0000000        0.0000000        8.0000000
        0.0143994      435.3517959    14245.1388038     3615.8765027     7082.2061987     3689.0025164     1054.8960433        1.0707773        1.2201616     1567.3318506        0.0000000        0.0000000        0.0000000        8.0000000
        0.0142510      409.8919027    14070.6412389     3622.9803844     6646.8780860     3576.2614314     1028.3147682        1.0815033        1.2241846     1505.3218305        0.0000000        0.0000000        0.0000000        8.0000000
        0.0148133      563.3177810    15122.9917524     3503.8797832     8617.2720588     4212.6597698     1111.5319957        0.9657172        1.2012131     1900.8666381        0.0000000        0.0000000        0.0000000        8.0000000
        0.0148044      552.0653844    15087.9951881     3509.9103673     8199.9972073     4169.1017426     1077.5538967        0.9469731        1.2019299     1887.3826963        0.0000000        0.0000000        0.0000000        8.0000000
        0.0147826      539.5414380    15039.6734653     3515.9897214     7795.7466720     4120.1134125     1046.1673265        0.9315624        1.2029246     1868.4998397        0.0000000        0.0000000        0.0000000        8.0000000
        0.0147481      525.9683075    14979.5635911     3521.8610665     7404.0765994     4066.3954459     1016.9539376        0.9189785        1.2041702     1844.9397746        0.0000000        0.0000000        0.0000000        8.0000000
        0.0146925      510.1236885    14898.3339122     3527.7115376     7018.4106286     4002.8311210      989.9124066        0.9106498        1.2058681     1813.1702424        0.0000000        0.0000000        0.0000000        8.0000000
        0.0148576      624.5815730    15584.5175704     3410.2882950     8691.6305348     4442.7660680     1073.0412239        0.8738763        1.1920354     2091.7384148        0.0000000        0.0000000        0.0000000        8.0000000
        0.0148691      616.6363768    15574.0868961     3415.2042229     8294.9997295     4413.5630586     1041.1587247        0.8538793        1.1922374     2087.7482158        0.0000000        0.0000000        0.0000000        8.0000000
        0.0148885      610.5780453    15573.6875138     3419.7561546     7922.2261744     4391.1726802     1010.7866000        0.8333159        1.1922451     2087.8660995        0.0000000        0.0000000        0.0000000        8.0000000
        0.0148828      601.0461169    15546.1353662     3424.4980575     7551.7899228     4355.7272022      983.1184049        0.8177365        1.1927797     2076.3898396        0.0000000        0.0000000        0.0000000        8.0000000
        0.0148748      591.8134519    15518.0092858     3428.8607204     7196.3668122     4321.1344924      956.8462217        0.8028686        1.1933272     2064.6048980        0.0000000        0.0000000        0.0000000        8.0000000
        0.0147975      678.2460729    15981.3172038     3312.1578820     8624.9205147     4635.4880450     1032.9948453        0.7985806        1.1845327     2264.0059373        0.0000000        0.0000000        0.0000000        8.0000000
        0.0148264      674.2267432    15995.9395940     3315.5861999     8253.9985115     4621.3160658     1003.2548520        0.7778090        1.1842627     2270.7625649        0.0000000        0.0000000        0.0000000        8.0000000
        0.0148650      672.1521221    16020.9708565     3319.0438938     7903.3113558     4613.9843140      974.7970655        0.7565866        1.1838016     2282.0262838        0.0000000        0.0000000        0.0000000        8.0000000
        0.0148759      666.0403410    16016.5834563     3322.3663247     7554.5160697     4592.3257858      949.0508163        0.7402366        1.1838823     2280.1158617        0.0000000        0.0000000        0.0000000        8.0000000
        0.0148976      662.0288843    16024.2887422     3325.6233248     7223.5775131     4578.0578870      924.1091368        0.7229540        1.1837405     2283.4817654        0.0000000        0.0000000        0.0000000        8.0000000
        0.0146468      725.8362889    16335.6811266     3207.3022128     8391.9752248     4800.3015679      987.8572036        0.7313568        1.1781142     2424.2103108        0.0000000        0.0000000        0.0000000        8.0000000
        0.0146921      726.0189737    16374.2288984     3209.6542852     8049.2095403     4800.9214984      960.4186439        0.7103982        1.1774313     2442.0671223        0.0000000        0.0000000        0.0000000        8.0000000
        0.0147220      723.9717369    16395.9135536     3211.9335021     7715.9489346     4793.9422854      935.3373330        0.6925825        1.1770484     2452.0765697        0.0000000        0.0000000        0.0000000        8.0000000
        0.0147483      721.7695164    16414.7401218     3213.9882407     7393.9330193     4786.4247448      911.6295590        0.6758534        1.1767168     2460.6884643        0.0000000        0.0000000        0.0000000        8.0000000
        0.0147791      721.2659236    16442.6396839     3216.2793375     7084.0402585     4784.9728102      888.3644843        0.6585123        1.1762265     2473.4399005        0.0000000        0.0000000        0.0000000        8.0000000
        0.0144153      769.2460447    16671.9267568     3092.9521205     7920.6090257     4946.1314760      931.8002190        0.6644227        1.1722546     2581.5927736        0.0000000        0.0000000        0.0000000        8.0000000
        0.0144454      768.9492626    16701.7278335     3093.8803654     7608.8397871     4945.1470042      908.9285673        0.6478656        1.1717457     2595.6846886        0.0000000        0.0000000        0.0000000        8.0000000
        0.0144876      770.8221933    16743.6923703     3095.1401737     7307.6882479     4951.3458164      886.4677515        0.6305159        1.1710318     2615.5566080        0.0000000        0.0000000        0.0000000        8.0000000
        0.0145154      770.3947577    16769.4101084     3096.3340184     7015.3636264     4949.9304872      865.8857792        0.6157411        1.1705959     2627.6291674        0.0000000        0.0000000        0.0000000        8.0000000
        0.0145409      769.8577474    16793.1410223     3097.3819777     6731.1951790     4948.1524611      846.2398026        0.6017021        1.1701948     2638.7095828        0.0000000        0.0000000        0.0000000        8.0000000
        0.0147887      438.5137511    14097.3373140     3752.5548316     8297.8538290     3702.7373127     1198.4897802        1.2165338        1.2235633     1512.4991912        0.0000000        0.0000000        0.0000000        8.0000000
        0.0146353      410.8687221    13916.5515657     3761.8929413     7772.7929309     3580.6066179     1163.9174341        1.2277099        1.2278137     1450.0148516        0.0000000        0.0000000        0.0000000        8.0000000
        0.0144077      376.9078387    13667.0937453     3770.9899625     7231.5469208     3424.9854686     1134.2120087        1.2589677        1.2338471     1365.7850476        0.0000000        0.0000000        0.0000000        8.0000000
        0.0140727      334.1594596    13316.4370745     3780.2808048     6654.5284451     3219.0895955     1109.9417388        1.3226384        1.2426762     1251.7767605        0.0000000        0.0000000        0.0000000        8.0000000
        0.0134362      267.5183342    12684.1637043     3789.2211056     5929.3206231     2870.7643303     1097.5764174        1.4893570        1.2597185     1059.6484683        0.0000000        0.0000000        0.0000000        8.0000000
        0.0151742      526.9167803    14815.6414315     3663.7205309     8700.5339660     4070.1232400     1152.4663803        1.0444118        1.2076139     1779.0400652        0.0000000        0.0000000        0.0000000        8.0000000
        0.0151101      507.9598851    14722.1410430     3671.4063891     8229.3627523     3994.0275990     1117.5569898        1.0347447        1.2096095     1743.7185957        0.0000000        0.0000000        0.0000000        8.0000000
        0.0150248      487.2438725    14608.5883530     3679.0460436     7771.0241606     3909.2801291     1085.5342559        1.0300191        1.2120643     1701.0563044        0.0000000        0.0000000        0.0000000        8.0000000
        0.0149105      464.0151129    14468.3126072     3686.4727601     7320.0579733     3812.1494262     1056.2083481        1.0315062        1.2151455     1648.9215520        0.0000000        0.0000000        0.0000000        8.0000000
        0.0147537      436.8015632    14287.4652250     3693.8659015     6867.5719164     3695.3079748     1029.6502148        1.0421989        1.2191992     1582.8308635        0.0000000        0.0000000        0.0000000        8.0000000
        0.0153555      601.1372976    15377.8746891     3571.9320115     8924.0777887     4356.0153558     1112.8121149        0.9289342        1.1960824     2004.6373927        0.0000000        0.0000000        0.0000000        8.0000000
        0.0153477      589.1837656    15341.7480962     3578.5203058     8490.0552433     4311.1796350     1078.6808138        0.9108122        1.1968002     1990.3093314        0.0000000        0.0000000        0.0000000        8.0000000
        0.0153266      577.1817308    15301.4177983     3584.5256965     8075.0696621     4265.9033610     1046.3070054        0.8939903        1.1976051     1974.1631526        0.0000000        0.0000000        0.0000000        8.0000000
        0.0152857      561.1989213    15228.1184083     3590.6545416     7661.8374545     4204.4598214     1017.9412510        0.8840801        1.1990779     1944.5093091        0.0000000        0.0000000        0.0000000        8.0000000
        0.0152368      545.8397603    15155.4243574     3596.3430981     7267.5405127     4144.7914318      990.4725502        0.8742620        1.2005515     1915.2457768        0.0000000        0.0000000        0.0000000        8.0000000
        0.0154100      667.0242102    15855.3555133     3476.6607662     9010.4852309     4595.7622617     1074.3833541        0.8401503        1.1868772     2208.0958529        0.0000000        0.0000000        0.0000000        8.0000000
        0.0154326      660.4917729    15857.3013135     3481.3336528     8604.6649947     4572.5215347     1041.8124264        0.8189404        1.1868407     2209.4117177        0.0000000        0.0000000        0.0000000        8.0000000
        0.0154405      652.0346986    15843.1891355     3486.2087153     8209.1476417     4542.2687952     1011.8434436        0.8010762        1.1871055     2203.5661491        0.0000000        0.0000000        0.0000000        8.0000000
        0.0154452      643.7289008    15827.1601695     3490.8109381     7830.1512509     4512.3722328      983.6103290        0.7842862        1.1874067     2196.7660665        0.0000000        0.0000000        0.0000000        8.0000000
        0.0154363      633.8282723    15797.5491897     3495.3460733     7460.0650916     4476.4906803      957.2847059        0.7700471        1.1879646     2183.9699506        0.0000000        0.0000000        0.0000000        8.0000000
        0.0153511      724.5778777    16264.2246918     3376.2994211     8950.7997583     4795.9479937     1034.6333945        0.7677846        1.1793879     2391.0627270        0.0000000        0.0000000        0.0000000        8.0000000
        0.0153945      722.5168207    16293.3371838     3379.7965590     8570.2655953     4788.9137966     1004.0689624        0.7458151        1.1788677     2404.6790616        0.0000000        0.0000000        0.0000000        8.0000000
        0.0154207      718.1142668    16304.7261631     3383.1874138     8198.5307837     4773.8595053      976.0564366        0.7272032        1.1786647     2410.0652853        0.0000000        0.0000000        0.0000000        8.0000000
        0.0154452      713.7555060    16313.9313538     3386.6534419     7840.8625211     4758.9113162      949.6378649        0.7096817        1.1785008     2414.3361867        0.0000000        0.0000000        0.0000000        8.0000000
        0.0154551      707.3674700    16307.9905861     3390.0497420     7490.1884399     4736.9249364      925.0583952        0.6946900        1.1786065     2411.5602356        0.0000000        0.0000000        0.0000000        8.0000000
        0.0151999      775.6967164    16629.3649913     3269.6544200     8719.4044728     4967.3826353      989.8430571        0.7032577        1.1729843     2561.2642983        0.0000000        0.0000000        0.0000000        8.0000000
        0.0152474      776.0155789    16669.5130810     3271.9599922     8362.4051067     4968.4319112      962.1997393        0.6829438        1.1722959     2580.4544169        0.0000000        0.0000000        0.0000000        8.0000000
        0.0152784      773.8626255    16691.9164432     3274.2206268     8014.4730260     4961.3255969      936.9086008        0.6656886        1.1719130     2591.1304950        0.0000000        0.0000000        0.0000000        8.0000000
        0.0153190      773.8185540    16725.4734652     3276.3387534     7682.4933088     4961.1788458      912.4383801        0.6478948        1.1713413     2607.0595978        0.0000000        0.0000000        0.0000000        8.0000000
        0.0153455      771.5451626    16743.2957860     3278.5097882     7357.1621640     4953.6654449      889.7579364        0.6325570        1.1710385     2615.4026996        0.0000000        0.0000000        0.0000000        8.0000000
        0.0149624      822.2315267    16974.4755658     3153.1249231     8244.1572363     5118.7476763      934.4139156        0.6393221        1.1671637     2727.8506397        0.0000000        0.0000000        0.0000000        8.0000000
        0.0150019      822.5623762    17009.3985811     3153.9931680     7919.6353361     5119.4192517      911.2742392        0.6229025        1.1665867     2744.9141850        0.0000000        0.0000000        0.0000000        8.0000000
        0.0150386      824.0811460    17049.2681903     3155.2707489     7602.4661481     5124.6720275      888.5178541        0.6063325        1.1659306     2764.3831799        0.0000000        0.0000000        0.0000000        8.0000000
        0.0150678      823.6831950    17076.0111602     3156.4547743     7296.5362457     5123.3961508      867.7040272        0.5919799        1.1654921     2777.3433873        0.0000000        0.0000000        0.0000000        8.0000000
        0.0151073      825.4855159    17114.6963688     3157.5770504     7000.4837156     5129.1665053      847.2306061        0.5769154        1.1648600     2796.1925539        0.0000000        0.0000000        0.0000000        8.0000000
        0.0152794      465.3964030    14304.0112071     3821.0731416     8557.8876090     3817.9487565     1199.7473743        1.1745609        1.2188245     1586.4331638        0.0000000        0.0000000        0.0000000        8.0000000
        0.0151157      435.9402772    14116.5325959     3830.3320935     8013.3313603     3691.5110767     1165.2729794        1.1859128        1.2231178     1519.9030922        0.0000000        0.0000000        0.0000000        8.0000000
        0.0148871      400.9866149    13868.9915384     3839.7430842     7459.4324258     3535.9766148     1135.2638967        1.2141332        1.2289487     1434.0910750        0.0000000        0.0000000        0.0000000        8.0000000
        0.0145323      355.3354371    13505.6494833     3849.0589988     6860.0900353     3322.5817437     1111.2935388        1.2768100        1.2378601     1312.7541539        0.0000000        0.0000000        0.0000000        8.0000000
        0.0138628      284.3348267    12852.4716001     3858.3349341     6106.9944179     2962.3271476     1099.4896889        1.4401222        1.2550325     1109.0794827        0.0000000        0.0000000        0.0000000        8.0000000
        0.0156886      559.7118585    15044.7915814     3730.2066652     8982.4533263     4198.6702564     1153.4040823        1.0072410        1.2028190     1868.8375469        0.0000000        0.0000000        0.0000000        8.0000000
        0.0156331      541.2183504    14960.3799700     3737.9920787     8502.4836484     4126.6297703     1117.9515079        0.9956805        1.2045697     1836.1383784        0.0000000        0.0000000        0.0000000        8.0000000
        0.0155412      519.0126176    14841.9606279     3745.6627786     8026.3293219     4038.5345486     1085.9844397        0.9914517        1.2070563     1790.3536512        0.0000000        0.0000000        0.0000000        8.0000000
        0.0154214      494.1933164    14696.3308843     3753.6289129     7558.1651212     3937.8805871     1056.7178255        0.9931893        1.2101644     1734.6742974        0.0000000        0.0000000        0.0000000        8.0000000
        0.0152547      465.0617300    14508.3582596     3761.1543795     7088.2122087     3816.5597244     1030.2651803        1.0039767        1.2142604     1664.0297126        0.0000000        0.0000000        0.0000000        8.0000000
        0.0158867      639.1172933    15625.5183566     3636.9340074     9222.1350710     4495.6402951     1113.6302367        0.8951265        1.1912441     2108.4154238        0.0000000        0.0000000        0.0000000        8.0000000
        0.0158879      628.2295251    15600.4839586     3643.0348425     8779.9126704     4456.0252885     1078.9188371        0.8756694        1.1917268     2098.4106031        0.0000000        0.0000000        0.0000000        8.0000000
        0.0158612      613.8449862    15547.2568667     3649.3685730     8342.7952029     4403.1752036     1047.4433341        0.8616113        1.1927579     2076.3473585        0.0000000        0.0000000        0.0000000        8.0000000
        0.0158211      598.2750889    15481.6163982     3655.5666607     7919.5979325     4345.2898328     1018.1638737        0.8501821        1.1940384     2049.0729614        0.0000000        0.0000000        0.0000000        8.0000000
        0.0157559      580.0436935    15392.9503652     3661.4936076     7502.8069071     4276.5744098      991.1132899        0.8428342        1.1957838     2012.3248784        0.0000000        0.0000000        0.0000000        8.0000000
        0.0159468      709.4525071    16117.1150648     3539.3377398     9319.7490953     4744.0556358     1075.3462511        0.8093904        1.1820426     2323.8972778        0.0000000        0.0000000        0.0000000        8.0000000
        0.0159706      702.5426293    16118.9883891     3544.1997102     8898.2980078     4720.1966838     1042.6301494        0.7888661        1.1820085     2325.2421421        0.0000000        0.0000000        0.0000000        8.0000000
        0.0159798      694.4822301    16107.1536200     3549.7532291     8487.4388081     4691.9551335     1012.3513017        0.7711541        1.1822239     2320.2685047        0.0000000        0.0000000        0.0000000        8.0000000
        0.0159831      684.7244900    16087.2103902     3553.9918312     8094.1285405     4658.1466614      984.2317937        0.7554260        1.1825876     2311.5291971        0.0000000        0.0000000        0.0000000        8.0000000
        0.0159734      674.1667525    16056.2876151     3558.6722745     7709.8779751     4621.0120623      957.8252078        0.7417032        1.1831532     2297.7887164        0.0000000        0.0000000        0.0000000        8.0000000
        0.0159063      773.4603904    16553.4530796     3437.2793046     9274.4123609     4959.9351172     1035.1564289        0.7376583        1.1742944     2524.9736218        0.0000000        0.0000000        0.0000000        8.0000000
        0.0159365      768.8898922    16568.2809153     3440.7326503     8871.7621315     4944.8144695     1005.1094139        0.7183296        1.1740376     2532.2901370        0.0000000        0.0000000        0.0000000        8.0000000
        0.0159643      764.2696842    16580.1095242     3444.2842284     8485.3461855     4929.4856396      976.9343325        0.7002856        1.1738331     2538.0559967        0.0000000        0.0000000        0.0000000        8.0000000
        0.0159893      759.6338850    16589.2766230     3447.7659361     8113.5908417     4914.0605088      950.3941961        0.6833571        1.1736748     2542.4440881        0.0000000        0.0000000        0.0000000        8.0000000
        0.0160085      754.0065020    16593.2354275     3450.5527271     7755.0075043     4895.6502886      925.3255623        0.6676853        1.1736065     2544.2638612        0.0000000        0.0000000        0.0000000        8.0000000
        0.0157513      828.0803199    16928.2392439     3328.4437677     9043.3704680     5137.3996080      990.7760791        0.6758963        1.1679309     2705.0632575        0.0000000        0.0000000        0.0000000        8.0000000
        0.0157864      825.9927788    16954.5384869     3330.6803853     8667.0972400     5130.7224883      963.6794713        0.6579898        1.1674940     2718.0685868        0.0000000        0.0000000        0.0000000        8.0000000
        0.0158314      826.1152889    16991.9036122     3332.8304047     8309.0691585     5131.1125882      937.5832823        0.6396771        1.1668755     2736.4187144        0.0000000        0.0000000        0.0000000        8.0000000
        0.0158625      823.8452988    17012.7937966     3335.2822235     7959.2625176     5123.8442454      913.5189351        0.6239311        1.1665307     2746.6015263        0.0000000        0.0000000        0.0000000        8.0000000
        0.0158899      821.4493697    17031.0938126     3337.4419645     7620.7137084     5116.1628539      890.6931184        0.6090747        1.1662293     2755.4289481        0.0000000        0.0000000        0.0000000        8.0000000
        0.0154939      875.1985588    17266.5146424     3209.8936015     8559.5721297     5285.9903888      936.6973394        0.6164926        1.1624043     2873.2880934        0.0000000        0.0000000        0.0000000        8.0000000
        0.0155429      877.7049079    17314.8267229     3211.0577468     8219.1937902     5293.7798007      912.3817417        0.5990489        1.1616311     2897.6473746        0.0000000        0.0000000        0.0000000        8.0000000
        0.0155754      877.4513578    17344.8612500     3212.2031378     7889.6201255     5292.9905151      890.2482978        0.5842890        1.1611524     2912.7137848        0.0000000        0.0000000        0.0000000        8.0000000
        0.0156197      879.6103251    17387.4095536     3213.4563692     7571.7260879     5299.6930605      868.5448339        0.5688570        1.1604769     2934.1188027        0.0000000        0.0000000        0.0000000        8.0000000
        0.0156474      879.0787739    17412.6894490     3214.4826637     7261.8504917     5298.0425233      848.5696517        0.5556951        1.1600769     2946.6886491        0.0000000        0.0000000        0.0000000        8.0000000
        0.0162508      522.3726970    14724.0776261     3948.0421224     9075.0600079     4051.9192539     1199.9919761        1.0947139        1.2095679     1742.8251693        0.0000000        0.0000000        0.0000000        8.0000000
        0.0160560      487.5285894    14511.1016996     3957.9828070     8482.5137582     3910.3793887     1166.3461038        1.1089279        1.2141999     1663.2066710        0.0000000        0.0000000        0.0000000        8.0000000
        0.0158027      448.1891137    14247.1130189     3967.7145678     7889.9450976     3744.5511009     1136.6889236        1.1365800        1.2201166     1567.0250401        0.0000000        0.0000000        0.0000000        8.0000000
        0.0154214      397.9686445    13870.3433182     3977.1598579     7255.3519768     3522.2395794     1112.8675407        1.1947669        1.2289164     1434.8529592        0.0000000        0.0000000        0.0000000        8.0000000
        0.0146820      317.6698733    13172.2324668     3987.1514395     6445.1616945     3136.3789587     1102.3157526        1.3530500        1.2464315     1206.4442280        0.0000000        0.0000000        0.0000000        8.0000000
        0.0166982      627.4421832    15497.8153621     3854.2147568     9533.1531720     4453.0737533     1153.5807790        0.9388681        1.1937214     2053.6720168        0.0000000        0.0000000        0.0000000        8.0000000
        0.0166347      606.5269750    15406.5140078     3862.2915219     9019.2236862     4375.9855631     1118.2111812        0.9284775        1.1955156     2016.3888530        0.0000000        0.0000000        0.0000000        8.0000000
        0.0165308      581.4038328    15278.9303077     3870.2189248     8509.2754903     4281.6654742     1086.3771853        0.9250720        1.1980556     1964.4262511        0.0000000        0.0000000        0.0000000        8.0000000
        0.0163951      553.3276661    15122.5566431     3878.1500354     8008.0728659     4173.8908539     1057.2714308        0.9273266        1.2012220     1901.4856388        0.0000000        0.0000000        0.0000000        8.0000000
        0.0162101      520.4681407    14921.7526992     3885.9786991     7505.2273107     4044.3307386     1031.0039281        0.9381159        1.2053768     1822.0894166        0.0000000        0.0000000        0.0000000        8.0000000
        0.0169242      717.3655683    16113.2458945     3757.1654648     9803.2750885     4771.1524194     1113.7030056        0.8333448        1.1821130     2321.3957679        0.0000000        0.0000000        0.0000000        8.0000000
        0.0169231      705.0543750    16085.1994977     3763.4844288     9329.4865816     4728.7974068     1078.9619100        0.8153502        1.1826243     2309.5357647        0.0000000        0.0000000        0.0000000        8.0000000
        0.0168927      688.8138735    16027.5230034     3770.2329569     8861.2573504     4672.3736885     1047.4768364        0.8024071        1.1836811     2284.3146281        0.0000000        0.0000000        0.0000000        8.0000000
        0.0168459      671.1679836    15956.2473012     3776.5877303     8407.9369515     4610.3324989     1018.2284085        0.7920087        1.1849966     2253.0850175        0.0000000        0.0000000        0.0000000        8.0000000
        0.0167728      650.5516989    15860.8632419     3782.8126562     7961.7217415     4536.8384207      991.2202353        0.7854231        1.1867740     2211.4188051        0.0000000        0.0000000        0.0000000        8.0000000
        0.0170029      797.2287632    16634.4535057     3656.3658886     9922.8411099     5037.7758090     1075.5735911        0.7529376        1.1728969     2562.5253866        0.0000000        0.0000000        0.0000000        8.0000000
        0.0170272      789.4338267    16635.3525390     3661.3891568     9470.6666550     5012.3410821     1042.7419826        0.7338272        1.1728815     2563.5234814        0.0000000        0.0000000        0.0000000        8.0000000
        0.0170344      779.2818648    16618.4786549     3666.6589464     9030.0754972     4979.0339551     1012.5816100        0.7178057        1.1731715     2555.9140750        0.0000000        0.0000000        0.0000000        8.0000000
        0.0170373      769.2818100    16599.3128999     3671.5216073     8608.3677036     4946.0198602      984.2078503        0.7027971        1.1735016     2547.0811185        0.0000000        0.0000000        0.0000000        8.0000000
        0.0170231      757.2489091    16564.8238807     3676.1067691     8196.3969419     4906.0187428      957.7846890        0.6901676        1.1740974     2530.9121195        0.0000000        0.0000000        0.0000000        8.0000000
        0.0169528      867.0730690    17079.5072346     3550.5963189     9883.7494293     5260.5164472     1036.5852243        0.6879605        1.1654349     2778.9754081        0.0000000        0.0000000        0.0000000        8.0000000
        0.0170008      864.7096165    17110.5623981     3554.1909484     9458.7365033     5253.1228114     1005.6410585        0.6680490        1.1649274     2794.8018979        0.0000000        0.0000000        0.0000000        8.0000000
        0.0170284      859.4319611    17121.7446748     3557.6383348     9043.3283419     5236.5819755      977.3296931        0.6512611        1.1647451     2800.5951672        0.0000000        0.0000000        0.0000000        8.0000000
        0.0170546      854.2284613    17130.8503022     3561.2223193     8644.2122022     5220.2258075      950.6449558        0.6354438        1.1645968     2805.2154193        0.0000000        0.0000000        0.0000000        8.0000000
        0.0170648      846.5974764    17123.4379332     3564.8793558     8253.1283482     5196.1531616      925.8497268        0.6219380        1.1647175     2801.4801915        0.0000000        0.0000000        0.0000000        8.0000000
        0.0167948      928.8250937    17473.6567152     3438.1208160     9658.7971610     5450.3139716      993.0853244        0.6307047        1.1591167     2978.7829538        0.0000000        0.0000000        0.0000000        8.0000000
        0.0168473      929.3569007    17517.1866616     3440.3471663     9258.4693862     5451.9167045      964.9301378        0.6121852        1.1584348     3001.4479897        0.0000000        0.0000000        0.0000000        8.0000000
        0.0168910      927.5582266    17545.4740678     3442.5575410     8870.6631765     5446.1290827      939.2914763        0.5962059        1.1579934     3016.1421318        0.0000000        0.0000000        0.0000000        8.0000000
        0.0169282      927.0526057    17578.1225192     3444.8800239     8496.6728452     5444.9463062      914.3278861        0.5802473        1.1574855     3033.0167526        0.0000000        0.0000000        0.0000000        8.0000000
        0.0169568      924.3773333    17596.9294873     3447.0144578     8132.4923578     5436.8465202      891.3310454        0.5663491        1.1571938     3042.6107625        0.0000000        0.0000000        0.0000000        8.0000000
        0.0165384      984.6299517    17842.3298095     3315.7086705     9169.1987417     5616.6403367      939.3215777        0.5744569        1.1534380     3172.3970820        0.0000000        0.0000000        0.0000000        8.0000000
        0.0165918      987.6232519    17893.9133948     3316.8297701     8801.4317288     5625.4260621      914.6235103        0.5579556        1.1526605     3199.9029240        0.0000000        0.0000000        0.0000000        8.0000000
        0.0166264      987.3973136    17925.5876334     3317.8729428     8445.0554615     5624.7614086      892.1714212        0.5440386        1.1521851     3216.7116338        0.0000000        0.0000000        0.0000000        8.0000000
        0.0166664      987.7326656    17959.0574796     3318.9599391     8102.6150919     5625.4538264      870.8250640        0.5305911        1.1516845     3234.4390053        0.0000000        0.0000000        0.0000000        8.0000000
        0.0167050      989.6019259    17998.3086296     3320.0875387     7768.8934389     5631.2241426      849.9914634        0.5170630        1.1510995     3255.2506409        0.0000000        0.0000000        0.0000000        8.0000000
        0.0171724      578.2091894    15112.8413933     4064.6266814     9558.6501233     4269.4715303     1199.5817727        1.0280611        1.2014207     1894.8997649        0.0000000        0.0000000        0.0000000        8.0000000
        0.0169714      541.0418590    14898.9465701     4074.7145171     8938.4319578     4125.8403175     1165.7681877        1.0398639        1.2058552     1811.1310392        0.0000000        0.0000000        0.0000000        8.0000000
        0.0166807      495.5989538    14607.0057566     4084.9618006     8299.4171050     3943.5652760     1136.9963973        1.0693482        1.2120988     1699.6780476        0.0000000        0.0000000        0.0000000        8.0000000
        0.0162665      439.8572310    14209.4870761     4094.9690742     7625.6146592     3708.5329620     1113.6557355        1.1255096        1.2209762     1553.8408898        0.0000000        0.0000000        0.0000000        8.0000000
        0.0154712      351.6538541    13481.8844061     4104.9619535     6769.9945000     3304.9156370     1103.7656852        1.2756719        1.2384582     1305.0860991        0.0000000        0.0000000        0.0000000        8.0000000
        0.0176673      695.6449950    15928.8009817     3967.5629397    10057.6893535     4696.1124229     1152.7014905        0.8800249        1.1855061     2238.5883644        0.0000000        0.0000000        0.0000000        8.0000000
        0.0175940      672.2102284    15830.3709679     3975.6613130     9511.0713032     4613.9475058     1117.5098819        0.8707145        1.1873463     2196.4006343        0.0000000        0.0000000        0.0000000        8.0000000
        0.0174808      644.2109126    15694.6362175     3984.2440666     8969.2132796     4513.9375886     1085.8311082        0.8678905        1.1899186     2138.4247826        0.0000000        0.0000000        0.0000000        8.0000000
        0.0173311      612.8589522    15528.0886437     3992.4879876     8436.4804274     4399.4192392     1056.9233780        0.8705350        1.1931308     2068.1572547        0.0000000        0.0000000        0.0000000        8.0000000
        0.0171315      577.6487204    15325.5345330     4000.4876186     7908.5808241     4267.4982290     1030.0359369        0.8792504        1.1971233     1984.2284157        0.0000000        0.0000000        0.0000000        8.0000000
        0.0179235      796.3912762    16578.0125232     3867.4551327    10357.6764358     5034.9648338     1112.7364302        0.7801921        1.1738693     2535.0373786        0.0000000        0.0000000        0.0000000        8.0000000
        0.0179206      782.6468266    16547.1682059     3874.0416347     9853.8223760     4990.0149707     1078.0394084        0.7634524        1.1744033     2521.3043214        0.0000000        0.0000000        0.0000000        8.0000000
        0.0178847      764.4421861    16484.6234887     3880.9464811     9355.6005392     4929.8872706     1046.6409490        0.7515532        1.1754917     2492.5729665        0.0000000        0.0000000        0.0000000        8.0000000
        0.0178313      744.6710916    16407.9018102     3887.4472185     8873.4265743     4863.7953612     1017.4764202        0.7420381        1.1768371     2457.2827487        0.0000000        0.0000000        0.0000000        8.0000000
        0.0177493      721.5811539    16305.7108277     3893.8205210     8398.8809765     4785.5238531      990.5706301        0.7361458        1.1786472     2410.4417750        0.0000000        0.0000000        0.0000000        8.0000000
        0.0180196      885.9572514    17127.2753188     3763.5048463    10498.8430113     5319.1296083     1074.8166143        0.7044778        1.1646550     2801.9910707        0.0000000        0.0000000        0.0000000        8.0000000
        0.0180436      877.2232259    17126.9194239     3768.6029398    10017.1726749     5292.0521303     1041.9642443        0.6866366        1.1646608     2802.4488786        0.0000000        0.0000000        0.0000000        8.0000000
        0.0180491      865.8380148    17107.8127583     3773.9647304     9547.9121007     5256.5602866     1011.8025723        0.6717143        1.1649723     2793.3664577        0.0000000        0.0000000        0.0000000        8.0000000
        0.0180495      854.5884563    17086.1603984     3778.8244516     9098.9083365     5221.2694623      983.4389196        0.6577593        1.1653260     2782.8683374        0.0000000        0.0000000        0.0000000        8.0000000
        0.0180330      841.1484027    17048.7810570     3783.6463489     8660.6447298     5178.8114248      957.0281347        0.6460089        1.1659386     2764.4631003        0.0000000        0.0000000        0.0000000        8.0000000
        0.0179756      964.2272756    17595.0673387     3654.5000631    10472.5979692     5556.2465860     1036.2971399        0.6436308        1.1572226     3041.1343244        0.0000000        0.0000000        0.0000000        8.0000000
        0.0180261      961.6177653    17627.0410177     3658.1111050    10019.3804982     5548.4930287     1005.2423581        0.6249359        1.1567278     3058.2832069        0.0000000        0.0000000        0.0000000        8.0000000
        0.0180547      955.7486200    17638.0592996     3661.6408850     9576.4326111     5531.0220340      976.8483161        0.6091947        1.1565576     3064.3075987        0.0000000        0.0000000        0.0000000        8.0000000
        0.0180826      950.0038362    17647.0901247     3665.4225430     9151.2052975     5513.8712866      950.0922097        0.5943548        1.1564183     3069.1371836        0.0000000        0.0000000        0.0000000        8.0000000
        0.0180899      941.3292081    17637.5868478     3668.8644017     8734.1563810     5487.8800209      925.2844235        0.5818035        1.1565649     3064.1206688        0.0000000        0.0000000        0.0000000        8.0000000
        0.0178116     1033.1559368    18006.8765227     3538.3468714    10251.8267528     5757.4519444      993.6111240        0.5904295        1.1509721     3260.6378635        0.0000000        0.0000000        0.0000000        8.0000000
        0.0178679     1033.8619867    18052.5527154     3540.5577776     9824.0993288     5759.4751969      965.2658458        0.5729613        1.1502949     3285.6598213        0.0000000        0.0000000        0.0000000        8.0000000
        0.0179042     1031.1577638    18077.5961219     3542.8334596     9406.8701082     5751.7086425      939.3680520        0.5581574        1.1499249     3299.3540874        0.0000000        0.0000000        0.0000000        8.0000000
        0.0179533     1031.3911594    18115.8665120     3545.0381181     9010.4351991     5752.3774295      914.3634359        0.5428976        1.1493613     3320.1728900        0.0000000        0.0000000        0.0000000        8.0000000
        0.0179857     1028.5994969    18136.0412280     3547.4759708     8621.8403267     5744.3513772      891.2171426        0.5297603        1.1490651     3331.0094707        0.0000000        0.0000000        0.0000000        8.0000000
        0.0175462     1095.4972917    18391.4479736     3412.7306164     9753.4541558     5933.9017981      940.8466047        0.5382816        1.1453662     3473.0356782        0.0000000        0.0000000        0.0000000        8.0000000
        0.0175936     1098.1808591    18441.4031171     3413.7588438     9357.3225022     5941.8553498      915.8716143        0.5229279        1.1446537     3501.0518066        0.0000000        0.0000000        0.0000000        8.0000000
        0.0176395     1098.8325541    18479.2240136     3414.5782170     8978.7653337     5943.1956985      893.2564416        0.5095177        1.1441166     3522.2013087        0.0000000        0.0000000        0.0000000        8.0000000
        0.0176732     1098.5093415    18509.8470067     3415.4576605     8610.0542938     5942.2939080      871.7900183        0.4971146        1.1436832     3539.2274005        0.0000000        0.0000000        0.0000000        8.0000000
        0.0177204     1101.2543606    18554.5740126     3416.3101632     8255.1280626     5949.9364697      850.7443471        0.4841201        1.1430525     3564.2123314        0.0000000        0.0000000        0.0000000        8.0000000
