0.00E+00 -0.5567 5002.38
2.42E+08 0.1176 4888.42
3.08E+08 0.1144 4855.58
3.62E+08 0.1124 4829.67
4.11E+08 0.1126 4807.4
4.53E+08 0.1095 4788.88
4.71E+08 0.1236 4780.89
4.75E+08 0.1748 4778.4
4.85E+08 0.1802 4770.93
5.19E+08 0.1594 4748.07
5.77E+08 0.1616 4710.87
6.08E+08 0.1751 4689.76
6.67E+08 0.1654 4650.4
7.09E+08 0.1637 4621.83
7.94E+08 0.1432 4569.87
8.67E+08 0.1285 4529.99
9.25E+08 0.1195 4501.19
9.82E+08 0.1296 4473.2
1.02E+09 0.1236 4452.75
1.07E+09 0.1399 4425.46
1.12E+09 0.1306 4398.45
1.16E+09 0.1231 4378.88
1.19E+09 0.1153 4366.77
1.21E+09 0.1038 4355.17
1.24E+09 0.1115 4342.22
1.28E+09 0.1056 4327.11
1.31E+09 0.0975 4313.24
1.35E+09 0.0951 4300.24
1.38E+09 0.0882 4288.63
1.40E+09 0.0859 4279.7
1.42E+09 0.0939 4273.72
1.45E+09 0.0834 4262.83
1.47E+09 0.0853 4255.01
1.49E+09 0.0724 4248.62
1.52E+09 0.0736 4241.51
1.54E+09 0.0832 4234.46
1.57E+09 0.0765 4227.09
1.59E+09 0.0733 4220.34
1.61E+09 0.0775 4213.96
1.63E+09 0.0683 4207.5
1.65E+09 0.0702 4201.03
1.67E+09 0.0706 4195.43
1.70E+09 0.0682 4189.66
1.72E+09 0.0721 4182.51
1.74E+09 0.0640 4176.19
1.77E+09 0.0617 4170.8
1.78E+09 0.0595 4166.16
1.81E+09 0.0615 4161.05
1.83E+09 0.0636 4155.53
1.85E+09 0.0576 4149.97
1.87E+09 0.0578 4144.46
1.90E+09 0.0615 4139.24
1.92E+09 0.0621 4133.21
1.95E+09 0.0621 4126.67
1.97E+09 0.0517 4121.45
1.99E+09 0.0521 4116.77
2.01E+09 0.0513 4112.42
2.03E+09 0.0467 4108.86
2.06E+09 0.0545 4103.81
2.08E+09 0.0554 4097.78
2.11E+09 0.0506 4092.75
2.13E+09 0.0519 4088.36
2.15E+09 0.0483 4084.18
2.17E+09 0.0471 4079.81
2.20E+09 0.0495 4074.46
2.23E+09 0.0461 4069.6
2.25E+09 0.0438 4065.04
2.28E+09 0.0457 4059.87
2.30E+09 0.0476 4055.5
2.33E+09 0.0431 4050.17
2.36E+09 0.0408 4046.1
2.39E+09 0.0388 4041.21
2.41E+09 0.0348 4037.92
2.43E+09 0.0375 4034.44
2.46E+09 0.0341 4030.72
2.48E+09 0.0405 4027.17
2.51E+09 0.0385 4022.26
2.54E+09 0.0384 4017.98
2.57E+09 0.0389 4013.26
2.60E+09 0.0368 4008.55
2.63E+09 0.0329 4004.7
2.66E+09 0.0300 4001.36
2.68E+09 0.0295 3998.15
2.71E+09 0.0347 3994.06
2.75E+09 0.0346 3989.5
2.77E+09 0.0373 3985.85
2.80E+09 0.0338 3981.52
2.84E+09 0.0311 3977.13
2.87E+09 0.0314 3973.11
2.90E+09 0.0315 3969.56
2.92E+09 0.0267 3966.48
2.96E+09 0.0280 3962.82
2.99E+09 0.0277 3958.73
3.03E+09 0.0279 3955
3.06E+09 0.0289 3951.1
3.10E+09 0.0277 3947.15
3.13E+09 0.0285 3942.93
3.17E+09 0.0283 3938.22
3.21E+09 0.0268 3933.71
3.25E+09 0.0282 3930.32
3.29E+09 0.0246 3925.61
3.33E+09 0.0245 3921.66
3.37E+09 0.0245 3917.88
3.41E+09 0.0231 3914.03
3.45E+09 0.0213 3910.1
3.49E+09 0.0200 3907.18
3.53E+09 0.0213 3903.37
3.57E+09 0.0204 3900.02
3.62E+09 0.0207 3896.42
3.66E+09 0.0185 3892.92
3.70E+09 0.0210 3890.06
3.75E+09 0.0193 3886.14
3.79E+09 0.0180 3882.62
3.83E+09 0.0194 3879.69
3.88E+09 0.0181 3876.34
3.92E+09 0.0192 3873.23
3.96E+09 0.0189 3869.73
4.01E+09 0.0153 3866.73
4.05E+09 0.0158 3863.92
4.10E+09 0.0143 3861.22
4.15E+09 0.0145 3858.5
4.20E+09 0.0161 3855.47
4.25E+09 0.0151 3851.87
4.31E+09 0.0145 3848.76
4.35E+09 0.0144 3846.22
4.40E+09 0.0180 3842.91
4.46E+09 0.0155 3839
4.51E+09 0.0143 3835.9
4.57E+09 0.0149 3832.47
4.63E+09 0.0134 3829.22
4.68E+09 0.0146 3826.14
4.74E+09 0.0128 3822.93
4.80E+09 0.0135 3819.77
4.86E+09 0.0114 3817.01
4.91E+09 0.0131 3814.29
4.97E+09 0.0114 3811.63
