0.00E+00 -0.3053 4046.45
4.63E+07 0.2072 4029.26
7.40E+07 0.2063 4006.4
1.28E+08 0.1838 3966
1.82E+08 0.2045 3926.96
2.52E+08 0.1902 3875.24
3.00E+08 0.1779 3840.49
3.24E+08 0.1709 3824.58
3.44E+08 0.1679 3812.16
3.61E+08 0.1616 3801.18
3.81E+08 0.1571 3788.89
4.03E+08 0.1534 3776.25
4.25E+08 0.1477 3763.52
4.42E+08 0.1449 3754.09
4.61E+08 0.1402 3743.96
4.81E+08 0.1371 3732.9
4.99E+08 0.1336 3724.06
5.15E+08 0.1301 3715.7
5.34E+08 0.1256 3706.71
5.46E+08 0.1215 3701.17
5.59E+08 0.1202 3694.92
5.78E+08 0.1179 3686.58
5.97E+08 0.1137 3678.14
6.12E+08 0.1100 3671.53
6.27E+08 0.1083 3665.26
6.42E+08 0.1039 3659.35
6.58E+08 0.1021 3652.84
6.78E+08 0.0993 3645.18
6.95E+08 0.0961 3638.9
7.15E+08 0.0924 3631.76
7.30E+08 0.0898 3626.45
7.49E+08 0.0869 3620.22
7.63E+08 0.0848 3615.43
7.82E+08 0.0826 3609.56
8.02E+08 0.0784 3603.44
8.17E+08 0.0766 3599
8.36E+08 0.0738 3593.66
8.57E+08 0.0711 3587.8
8.78E+08 0.0686 3582.14
9.02E+08 0.0657 3575.96
9.25E+08 0.0628 3570.38
9.47E+08 0.0602 3565.16
9.76E+08 0.0562 3558.87
9.97E+08 0.0548 3554.22
1.02E+09 0.0521 3549.54
1.05E+09 0.0499 3544.54
1.07E+09 0.0478 3539.58
1.10E+09 0.0472 3535.42
1.12E+09 0.0447 3531.65
1.14E+09 0.0442 3527.82
1.16E+09 0.0434 3524.34
1.18E+09 0.0435 3521.4
1.20E+09 0.0430 3517.7
1.22E+09 0.0419 3514.41
1.24E+09 0.0417 3511.33
1.26E+09 0.0408 3507.77
1.28E+09 0.0401 3504.93
1.30E+09 0.0398 3501.65
1.33E+09 0.0400 3498.27
1.34E+09 0.0397 3495.44
1.37E+09 0.0380 3492.14
1.39E+09 0.0384 3489.2
1.41E+09 0.0375 3485.6
1.43E+09 0.0382 3482.37
1.45E+09 0.0377 3479.39
1.48E+09 0.0375 3476.01
1.50E+09 0.0370 3473.01
1.52E+09 0.0365 3469.52
1.55E+09 0.0363 3466.32
1.57E+09 0.0362 3463.14
1.59E+09 0.0355 3459.77
1.62E+09 0.0351 3456.6
1.64E+09 0.0357 3453.32
1.67E+09 0.0346 3450.05
1.69E+09 0.0342 3446.98
1.72E+09 0.0334 3443.56
1.74E+09 0.0342 3440.3
1.77E+09 0.0329 3437.13
1.79E+09 0.0334 3434.21
1.81E+09 0.0330 3431.73
1.83E+09 0.0332 3428.73
1.86E+09 0.0322 3425.65
1.89E+09 0.0317 3422.36
1.91E+09 0.0319 3419.34
1.94E+09 0.0316 3416.22
1.96E+09 0.0314 3413.32
1.98E+09 0.0315 3410.61
2.01E+09 0.0310 3407.49
2.04E+09 0.0300 3404.26
2.06E+09 0.0297 3401.15
2.09E+09 0.0293 3398.33
2.12E+09 0.0294 3395.26
2.14E+09 0.0287 3392.21
2.17E+09 0.0283 3389.19
2.20E+09 0.0284 3386.26
2.23E+09 0.0280 3383.15
2.26E+09 0.0276 3380.03
2.29E+09 0.0275 3377.04
2.31E+09 0.0274 3374.26
2.35E+09 0.0266 3370.91
2.38E+09 0.0262 3367.86
2.41E+09 0.0261 3364.65
2.44E+09 0.0257 3361.63
2.47E+09 0.0249 3358.66
2.50E+09 0.0248 3355.72
2.53E+09 0.0240 3352.71
2.57E+09 0.0242 3349.57
2.60E+09 0.0240 3346.92
2.63E+09 0.0241 3344.09
2.66E+09 0.0229 3340.98
2.69E+09 0.0227 3338.37
2.72E+09 0.0223 3335.59
2.75E+09 0.0220 3332.97
2.79E+09 0.0218 3330.31
2.82E+09 0.0213 3327.59
2.86E+09 0.0212 3324.7
2.89E+09 0.0209 3321.72
2.93E+09 0.0204 3318.93
2.96E+09 0.0200 3316.44
3.00E+09 0.0191 3313.74
3.03E+09 0.0193 3310.93
3.07E+09 0.0191 3308.04
3.11E+09 0.0188 3305.15
3.15E+09 0.0185 3302.68
3.19E+09 0.0181 3300.1
3.23E+09 0.0177 3297.45
3.26E+09 0.0174 3294.85
3.30E+09 0.0173 3292.41
3.34E+09 0.0173 3289.82
3.38E+09 0.0170 3287.43
3.41E+09 0.0170 3285.14
3.45E+09 0.0165 3282.65
3.49E+09 0.0166 3280.12
3.53E+09 0.0160 3277.61
3.58E+09 0.0152 3274.95
3.62E+09 0.0158 3272.39
3.66E+09 0.0154 3269.95
3.70E+09 0.0152 3267.42
3.74E+09 0.0152 3265.36
3.78E+09 0.0143 3262.99
3.82E+09 0.0145 3260.66
3.86E+09 0.0143 3258.57
3.91E+09 0.0139 3256.19
3.95E+09 0.0135 3253.95
3.99E+09 0.0136 3251.76
4.04E+09 0.0135 3249.46
4.09E+09 0.0131 3246.94
4.13E+09 0.0127 3244.76
4.18E+09 0.0126 3242.46
4.23E+09 0.0125 3240.15
4.27E+09 0.0122 3238.01
4.32E+09 0.0120 3235.7
4.37E+09 0.0121 3233.57
4.42E+09 0.0119 3231.4
4.47E+09 0.0117 3229.19
4.51E+09 0.0120 3227.08
4.56E+09 0.0116 3224.75
4.62E+09 0.0110 3222.38
4.67E+09 0.0113 3220.23
4.72E+09 0.0110 3218
4.78E+09 0.0107 3215.77
4.83E+09 0.0108 3213.64
4.88E+09 0.0109 3211.61
4.93E+09 0.0108 3209.41
4.98E+09 0.0106 3207.33
