0.00E+00 -0.7713 5877.21
1.37E+08 0.2346 5786.12
1.78E+08 0.2368 5753.17
2.11E+08 0.2425 5728.41
2.44E+08 0.2274 5703.94
2.67E+08 0.2265 5687.14
2.93E+08 0.2171 5668.29
3.11E+08 0.2217 5656.07
3.36E+08 0.2082 5638.59
3.54E+08 0.2092 5626.28
3.72E+08 0.2085 5613.96
3.87E+08 0.2094 5604.04
3.93E+08 0.2177 5600.3
3.94E+08 0.2360 5599.31
3.96E+08 0.2514 5597.72
3.99E+08 0.2636 5595
4.05E+08 0.2755 5590.25
4.13E+08 0.2831 5583.05
4.29E+08 0.3082 5567.72
4.37E+08 0.3518 5559.52
4.39E+08 0.3757 5557.33
4.52E+08 0.3254 5542.08
4.86E+08 0.2922 5510.45
5.18E+08 0.3192 5478.8
5.36E+08 0.3424 5459.82
5.57E+08 0.3456 5435.27
5.99E+08 0.3168 5390.74
6.44E+08 0.2973 5345.95
6.83E+08 0.2792 5309.72
7.21E+08 0.2613 5277.14
7.58E+08 0.2486 5247.11
7.91E+08 0.2416 5221.07
8.19E+08 0.2363 5198.97
8.46E+08 0.2234 5179.2
8.71E+08 0.2173 5161.67
8.90E+08 0.2553 5147.22
9.16E+08 0.2673 5124.53
9.28E+08 0.2665 5113.8
9.43E+08 0.2595 5101.5
9.54E+08 0.2507 5092.38
9.67E+08 0.2607 5081.06
9.82E+08 0.2539 5069.29
9.94E+08 0.2577 5059.33
1.01E+09 0.2481 5049.16
1.02E+09 0.2453 5036.64
1.03E+09 0.2456 5028.04
1.04E+09 0.2391 5020.73
1.05E+09 0.2441 5012.77
1.06E+09 0.2375 5004.11
1.07E+09 0.2350 4995.39
1.09E+09 0.2398 4985.22
1.10E+09 0.2335 4976.47
1.11E+09 0.2312 4965.57
1.13E+09 0.2317 4955.4
1.14E+09 0.2220 4946.03
1.15E+09 0.2177 4938.14
1.16E+09 0.2120 4930.17
1.18E+09 0.2254 4921.44
1.19E+09 0.2206 4913.58
1.20E+09 0.2192 4904.9
1.21E+09 0.2203 4895.54
1.22E+09 0.2084 4888.59
1.23E+09 0.2199 4881.3
1.25E+09 0.2081 4870.62
1.26E+09 0.2096 4861.66
1.28E+09 0.2074 4852.25
1.29E+09 0.2078 4844.18
1.30E+09 0.2080 4835.67
1.32E+09 0.1957 4825.06
1.33E+09 0.1940 4816.68
1.34E+09 0.1978 4808.64
1.36E+09 0.1949 4800.49
1.37E+09 0.1919 4791.78
1.38E+09 0.1881 4784.4
1.39E+09 0.1916 4777.12
1.41E+09 0.1823 4768.42
1.42E+09 0.1884 4759.02
1.44E+09 0.1829 4750.63
1.45E+09 0.1801 4742.62
1.46E+09 0.1832 4736.7
1.47E+09 0.1785 4731.56
1.48E+09 0.1832 4723.45
1.50E+09 0.1790 4715.83
1.51E+09 0.1764 4708.18
1.53E+09 0.1767 4700.35
1.54E+09 0.1754 4691.44
1.55E+09 0.1657 4684.49
1.57E+09 0.1677 4676.92
1.58E+09 0.1700 4667.58
1.60E+09 0.1605 4660.1
1.61E+09 0.1682 4652.04
1.63E+09 0.1647 4644.96
1.65E+09 0.1572 4635.65
1.66E+09 0.1494 4628.16
1.68E+09 0.1590 4620.62
1.69E+09 0.1558 4611.45
1.71E+09 0.1534 4602.58
1.73E+09 0.1549 4595.66
1.74E+09 0.1479 4587.81
1.76E+09 0.1507 4579.96
1.77E+09 0.1452 4572.37
1.79E+09 0.1465 4566.54
1.80E+09 0.1440 4559.76
1.82E+09 0.1488 4551.86
1.84E+09 0.1414 4543.25
1.85E+09 0.1385 4535.92
1.87E+09 0.1330 4528.46
1.89E+09 0.1349 4521.44
1.90E+09 0.1362 4514.02
1.92E+09 0.1296 4508.34
1.93E+09 0.1359 4501.23
1.95E+09 0.1304 4495.47
1.96E+09 0.1306 4488.63
1.98E+09 0.1281 4481.46
2.00E+09 0.1297 4474.24
2.01E+09 0.1179 4468.17
2.03E+09 0.1212 4463.31
2.04E+09 0.1249 4456.79
2.06E+09 0.1148 4450.3
2.08E+09 0.1187 4443.98
2.09E+09 0.1205 4437.02
2.11E+09 0.1132 4429.43
2.13E+09 0.1144 4422.53
2.15E+09 0.1073 4415.53
2.17E+09 0.1103 4408.72
2.19E+09 0.1089 4401.76
2.21E+09 0.1059 4394.79
2.23E+09 0.1066 4387.9
2.25E+09 0.1065 4381.22
2.27E+09 0.1096 4373.91
2.29E+09 0.1006 4368
2.31E+09 0.1014 4361.76
2.33E+09 0.1037 4354.96
2.35E+09 0.0989 4347.96
2.37E+09 0.0984 4341.96
2.39E+09 0.1014 4335.12
2.41E+09 0.0934 4328.33
2.43E+09 0.0918 4321.75
2.46E+09 0.0918 4315.09
2.48E+09 0.0928 4308.45
2.50E+09 0.0920 4301.59
2.53E+09 0.0885 4294.95
2.55E+09 0.0873 4288.61
2.57E+09 0.0859 4281.84
2.60E+09 0.0853 4275.14
2.62E+09 0.0850 4268.51
2.65E+09 0.0824 4261.83
2.67E+09 0.0805 4255.35
2.69E+09 0.0814 4249.16
2.72E+09 0.0805 4243.07
2.74E+09 0.0756 4237.1
2.76E+09 0.0797 4231.75
2.79E+09 0.0718 4226.14
2.81E+09 0.0798 4221.42
2.83E+09 0.0663 4216
2.85E+09 0.0695 4212
2.87E+09 0.0712 4207.59
2.89E+09 0.0698 4203.22
2.91E+09 0.0649 4198.67
2.93E+09 0.0746 4194.11
2.95E+09 0.0652 4189.38
2.97E+09 0.0650 4184.44
2.99E+09 0.0646 4180.22
3.02E+09 0.0682 4175.09
3.04E+09 0.0610 4170.14
3.06E+09 0.0661 4166.36
3.08E+09 0.0635 4161.79
3.11E+09 0.0634 4157.23
3.13E+09 0.0647 4152.81
3.15E+09 0.0612 4147.83
3.17E+09 0.0550 4143.65
3.19E+09 0.0644 4139.92
3.21E+09 0.0592 4135.5
3.24E+09 0.0551 4131.34
3.26E+09 0.0595 4126.74
3.29E+09 0.0538 4122.51
3.31E+09 0.0598 4118.88
3.33E+09 0.0549 4114.35
3.35E+09 0.0496 4110.84
3.37E+09 0.0572 4107.3
3.39E+09 0.0528 4103.62
3.41E+09 0.0492 4100.23
3.43E+09 0.0514 4096.96
3.46E+09 0.0503 4093.06
3.48E+09 0.0513 4090
3.50E+09 0.0509 4086
3.52E+09 0.0461 4082.29
3.55E+09 0.0488 4079.1
3.57E+09 0.0493 4075.24
3.59E+09 0.0441 4071.5
3.62E+09 0.0489 4067.61
3.65E+09 0.0478 4063.49
3.68E+09 0.0460 4058.92
3.71E+09 0.0450 4054.41
3.74E+09 0.0420 4049.9
3.77E+09 0.0422 4045.79
3.80E+09 0.0397 4042.36
3.82E+09 0.0372 4039.54
3.84E+09 0.0394 4036.34
3.87E+09 0.0387 4033.36
3.89E+09 0.0415 4029.9
3.92E+09 0.0372 4026.17
3.95E+09 0.0341 4023.34
3.98E+09 0.0372 4020.3
4.00E+09 0.0389 4017.41
4.03E+09 0.0348 4014.17
4.05E+09 0.0350 4011.33
4.08E+09 0.0362 4007.96
4.11E+09 0.0351 4004.66
4.14E+09 0.0376 4001.72
4.17E+09 0.0352 3997.8
4.19E+09 0.0310 3995.21
4.22E+09 0.0300 3992.27
4.25E+09 0.0328 3989.82
4.27E+09 0.0313 3986.97
4.31E+09 0.0307 3983.69
4.33E+09 0.0316 3980.89
4.36E+09 0.0334 3978.04
4.39E+09 0.0302 3974.71
4.42E+09 0.0286 3971.9
4.46E+09 0.0327 3968.88
4.49E+09 0.0292 3965.64
4.52E+09 0.0273 3962.73
4.55E+09 0.0324 3959.35
4.59E+09 0.0289 3955.67
4.62E+09 0.0264 3952.81
4.65E+09 0.0257 3950.46
4.69E+09 0.0273 3947.55
4.72E+09 0.0264 3944.89
4.75E+09 0.0284 3941.86
4.78E+09 0.0287 3938.7
4.82E+09 0.0260 3935.63
4.85E+09 0.0226 3933.24
4.88E+09 0.0270 3930.64
4.91E+09 0.0248 3928.04
4.95E+09 0.0227 3925.35
4.98E+09 0.0257 3922.71
