0.00E+00 -0.4150 4343.69
6.98E+08 0.0439 4236
7.85E+08 0.0349 4225.7
8.01E+08 0.0648 4222.98
8.19E+08 0.0589 4218.79
8.66E+08 0.0482 4209.98
9.61E+08 0.0481 4193.92
1.02E+09 0.0638 4181.97
1.08E+09 0.0451 4170.68
1.19E+09 0.0377 4154.29
1.30E+09 0.0336 4140.87
1.40E+09 0.0383 4127.98
1.49E+09 0.0353 4115.8
1.59E+09 0.0353 4103.52
1.68E+09 0.0299 4092.13
1.77E+09 0.0246 4083.95
1.83E+09 0.0216 4078.37
1.89E+09 0.0174 4074
1.96E+09 0.0161 4070.21
2.02E+09 0.0149 4066.85
2.10E+09 0.0124 4062.97
2.17E+09 0.0105 4059.9
2.26E+09 0.0077 4057.2
2.36E+09 0.0059 4054.69
2.46E+09 0.0040 4052.96
2.55E+09 0.0029 4051.8
2.65E+09 0.0018 4050.96
2.75E+09 0.0013 4050.4
2.85E+09 0.0008 4050.02
2.94E+09 0.0004 4049.81
3.02E+09 0.0002 4049.72
3.09E+09 0.0000 4049.7
3.16E+09 0.0001 4049.68
3.23E+09 0.0001 4049.67
3.29E+09 0.0001 4049.64
3.35E+09 0.0000 4049.63
3.41E+09 -0.0001 4049.63
3.47E+09 -0.0000 4049.63
3.54E+09 0.0000 4049.62
3.60E+09 0.0001 4049.6
3.66E+09 0.0003 4049.56
3.72E+09 0.0003 4049.5
3.77E+09 0.0002 4049.46
3.84E+09 0.0004 4049.38
3.90E+09 0.0005 4049.29
3.96E+09 0.0005 4049.16
4.03E+09 0.0005 4049.04
4.10E+09 0.0004 4048.93
4.15E+09 0.0007 4048.81
4.23E+09 0.0007 4048.63
4.29E+09 0.0007 4048.47
4.35E+09 0.0008 4048.29
4.42E+09 0.0008 4048.1
4.49E+09 0.0008 4047.89
4.56E+09 0.0008 4047.68
4.63E+09 0.0008 4047.49
4.71E+09 0.0009 4047.25
4.78E+09 0.0009 4047.02
4.86E+09 0.0009 4046.77
4.94E+09 0.0010 4046.48
