0.00E+00 -0.7919 6033.71
1.73E+08 0.2413 5870.04
2.34E+08 0.2207 5807.13
2.78E+08 0.2175 5763.81
3.16E+08 0.2163 5727.67
3.53E+08 0.2072 5693.46
3.86E+08 0.1962 5664.23
4.13E+08 0.1972 5640.73
4.43E+08 0.1862 5615.02
4.69E+08 0.1885 5593.96
4.97E+08 0.1801 5570.71
5.21E+08 0.1788 5551.63
5.45E+08 0.1749 5533.44
5.66E+08 0.1720 5516.76
5.84E+08 0.1710 5503.7
6.01E+08 0.1738 5490.86
6.13E+08 0.1867 5480.95
6.16E+08 0.2118 5478.16
6.22E+08 0.2343 5472.96
6.30E+08 0.2836 5462.7
6.55E+08 0.2677 5433.12
6.92E+08 0.2676 5389.68
7.24E+08 0.2707 5351.24
7.49E+08 0.2958 5320.79
7.86E+08 0.2416 5278.72
8.46E+08 0.2158 5218.4
9.12E+08 0.1992 5157.73
9.85E+08 0.1820 5096.7
1.07E+09 0.1662 5032.18
1.14E+09 0.2015 4976.71
1.20E+09 0.1701 4924.77
1.28E+09 0.2043 4852.24
1.36E+09 0.1696 4794.41
1.41E+09 0.1839 4754.89
1.45E+09 0.1732 4717.79
1.47E+09 0.1592 4704.33
1.49E+09 0.1605 4691.84
1.50E+09 0.1508 4681.37
1.52E+09 0.1348 4669.87
1.55E+09 0.1447 4656.66
1.57E+09 0.1467 4643.28
1.59E+09 0.1388 4628.48
1.61E+09 0.1350 4618.27
1.63E+09 0.1167 4607.03
1.65E+09 0.1386 4595.56
1.67E+09 0.1304 4581.59
1.69E+09 0.1279 4569.6
1.71E+09 0.1326 4559.78
1.73E+09 0.1217 4546.74
1.75E+09 0.1059 4537.12
1.77E+09 0.1248 4527.58
1.79E+09 0.1161 4516.26
1.81E+09 0.1141 4506.84
1.83E+09 0.1078 4496.15
1.86E+09 0.1098 4485.08
1.88E+09 0.1120 4473.57
1.90E+09 0.1097 4462.93
1.93E+09 0.1016 4451.27
1.95E+09 0.0945 4440.81
1.97E+09 0.1046 4431.47
1.99E+09 0.0904 4422.71
2.02E+09 0.0970 4410.75
2.04E+09 0.0928 4401.78
2.07E+09 0.0940 4389.97
2.09E+09 0.0880 4380.81
2.12E+09 0.0972 4370.62
2.14E+09 0.0881 4360.24
2.17E+09 0.0805 4349.15
2.20E+09 0.0789 4340.47
2.22E+09 0.0876 4331.15
2.25E+09 0.0818 4321.15
2.28E+09 0.0777 4311.49
2.31E+09 0.0749 4301.91
2.33E+09 0.0666 4294
2.36E+09 0.0768 4284.19
2.39E+09 0.0738 4274.25
2.42E+09 0.0732 4265.14
2.45E+09 0.0653 4255.69
2.48E+09 0.0629 4247.76
2.51E+09 0.0675 4239.58
2.54E+09 0.0668 4229.81
2.57E+09 0.0588 4220.55
2.61E+09 0.0641 4211.45
2.64E+09 0.0623 4202.36
2.68E+09 0.0557 4193.09
2.71E+09 0.0501 4184.23
2.74E+09 0.0513 4178.65
2.78E+09 0.0586 4169.86
2.81E+09 0.0580 4160.72
2.85E+09 0.0512 4151.72
2.88E+09 0.0506 4144.09
2.91E+09 0.0512 4136.87
2.96E+09 0.0425 4128.28
2.99E+09 0.0458 4122.37
3.03E+09 0.0462 4114.05
3.07E+09 0.0421 4105.59
3.10E+09 0.0417 4100.04
3.14E+09 0.0436 4091.59
3.18E+09 0.0407 4084.2
3.22E+09 0.0399 4078.05
3.26E+09 0.0409 4070.22
3.31E+09 0.0363 4061.86
3.34E+09 0.0326 4056.6
3.39E+09 0.0371 4050.36
3.43E+09 0.0368 4042.6
3.48E+09 0.0336 4035.65
3.53E+09 0.0326 4028.5
3.57E+09 0.0351 4022.62
3.61E+09 0.0295 4015.92
3.67E+09 0.0274 4009.01
3.71E+09 0.0263 4004.17
3.76E+09 0.0300 3997.61
3.81E+09 0.0299 3991.22
3.86E+09 0.0272 3985.16
3.91E+09 0.0269 3978.98
3.96E+09 0.0238 3973.24
4.00E+09 0.0229 3968.55
4.06E+09 0.0242 3962.34
4.11E+09 0.0232 3957.3
4.16E+09 0.0174 3952.57
4.22E+09 0.0197 3948
4.28E+09 0.0244 3942.45
4.34E+09 0.0222 3936.11
4.40E+09 0.0189 3930.16
4.47E+09 0.0184 3924.78
4.51E+09 0.0177 3920.84
4.58E+09 0.0143 3916.37
4.63E+09 0.0169 3912.62
4.69E+09 0.0177 3907.82
4.75E+09 0.0163 3903.84
4.81E+09 0.0135 3899.55
4.88E+09 0.0169 3895.28
4.93E+09 0.0139 3892.01
4.99E+09 0.0134 3888.32
