0.00E+00 -0.9285 6431.16
1.44E+08 0.3055 6270.15
1.95E+08 0.2825 6205.86
2.33E+08 0.2785 6160.61
2.67E+08 0.2738 6120.34
2.97E+08 0.2622 6086.67
3.22E+08 0.2539 6059.23
3.49E+08 0.2513 6031.45
3.73E+08 0.2415 6006.16
3.95E+08 0.2425 5983.94
4.14E+08 0.2353 5964.97
4.34E+08 0.2276 5945.79
4.52E+08 0.2270 5928.43
4.72E+08 0.2206 5909.39
4.90E+08 0.2191 5892.66
5.07E+08 0.2171 5876.88
5.24E+08 0.2126 5861.51
5.41E+08 0.2089 5846.36
5.56E+08 0.2094 5832.81
5.72E+08 0.2106 5819.01
5.86E+08 0.2085 5806.22
6.00E+08 0.2095 5794.12
6.13E+08 0.2068 5782.31
6.25E+08 0.2076 5772.05
6.36E+08 0.2154 5761.78
6.43E+08 0.2365 5755.41
6.46E+08 0.2692 5752.44
6.50E+08 0.3478 5747.62
6.57E+08 0.3639 5736.39
6.77E+08 0.3244 5707.11
7.07E+08 0.3216 5667.09
7.36E+08 0.3225 5626.5
7.62E+08 0.3218 5592.18
7.88E+08 0.3320 5556.58
8.08E+08 0.2931 5528.85
8.62E+08 0.2650 5465.76
9.16E+08 0.2471 5407.8
9.76E+08 0.2229 5347.52
1.05E+09 0.1983 5284.02
1.11E+09 0.2434 5230.55
1.15E+09 0.2365 5182.31
1.23E+09 0.2486 5100.34
1.31E+09 0.2098 5028.23
1.36E+09 0.2136 4980.22
1.42E+09 0.2084 4930.43
1.45E+09 0.1918 4901.34
1.47E+09 0.1763 4889.06
1.49E+09 0.1653 4875.34
1.51E+09 0.1732 4861.26
1.53E+09 0.1662 4844.56
1.55E+09 0.1566 4832.32
1.57E+09 0.1608 4819.96
1.59E+09 0.1548 4806.59
1.61E+09 0.1509 4794.44
1.63E+09 0.1543 4781.53
1.65E+09 0.1455 4767.51
1.67E+09 0.1476 4754.85
1.69E+09 0.1385 4743.61
1.71E+09 0.1301 4733.12
1.73E+09 0.1417 4719.49
1.74E+09 0.1444 4711.02
1.76E+09 0.1349 4700.15
1.78E+09 0.1324 4691.28
1.79E+09 0.1208 4682.84
1.82E+09 0.1248 4671.97
1.83E+09 0.1333 4662.02
1.86E+09 0.1268 4649.25
1.88E+09 0.1184 4638.19
1.90E+09 0.1110 4627.3
1.92E+09 0.1162 4616.46
1.95E+09 0.1150 4604.96
1.97E+09 0.1157 4595.08
1.99E+09 0.1025 4584.88
2.01E+09 0.1050 4574.99
2.04E+09 0.1106 4563.47
2.06E+09 0.1048 4552.38
2.08E+09 0.1052 4543.61
2.11E+09 0.1042 4532.72
2.13E+09 0.0946 4521.4
2.16E+09 0.0963 4512.03
2.18E+09 0.0862 4503.48
2.20E+09 0.0951 4494.12
2.23E+09 0.0887 4484.02
2.25E+09 0.0868 4475.52
2.28E+09 0.0860 4464.68
2.31E+09 0.0869 4454.3
2.34E+09 0.0841 4444.63
2.37E+09 0.0768 4435.36
2.39E+09 0.0768 4428.33
2.42E+09 0.0818 4417.89
2.45E+09 0.0711 4408.63
2.48E+09 0.0743 4400.04
2.50E+09 0.0769 4391.36
2.53E+09 0.0743 4382.32
2.56E+09 0.0676 4374.18
2.59E+09 0.0656 4365.46
2.62E+09 0.0661 4356.25
2.66E+09 0.0692 4347.55
2.69E+09 0.0630 4338.99
2.72E+09 0.0603 4330.01
2.75E+09 0.0591 4322.53
2.79E+09 0.0554 4313.35
2.82E+09 0.0534 4305.94
2.85E+09 0.0546 4298.81
2.88E+09 0.0584 4291.77
2.91E+09 0.0501 4285.24
2.94E+09 0.0510 4277.67
2.98E+09 0.0496 4270.69
3.02E+09 0.0506 4262.63
3.06E+09 0.0467 4254.33
3.10E+09 0.0503 4245.74
3.13E+09 0.0402 4238.57
3.17E+09 0.0398 4232.44
3.21E+09 0.0468 4225.68
3.25E+09 0.0398 4218.7
3.29E+09 0.0395 4210.82
3.34E+09 0.0363 4203.88
3.38E+09 0.0416 4197.63
3.42E+09 0.0331 4190.36
3.47E+09 0.0398 4183.57
3.52E+09 0.0373 4175.83
3.56E+09 0.0300 4170
3.59E+09 0.0315 4165.43
3.64E+09 0.0312 4159.59
3.68E+09 0.0310 4153.19
3.74E+09 0.0271 4146.97
3.77E+09 0.0348 4142.55
3.81E+09 0.0254 4137.08
3.87E+09 0.0266 4131.16
3.92E+09 0.0255 4125.79
3.97E+09 0.0256 4119.67
4.03E+09 0.0254 4113.59
4.08E+09 0.0258 4108.29
4.13E+09 0.0243 4102.7
4.17E+09 0.0240 4098.37
4.23E+09 0.0224 4093
4.28E+09 0.0186 4088.33
4.34E+09 0.0214 4083.8
4.40E+09 0.0182 4078.77
4.44E+09 0.0178 4075.4
4.50E+09 0.0161 4071.37
4.55E+09 0.0178 4067.56
4.60E+09 0.0206 4063.55
4.66E+09 0.0161 4059.3
4.71E+09 0.0157 4055.38
4.76E+09 0.0152 4052.37
4.83E+09 0.0149 4047.97
4.88E+09 0.0145 4044.82
4.93E+09 0.0129 4042.08
4.99E+09 0.0174 4038.56
