0.00E+00 -0.5695 5125.87
8.35E+07 0.2415 5100.2
9.48E+07 0.2686 5092.34
1.15E+08 0.2847 5077.84
1.43E+08 0.2964 5057.12
1.86E+08 0.2872 5025.1
2.45E+08 0.2785 4982.12
2.99E+08 0.2760 4943.47
3.31E+08 0.2689 4920.95
3.52E+08 0.2711 4906.06
3.67E+08 0.2668 4895.71
3.76E+08 0.2700 4889.38
3.87E+08 0.2678 4881.18
3.97E+08 0.2673 4874.24
4.05E+08 0.2595 4868.72
4.13E+08 0.2555 4863.7
4.20E+08 0.2523 4859.11
4.26E+08 0.2543 4855.3
4.31E+08 0.2488 4851.62
4.37E+08 0.2417 4847.63
4.42E+08 0.2403 4844.48
4.48E+08 0.2420 4840.77
4.55E+08 0.2378 4836.41
4.64E+08 0.2360 4831.15
4.69E+08 0.2346 4828
4.75E+08 0.2302 4824.35
4.81E+08 0.2304 4820.69
4.87E+08 0.2245 4817.04
4.93E+08 0.2222 4813.37
5.00E+08 0.2233 4809.47
5.06E+08 0.2241 4806.01
5.13E+08 0.2237 4801.75
5.21E+08 0.2115 4797.54
5.25E+08 0.2112 4795.4
5.31E+08 0.2064 4791.86
5.38E+08 0.2195 4788.17
5.45E+08 0.2311 4783.98
5.52E+08 0.2351 4779.48
5.61E+08 0.2306 4774.43
5.68E+08 0.2307 4770.1
5.75E+08 0.2219 4765.49
5.81E+08 0.2150 4762.41
5.89E+08 0.2082 4758.18
5.95E+08 0.2025 4754.8
6.00E+08 0.1981 4752.2
6.06E+08 0.2005 4749.05
6.12E+08 0.2105 4745.75
6.18E+08 0.2106 4742.18
6.27E+08 0.2268 4737.33
6.40E+08 0.2242 4729.85
6.50E+08 0.2196 4724.08
6.61E+08 0.2081 4718
6.67E+08 0.1985 4714.39
6.74E+08 0.2002 4710.94
6.82E+08 0.1972 4707.01
6.87E+08 0.1949 4704.22
6.93E+08 0.1982 4701.04
7.00E+08 0.2012 4697.54
7.08E+08 0.2020 4693.36
7.15E+08 0.1909 4689.8
7.21E+08 0.1924 4686.6
7.28E+08 0.1992 4683.16
7.37E+08 0.1951 4678.62
7.44E+08 0.1889 4675.07
7.50E+08 0.1959 4671.73
7.58E+08 0.1884 4667.65
7.66E+08 0.1924 4663.78
7.74E+08 0.1922 4659.79
7.83E+08 0.1936 4655.08
7.91E+08 0.1925 4651.08
7.99E+08 0.1833 4647.5
8.05E+08 0.1902 4644.56
8.12E+08 0.1859 4641.19
8.18E+08 0.1774 4638.34
8.22E+08 0.1743 4636.42
8.27E+08 0.1792 4634.2
8.32E+08 0.1803 4631.7
8.38E+08 0.1808 4628.95
8.43E+08 0.1830 4626.33
8.48E+08 0.1793 4624.07
8.55E+08 0.1804 4621.06
8.60E+08 0.1831 4618.45
8.67E+08 0.1812 4615.3
8.73E+08 0.1808 4612.37
8.78E+08 0.1802 4609.75
8.84E+08 0.1796 4606.91
8.91E+08 0.1797 4603.8
8.97E+08 0.1742 4601.13
9.03E+08 0.1779 4598.3
9.10E+08 0.1803 4595.18
9.16E+08 0.1800 4592.12
9.21E+08 0.1758 4589.7
9.28E+08 0.1744 4586.71
9.34E+08 0.1760 4583.95
9.39E+08 0.1714 4581.61
9.45E+08 0.1779 4578.79
9.51E+08 0.1736 4575.98
9.58E+08 0.1708 4573.08
9.63E+08 0.1717 4570.81
9.69E+08 0.1677 4568.16
9.75E+08 0.1705 4565.53
9.80E+08 0.1694 4562.94
9.87E+08 0.1644 4560.31
9.92E+08 0.1652 4557.98
9.97E+08 0.1651 4555.81
1.00E+09 0.1727 4553.28
1.01E+09 0.1714 4551.15
1.01E+09 0.1671 4548.07
1.02E+09 0.1636 4545.32
1.03E+09 0.1640 4543.2
1.03E+09 0.1660 4540.4
1.04E+09 0.1684 4537.88
1.05E+09 0.1705 4534.64
1.05E+09 0.1665 4531.83
1.06E+09 0.1649 4528.79
1.07E+09 0.1681 4525.83
1.07E+09 0.1670 4523.34
1.08E+09 0.1630 4520.48
1.08E+09 0.1606 4517.95
1.09E+09 0.1671 4515.53
1.10E+09 0.1700 4512.79
1.10E+09 0.1667 4510.32
1.11E+09 0.1575 4507.26
1.11E+09 0.1557 4505.1
1.12E+09 0.1556 4502.5
1.13E+09 0.1601 4500.12
1.13E+09 0.1622 4498.18
1.14E+09 0.1613 4495.4
1.14E+09 0.1540 4493.13
1.15E+09 0.1535 4490.52
1.15E+09 0.1565 4488.57
1.16E+09 0.1606 4486.06
1.17E+09 0.1541 4483.45
1.17E+09 0.1521 4480.64
1.18E+09 0.1570 4477.77
1.19E+09 0.1557 4475.29
1.19E+09 0.1493 4472.91
1.20E+09 0.1560 4470.38
1.20E+09 0.1514 4468.13
1.21E+09 0.1514 4465.43
1.22E+09 0.1543 4463.41
1.22E+09 0.1533 4460.65
1.23E+09 0.1506 4458.21
1.24E+09 0.1537 4455.63
1.24E+09 0.1454 4453.23
1.25E+09 0.1502 4450.76
1.25E+09 0.1459 4448.63
1.26E+09 0.1483 4446.02
1.27E+09 0.1552 4443.66
1.27E+09 0.1506 4441.35
1.28E+09 0.1529 4438.84
1.29E+09 0.1504 4436.1
1.29E+09 0.1455 4433.73
1.30E+09 0.1436 4431.24
1.30E+09 0.1392 4429.26
1.31E+09 0.1466 4426.99
1.32E+09 0.1436 4424.89
1.32E+09 0.1400 4423.01
1.33E+09 0.1435 4420.68
1.33E+09 0.1372 4418.66
1.34E+09 0.1437 4416.21
1.34E+09 0.1434 4414.24
1.35E+09 0.1369 4412.12
1.36E+09 0.1397 4409.82
1.36E+09 0.1413 4407.69
1.37E+09 0.1428 4405.2
1.38E+09 0.1357 4402.84
1.38E+09 0.1347 4400.74
1.39E+09 0.1391 4398.63
1.39E+09 0.1388 4396.2
1.40E+09 0.1410 4393.93
1.41E+09 0.1405 4391.53
1.41E+09 0.1359 4389.39
1.42E+09 0.1352 4386.93
1.43E+09 0.1387 4384.92
1.43E+09 0.1371 4382.99
1.44E+09 0.1336 4380.42
1.44E+09 0.1350 4378.21
1.45E+09 0.1357 4375.9
1.46E+09 0.1331 4373.97
1.46E+09 0.1342 4371.67
1.47E+09 0.1307 4369.72
1.48E+09 0.1319 4367.36
1.48E+09 0.1280 4365.54
1.49E+09 0.1310 4363.44
1.49E+09 0.1293 4361.24
1.50E+09 0.1298 4359.13
1.51E+09 0.1309 4357.16
1.51E+09 0.1265 4355.11
1.52E+09 0.1320 4352.89
1.52E+09 0.1338 4350.58
1.53E+09 0.1307 4347.83
1.54E+09 0.1293 4345.5
1.55E+09 0.1309 4343.08
1.55E+09 0.1274 4341.36
1.56E+09 0.1274 4338.88
1.57E+09 0.1273 4336.9
1.57E+09 0.1289 4334.73
1.58E+09 0.1260 4332.72
1.59E+09 0.1242 4330.19
1.59E+09 0.1240 4328.3
1.60E+09 0.1257 4326.18
1.60E+09 0.1267 4324.39
1.61E+09 0.1243 4322.14
1.62E+09 0.1218 4320.33
1.62E+09 0.1222 4317.8
1.63E+09 0.1190 4315.91
1.64E+09 0.1237 4313.75
1.64E+09 0.1256 4311.86
1.65E+09 0.1202 4309.91
1.66E+09 0.1199 4307.74
1.66E+09 0.1202 4305.71
1.67E+09 0.1171 4303.89
1.67E+09 0.1205 4301.87
1.68E+09 0.1224 4299.82
1.69E+09 0.1221 4297.86
1.69E+09 0.1211 4296.04
1.70E+09 0.1243 4293.8
1.71E+09 0.1204 4291.87
1.71E+09 0.1162 4289.49
1.72E+09 0.1157 4287.49
1.73E+09 0.1161 4285.49
1.73E+09 0.1185 4283.44
1.74E+09 0.1158 4281.28
1.75E+09 0.1204 4279.04
1.75E+09 0.1172 4277.03
1.76E+09 0.1131 4274.76
1.77E+09 0.1138 4272.81
1.78E+09 0.1118 4270.68
1.78E+09 0.1127 4268.64
1.79E+09 0.1174 4266.64
1.80E+09 0.1117 4264.45
1.80E+09 0.1116 4262.53
1.81E+09 0.1167 4260.34
1.82E+09 0.1139 4258.44
1.82E+09 0.1115 4256.36
1.83E+09 0.1108 4254.58
1.84E+09 0.1113 4252.27
1.84E+09 0.1085 4250.6
1.85E+09 0.1153 4248.59
1.86E+09 0.1120 4246.58
1.86E+09 0.1075 4244.4
1.87E+09 0.1122 4242.33
1.88E+09 0.1141 4240.64
1.89E+09 0.1071 4238.5
1.89E+09 0.1080 4236.59
1.90E+09 0.1093 4234.37
1.91E+09 0.1052 4232.67
1.91E+09 0.1071 4230.37
1.92E+09 0.1048 4228.44
1.93E+09 0.1048 4226.62
1.94E+09 0.1113 4224.44
1.94E+09 0.1086 4222.4
1.95E+09 0.1038 4220.43
1.96E+09 0.1074 4218.42
1.96E+09 0.1037 4216.75
1.97E+09 0.1056 4214.5
1.98E+09 0.1058 4212.36
1.99E+09 0.1021 4210.48
1.99E+09 0.1025 4208.3
2.00E+09 0.1025 4206.62
2.01E+09 0.1037 4204.73
2.01E+09 0.1010 4202.83
2.02E+09 0.1001 4201.03
2.03E+09 0.1053 4198.87
2.04E+09 0.1030 4196.91
2.04E+09 0.1006 4194.73
2.05E+09 0.1001 4192.87
2.06E+09 0.0999 4190.93
2.07E+09 0.0984 4188.97
2.07E+09 0.0958 4187.01
2.08E+09 0.0992 4185.2
2.09E+09 0.1014 4183.37
2.10E+09 0.0994 4181.63
2.10E+09 0.0977 4179.63
2.11E+09 0.0982 4177.72
2.12E+09 0.0976 4175.94
2.13E+09 0.0985 4173.86
2.13E+09 0.0952 4172.08
2.14E+09 0.0958 4169.94
2.15E+09 0.0944 4168.15
2.16E+09 0.0940 4166.41
2.16E+09 0.0984 4164.53
2.17E+09 0.0988 4162.65
2.18E+09 0.0948 4160.57
2.19E+09 0.0930 4158.59
2.19E+09 0.0950 4156.78
2.20E+09 0.0934 4154.84
2.21E+09 0.0951 4152.94
2.22E+09 0.0956 4151.06
2.22E+09 0.0947 4149.22
2.23E+09 0.0940 4147.16
2.24E+09 0.0929 4145.38
2.25E+09 0.0904 4143.54
2.26E+09 0.0907 4141.75
2.27E+09 0.0933 4139.56
2.27E+09 0.0945 4138.11
2.28E+09 0.0902 4136.14
2.29E+09 0.0889 4134.3
2.29E+09 0.0903 4132.57
2.30E+09 0.0896 4130.6
2.31E+09 0.0926 4128.94
2.32E+09 0.0916 4127.09
2.33E+09 0.0888 4125.07
2.33E+09 0.0897 4123.05
2.34E+09 0.0866 4121.19
2.35E+09 0.0865 4119.21
2.36E+09 0.0902 4117.54
2.37E+09 0.0850 4115.47
2.38E+09 0.0880 4113.79
2.38E+09 0.0864 4111.79
2.39E+09 0.0880 4109.99
2.40E+09 0.0860 4108.45
2.41E+09 0.0835 4106.32
2.42E+09 0.0902 4104.43
2.42E+09 0.0890 4102.61
2.43E+09 0.0859 4100.71
2.44E+09 0.0849 4098.9
2.45E+09 0.0836 4097.12
2.46E+09 0.0856 4095.27
2.46E+09 0.0850 4093.7
2.47E+09 0.0871 4091.8
2.48E+09 0.0833 4090.18
2.49E+09 0.0822 4088.31
2.50E+09 0.0831 4086.51
2.51E+09 0.0809 4084.49
2.52E+09 0.0825 4082.56
2.52E+09 0.0846 4080.92
2.53E+09 0.0823 4079.09
2.54E+09 0.0828 4077.35
2.55E+09 0.0805 4075.5
2.56E+09 0.0796 4073.64
2.57E+09 0.0808 4071.87
2.57E+09 0.0807 4070.27
2.58E+09 0.0820 4068.46
2.59E+09 0.0789 4066.67
2.60E+09 0.0787 4064.87
2.61E+09 0.0762 4063.18
2.62E+09 0.0783 4061.24
2.63E+09 0.0797 4059.61
2.63E+09 0.0787 4057.96
2.64E+09 0.0776 4056
2.65E+09 0.0760 4054.08
2.66E+09 0.0756 4052.3
2.67E+09 0.0764 4050.52
2.68E+09 0.0771 4048.75
2.69E+09 0.0776 4046.94
2.70E+09 0.0763 4045.25
2.71E+09 0.0747 4043.47
2.71E+09 0.0747 4041.73
2.72E+09 0.0735 4040.02
2.73E+09 0.0765 4038.26
2.74E+09 0.0747 4036.78
2.75E+09 0.0739 4034.92
2.76E+09 0.0732 4033.17
2.77E+09 0.0740 4031.5
2.78E+09 0.0727 4029.89
2.78E+09 0.0728 4028.19
2.79E+09 0.0744 4026.52
2.80E+09 0.0726 4024.93
2.81E+09 0.0743 4023.15
2.82E+09 0.0727 4021.77
2.83E+09 0.0715 4020.04
2.84E+09 0.0716 4018.26
2.85E+09 0.0697 4016.56
2.85E+09 0.0707 4015.03
2.86E+09 0.0696 4013.25
2.87E+09 0.0742 4011.63
2.88E+09 0.0718 4010.09
2.89E+09 0.0697 4008.27
2.90E+09 0.0699 4006.73
2.91E+09 0.0708 4004.97
2.92E+09 0.0690 4003.08
2.93E+09 0.0678 4001.34
2.94E+09 0.0678 3999.8
2.95E+09 0.0694 3998.06
2.96E+09 0.0688 3996.48
2.96E+09 0.0707 3994.88
2.97E+09 0.0684 3993.28
2.98E+09 0.0675 3991.7
2.99E+09 0.0650 3989.95
3.00E+09 0.0681 3988.36
3.01E+09 0.0668 3986.63
3.02E+09 0.0656 3984.84
3.03E+09 0.0646 3983.21
3.04E+09 0.0677 3981.63
3.05E+09 0.0657 3980
3.06E+09 0.0678 3978.42
3.07E+09 0.0659 3976.65
3.08E+09 0.0664 3975.19
3.09E+09 0.0664 3973.75
3.10E+09 0.0621 3971.89
3.11E+09 0.0642 3970.15
3.12E+09 0.0650 3968.49
3.13E+09 0.0639 3966.98
3.14E+09 0.0643 3965.48
3.15E+09 0.0613 3963.53
3.16E+09 0.0649 3961.8
3.17E+09 0.0626 3960.31
3.18E+09 0.0628 3958.71
3.19E+09 0.0621 3957.15
3.20E+09 0.0635 3955.22
3.21E+09 0.0612 3953.79
3.22E+09 0.0614 3951.85
3.23E+09 0.0598 3950.4
3.24E+09 0.0616 3948.56
3.25E+09 0.0635 3947.17
3.26E+09 0.0593 3945.34
3.27E+09 0.0585 3943.95
3.28E+09 0.0589 3942.18
3.29E+09 0.0608 3940.94
3.30E+09 0.0579 3939.22
3.31E+09 0.0599 3937.36
3.32E+09 0.0588 3936.02
3.33E+09 0.0578 3934.12
3.34E+09 0.0583 3932.78
3.35E+09 0.0571 3931.09
3.36E+09 0.0567 3929.46
3.38E+09 0.0585 3927.73
3.38E+09 0.0578 3926.42
3.40E+09 0.0555 3924.7
3.41E+09 0.0580 3922.97
3.42E+09 0.0602 3921.66
3.43E+09 0.0567 3920.16
3.44E+09 0.0566 3918.54
3.45E+09 0.0561 3917.11
3.46E+09 0.0546 3915.57
3.47E+09 0.0571 3913.78
3.48E+09 0.0565 3912.26
3.49E+09 0.0544 3910.66
3.50E+09 0.0560 3909.28
3.51E+09 0.0540 3907.62
3.52E+09 0.0537 3905.84
3.53E+09 0.0547 3904.68
3.55E+09 0.0565 3902.9
3.56E+09 0.0567 3901.22
3.57E+09 0.0556 3899.86
3.58E+09 0.0546 3898.26
3.59E+09 0.0525 3896.65
3.60E+09 0.0532 3894.88
3.61E+09 0.0541 3893.58
3.62E+09 0.0536 3892.04
3.63E+09 0.0512 3890.46
3.65E+09 0.0501 3888.9
3.66E+09 0.0528 3887.2
3.67E+09 0.0538 3885.55
3.68E+09 0.0541 3883.62
3.69E+09 0.0544 3882.15
3.71E+09 0.0520 3880.14
3.72E+09 0.0539 3878.63
3.73E+09 0.0508 3876.94
3.74E+09 0.0499 3875.27
3.76E+09 0.0490 3873.59
3.77E+09 0.0529 3871.76
3.78E+09 0.0526 3870.08
3.80E+09 0.0512 3867.76
3.82E+09 0.0546 3865.39
3.83E+09 0.0556 3862.9
3.86E+09 0.0514 3859.85
3.87E+09 0.0508 3857.62
3.90E+09 0.0516 3854.61
3.92E+09 0.0548 3851.82
3.94E+09 0.0504 3848.96
3.95E+09 0.0516 3846.46
3.97E+09 0.0484 3844.25
3.99E+09 0.0491 3842.22
4.00E+09 0.0459 3840.45
4.01E+09 0.0455 3839.06
4.02E+09 0.0462 3837.72
4.04E+09 0.0442 3836.23
4.05E+09 0.0435 3834.66
4.06E+09 0.0450 3833.17
4.07E+09 0.0444 3831.89
4.09E+09 0.0441 3830.24
4.10E+09 0.0444 3828.83
4.11E+09 0.0429 3827.35
4.13E+09 0.0431 3825.9
4.14E+09 0.0442 3824.53
4.15E+09 0.0431 3822.99
4.16E+09 0.0423 3821.7
4.18E+09 0.0428 3820.48
4.19E+09 0.0413 3819.02
4.20E+09 0.0416 3817.6
4.21E+09 0.0434 3816.15
4.22E+09 0.0441 3815.12
4.24E+09 0.0410 3813.44
4.25E+09 0.0412 3811.97
4.27E+09 0.0419 3810.57
4.28E+09 0.0415 3809.05
4.29E+09 0.0415 3807.74
4.31E+09 0.0395 3806.2
4.32E+09 0.0411 3804.9
4.33E+09 0.0412 3803.51
4.34E+09 0.0420 3802.15
4.36E+09 0.0389 3800.5
4.37E+09 0.0385 3799.17
4.39E+09 0.0396 3797.88
4.40E+09 0.0379 3796.47
4.41E+09 0.0377 3794.99
4.43E+09 0.0375 3793.73
4.44E+09 0.0390 3792.38
4.45E+09 0.0396 3791.34
4.47E+09 0.0365 3789.72
4.48E+09 0.0381 3788.39
4.49E+09 0.0417 3786.98
4.51E+09 0.0418 3785.61
4.52E+09 0.0404 3784.18
4.53E+09 0.0387 3782.73
4.55E+09 0.0375 3781.34
4.57E+09 0.0363 3779.66
4.58E+09 0.0386 3778.32
4.59E+09 0.0385 3777.18
4.60E+09 0.0376 3775.8
4.62E+09 0.0363 3774.51
4.63E+09 0.0359 3773.07
4.65E+09 0.0371 3771.62
4.66E+09 0.0375 3770.61
4.67E+09 0.0367 3769.29
4.69E+09 0.0357 3767.88
4.70E+09 0.0360 3766.52
4.71E+09 0.0355 3765.31
4.73E+09 0.0342 3763.89
4.75E+09 0.0354 3762.53
4.76E+09 0.0360 3761.51
4.77E+09 0.0369 3760.04
4.78E+09 0.0369 3758.86
4.80E+09 0.0362 3757.6
4.81E+09 0.0343 3756.14
4.83E+09 0.0345 3754.85
4.84E+09 0.0343 3753.59
4.86E+09 0.0344 3752.17
4.87E+09 0.0344 3751.04
4.89E+09 0.0360 3749.39
4.90E+09 0.0366 3748.1
4.92E+09 0.0350 3746.75
4.93E+09 0.0329 3745.36
4.95E+09 0.0333 3744.13
4.96E+09 0.0317 3742.59
4.98E+09 0.0331 3741.2
5.00E+09 0.0372 3739.6
