0.00E+00 -0.9919 6297.3
1.77E+08 0.2459 6068.8
2.38E+08 0.2538 5986.93
2.88E+08 0.2347 5923.9
3.33E+08 0.2247 5870.65
3.76E+08 0.2151 5822.19
4.18E+08 0.2043 5775.34
4.62E+08 0.1970 5729.88
5.07E+08 0.1854 5683.97
5.56E+08 0.1777 5636.18
6.07E+08 0.1706 5589.18
6.53E+08 0.1623 5547.85
6.83E+08 0.1574 5522.52
7.09E+08 0.1526 5501.63
7.33E+08 0.1509 5482.36
7.56E+08 0.1473 5464.25
7.81E+08 0.1415 5445.19
8.06E+08 0.1405 5426.64
8.26E+08 0.1390 5411.68
8.45E+08 0.1399 5397.87
8.63E+08 0.1445 5384.06
8.79E+08 0.1665 5371.71
8.83E+08 0.2647 5366.6
8.88E+08 0.2923 5359.51
8.96E+08 0.2680 5347.12
9.33E+08 0.1964 5304.63
1.00E+09 0.1749 5240.18
1.07E+09 0.1693 5173.59
1.15E+09 0.1605 5110.38
1.24E+09 0.1275 5041.15
1.37E+09 0.1438 4951.35
1.50E+09 0.1162 4856.72
1.64E+09 0.0983 4783
1.75E+09 0.1002 4722.12
1.85E+09 0.0878 4673.14
1.95E+09 0.0772 4632.77
2.02E+09 0.0599 4604.7
2.10E+09 0.0468 4584.15
2.17E+09 0.0450 4566.6
2.21E+09 0.0425 4556.13
2.25E+09 0.0373 4547.52
2.29E+09 0.0348 4540.47
2.34E+09 0.0344 4532.41
2.38E+09 0.0422 4523.48
2.42E+09 0.0302 4515.05
2.46E+09 0.0339 4509.1
2.50E+09 0.0286 4501.9
2.55E+09 0.0251 4495.81
2.59E+09 0.0307 4488.93
2.63E+09 0.0295 4482.26
2.67E+09 0.0294 4476.86
2.71E+09 0.0265 4470.87
2.75E+09 0.0294 4464.12
2.79E+09 0.0240 4457.85
2.85E+09 0.0232 4451.59
2.89E+09 0.0253 4445.64
2.93E+09 0.0196 4440.21
2.98E+09 0.0223 4435.23
3.02E+09 0.0178 4430.85
3.07E+09 0.0198 4425.98
3.12E+09 0.0169 4421.3
3.17E+09 0.0160 4417.12
3.22E+09 0.0176 4412.66
3.26E+09 0.0196 4408.25
3.32E+09 0.0179 4403.26
3.37E+09 0.0191 4397.18
3.43E+09 0.0144 4391.77
3.48E+09 0.0185 4387.32
3.54E+09 0.0129 4382.39
3.60E+09 0.0139 4378.64
3.65E+09 0.0160 4374.02
3.71E+09 0.0133 4369.69
3.77E+09 0.0125 4366.04
3.83E+09 0.0111 4362.12
3.89E+09 0.0102 4358.97
3.95E+09 0.0106 4355.76
4.00E+09 0.0137 4351.34
4.07E+09 0.0122 4347.41
4.13E+09 0.0098 4343.56
4.20E+09 0.0087 4340.25
4.27E+09 0.0112 4336.94
4.33E+09 0.0103 4332.95
4.40E+09 0.0092 4329.68
4.45E+09 0.0098 4327.14
4.53E+09 0.0082 4323.55
4.60E+09 0.0077 4320.79
4.67E+09 0.0081 4317.13
4.75E+09 0.0088 4314.14
4.83E+09 0.0067 4310.78
4.89E+09 0.0081 4308.23
4.97E+09 0.0067 4305.27
