0.00E+00 -0.4792 4870.79
6.23E+08 0.0551 4498.93
9.72E+08 0.0392 4352.46
1.03E+09 0.0567 4332.92
1.10E+09 0.0575 4294.3
1.26E+09 0.0588 4212.65
1.37E+09 0.0504 4157
1.50E+09 0.0444 4102.78
1.61E+09 0.0390 4060.9
1.72E+09 0.0350 4027.02
1.82E+09 0.0319 3996.46
1.92E+09 0.0302 3968.49
2.02E+09 0.0296 3942.61
2.12E+09 0.0276 3917.63
2.22E+09 0.0251 3894.47
2.31E+09 0.0225 3875.15
2.41E+09 0.0202 3856.63
2.50E+09 0.0185 3842.11
2.58E+09 0.0173 3829.41
2.65E+09 0.0174 3818.91
2.71E+09 0.0161 3809.89
2.78E+09 0.0151 3800.51
2.84E+09 0.0147 3792.18
2.90E+09 0.0143 3784.74
2.96E+09 0.0142 3776.98
3.02E+09 0.0138 3769.47
3.09E+09 0.0133 3761.35
3.16E+09 0.0124 3752.8
3.24E+09 0.0120 3744.62
3.32E+09 0.0115 3736.6
3.39E+09 0.0109 3728.96
3.47E+09 0.0105 3721.57
3.55E+09 0.0101 3714.64
3.63E+09 0.0100 3707.23
3.72E+09 0.0092 3700
3.81E+09 0.0090 3693.02
3.89E+09 0.0086 3686.38
3.98E+09 0.0083 3680.08
4.07E+09 0.0078 3673.33
4.16E+09 0.0073 3667.17
4.26E+09 0.0068 3661.17
4.35E+09 0.0064 3656.27
4.44E+09 0.0061 3650.99
4.54E+09 0.0059 3645.92
4.64E+09 0.0056 3640.84
4.74E+09 0.0055 3635.81
4.84E+09 0.0055 3630.85
4.95E+09 0.0052 3626.09
