0.00E+00 -0.2219 3569.26
5.10E+07 0.1287 3559
7.43E+07 0.1355 3547.27
1.28E+08 0.1364 3520.45
1.85E+08 0.1372 3492.89
2.53E+08 0.1321 3459.07
3.02E+08 0.1186 3436.9
3.31E+08 0.1118 3424.73
3.53E+08 0.1083 3416.01
3.83E+08 0.1053 3404.28
4.09E+08 0.0993 3394.55
4.37E+08 0.0955 3384.84
4.61E+08 0.0916 3376.63
4.86E+08 0.0872 3368.48
5.04E+08 0.0860 3362.67
5.29E+08 0.0824 3355.08
5.55E+08 0.0781 3347.37
5.80E+08 0.0756 3340.51
6.00E+08 0.0724 3335.06
6.22E+08 0.0702 3329.38
6.41E+08 0.0670 3324.64
6.62E+08 0.0645 3319.73
6.81E+08 0.0620 3315.35
7.00E+08 0.0599 3311.26
7.19E+08 0.0577 3307.16
7.41E+08 0.0554 3302.67
7.62E+08 0.0520 3298.61
7.86E+08 0.0497 3294.23
8.06E+08 0.0471 3290.63
8.30E+08 0.0449 3286.63
8.56E+08 0.0427 3282.43
8.83E+08 0.0402 3278.38
9.13E+08 0.0371 3274.11
9.45E+08 0.0349 3269.82
9.79E+08 0.0323 3265.73
1.01E+09 0.0302 3262.18
1.04E+09 0.0283 3258.61
1.08E+09 0.0257 3255.23
1.11E+09 0.0234 3251.94
1.15E+09 0.0219 3248.93
1.19E+09 0.0200 3246.18
1.22E+09 0.0192 3243.98
1.25E+09 0.0182 3241.71
1.28E+09 0.0174 3239.51
1.32E+09 0.0178 3237.52
1.35E+09 0.0176 3235.58
1.38E+09 0.0178 3233.64
1.40E+09 0.0177 3231.78
1.43E+09 0.0177 3229.9
1.46E+09 0.0177 3227.96
1.50E+09 0.0175 3225.89
1.53E+09 0.0176 3224.02
1.55E+09 0.0175 3222.23
1.58E+09 0.0180 3220.33
1.61E+09 0.0172 3218.43
1.65E+09 0.0173 3216.52
1.68E+09 0.0169 3214.62
1.71E+09 0.0170 3212.77
1.74E+09 0.0173 3210.93
1.77E+09 0.0173 3208.82
1.80E+09 0.0169 3206.85
1.83E+09 0.0166 3205
1.87E+09 0.0165 3202.92
1.90E+09 0.0157 3201.05
1.93E+09 0.0165 3199.19
1.96E+09 0.0163 3197.29
1.99E+09 0.0163 3195.3
2.03E+09 0.0162 3193.38
2.06E+09 0.0160 3191.45
2.09E+09 0.0160 3189.51
2.13E+09 0.0154 3187.58
2.16E+09 0.0157 3185.43
2.20E+09 0.0153 3183.53
2.23E+09 0.0153 3181.55
2.27E+09 0.0151 3179.52
2.31E+09 0.0153 3177.56
2.34E+09 0.0152 3175.5
2.38E+09 0.0148 3173.56
2.42E+09 0.0146 3171.56
2.45E+09 0.0144 3169.48
2.49E+09 0.0147 3167.55
2.53E+09 0.0146 3165.66
2.57E+09 0.0142 3163.6
2.60E+09 0.0142 3161.78
2.64E+09 0.0143 3159.86
2.68E+09 0.0142 3157.92
2.72E+09 0.0139 3155.82
2.76E+09 0.0135 3153.85
2.80E+09 0.0136 3151.85
2.84E+09 0.0133 3149.76
2.88E+09 0.0133 3147.63
2.92E+09 0.0133 3145.6
2.97E+09 0.0132 3143.61
3.01E+09 0.0130 3141.63
3.05E+09 0.0127 3139.54
3.09E+09 0.0129 3137.66
3.14E+09 0.0127 3135.58
3.18E+09 0.0127 3133.58
3.23E+09 0.0125 3131.48
3.27E+09 0.0125 3129.45
3.32E+09 0.0123 3127.43
3.36E+09 0.0123 3125.52
3.40E+09 0.0121 3123.61
3.45E+09 0.0123 3121.64
3.49E+09 0.0121 3119.63
3.54E+09 0.0119 3117.62
3.58E+09 0.0120 3115.73
3.63E+09 0.0119 3113.79
3.67E+09 0.0119 3111.93
3.72E+09 0.0119 3109.88
3.76E+09 0.0117 3107.99
3.81E+09 0.0117 3105.97
3.85E+09 0.0116 3104.06
3.90E+09 0.0117 3102.16
3.95E+09 0.0113 3100.13
3.99E+09 0.0118 3098.35
4.03E+09 0.0118 3096.3
4.08E+09 0.0120 3094.36
4.12E+09 0.0120 3092.44
4.17E+09 0.0118 3090.34
4.22E+09 0.0119 3088.41
4.26E+09 0.0122 3086.44
4.31E+09 0.0120 3084.36
4.35E+09 0.0121 3082.4
4.40E+09 0.0123 3080.36
4.45E+09 0.0118 3078.2
4.49E+09 0.0123 3076.22
4.54E+09 0.0119 3074.18
4.58E+09 0.0123 3072.29
4.63E+09 0.0124 3070.28
4.67E+09 0.0128 3068.15
4.72E+09 0.0126 3066.11
4.77E+09 0.0126 3063.88
4.81E+09 0.0127 3061.65
4.86E+09 0.0127 3059.55
4.90E+09 0.0127 3057.55
4.95E+09 0.0131 3055.35
5.00E+09 0.0130 3053.15
