0.00E+00 -0.3782 4401.25
4.21E+08 0.0743 4248.07
5.74E+08 0.0785 4160.25
8.14E+08 0.0604 4047.43
9.53E+08 0.0595 3992.52
1.06E+09 0.0580 3948.32
1.14E+09 0.0532 3915.71
1.21E+09 0.0540 3890.11
1.29E+09 0.0503 3861.86
1.35E+09 0.0443 3843.35
1.41E+09 0.0417 3825.8
1.48E+09 0.0352 3807.75
1.54E+09 0.0379 3791.48
1.62E+09 0.0331 3772.52
1.70E+09 0.0335 3754.42
1.78E+09 0.0295 3738
1.87E+09 0.0247 3722.07
1.96E+09 0.0253 3704.85
2.03E+09 0.0220 3693.9
2.11E+09 0.0192 3682.41
2.20E+09 0.0179 3672.28
2.26E+09 0.0170 3664.18
2.32E+09 0.0145 3657.93
2.38E+09 0.0126 3652.57
2.44E+09 0.0135 3646.99
2.50E+09 0.0139 3641.17
2.55E+09 0.0137 3636.26
2.61E+09 0.0132 3631.34
2.68E+09 0.0111 3625.46
2.74E+09 0.0104 3620.78
2.81E+09 0.0091 3616.56
2.87E+09 0.0094 3612.37
2.93E+09 0.0102 3608.14
3.00E+09 0.0094 3603.84
3.07E+09 0.0101 3599.1
3.14E+09 0.0091 3594.55
3.21E+09 0.0087 3590.31
3.28E+09 0.0088 3585.83
3.36E+09 0.0081 3581.39
3.43E+09 0.0076 3577.64
3.49E+09 0.0079 3574.39
3.56E+09 0.0079 3570.68
3.64E+09 0.0072 3566.7
3.71E+09 0.0059 3563.28
3.78E+09 0.0062 3560.49
3.86E+09 0.0063 3557.11
3.94E+09 0.0063 3553.65
4.02E+09 0.0061 3550.54
4.10E+09 0.0059 3547.02
4.19E+09 0.0060 3543.5
4.28E+09 0.0047 3540.12
4.36E+09 0.0047 3537.42
4.45E+09 0.0052 3534.65
4.54E+09 0.0050 3531.34
4.63E+09 0.0044 3528.53
4.73E+09 0.0043 3525.46
4.83E+09 0.0041 3522.66
4.92E+09 0.0039 3520.08
