0.00E+00 -0.5242 5141.07
2.58E+08 0.1315 4989.86
2.70E+08 0.1842 4980.86
3.02E+08 0.1627 4952.72
3.48E+08 0.1771 4914.44
4.13E+08 0.1545 4860.09
4.81E+08 0.1888 4799.36
5.78E+08 0.1680 4712.24
7.05E+08 0.1467 4613.27
8.04E+08 0.1562 4543.06
8.71E+08 0.1416 4492.7
9.23E+08 0.1389 4456.63
9.69E+08 0.1328 4425.16
1.00E+09 0.1429 4401.15
1.05E+09 0.1357 4368.56
1.09E+09 0.1292 4343.67
1.12E+09 0.1194 4321.39
1.15E+09 0.1177 4306.07
1.18E+09 0.1224 4286.78
1.22E+09 0.1103 4266.98
1.24E+09 0.1066 4254.53
1.27E+09 0.1052 4239.92
1.32E+09 0.0991 4212.42
1.37E+09 0.1036 4187.24
1.41E+09 0.0942 4166.58
1.44E+09 0.0880 4154.38
1.47E+09 0.0876 4141.07
1.52E+09 0.0872 4120.77
1.55E+09 0.0807 4108.22
1.58E+09 0.0778 4097.34
1.60E+09 0.0772 4087.14
1.63E+09 0.0769 4075.66
1.66E+09 0.0728 4066.26
1.68E+09 0.0723 4057.17
1.71E+09 0.0756 4044.79
1.75E+09 0.0689 4033.44
1.77E+09 0.0632 4025.38
1.80E+09 0.0599 4016.4
1.83E+09 0.0641 4007.4
1.85E+09 0.0655 3999.31
1.88E+09 0.0575 3991.32
1.91E+09 0.0652 3982.34
1.94E+09 0.0644 3972.04
1.98E+09 0.0584 3959.75
2.02E+09 0.0590 3950.04
2.05E+09 0.0553 3940.31
2.07E+09 0.0595 3933.59
2.11E+09 0.0574 3923.48
2.15E+09 0.0525 3911.74
2.19E+09 0.0485 3902.83
2.22E+09 0.0469 3895.24
2.25E+09 0.0452 3887.23
2.29E+09 0.0489 3878.29
2.33E+09 0.0454 3869.31
2.36E+09 0.0422 3862.95
2.40E+09 0.0414 3855.09
2.43E+09 0.0433 3847.27
2.47E+09 0.0385 3840.34
2.51E+09 0.0346 3832.41
2.56E+09 0.0373 3824.21
2.60E+09 0.0374 3815.89
2.64E+09 0.0388 3809.46
2.68E+09 0.0350 3801.23
2.73E+09 0.0357 3792.49
2.78E+09 0.0335 3783.89
2.82E+09 0.0297 3777.66
2.87E+09 0.0289 3770.66
2.92E+09 0.0320 3763.48
2.97E+09 0.0268 3755.82
3.02E+09 0.0250 3749.68
3.07E+09 0.0298 3742.03
3.13E+09 0.0273 3733.86
3.18E+09 0.0225 3727.02
3.23E+09 0.0219 3721.33
3.29E+09 0.0218 3714.38
3.36E+09 0.0231 3707.52
3.42E+09 0.0238 3700.56
3.48E+09 0.0223 3693.72
3.55E+09 0.0198 3686.4
3.62E+09 0.0181 3680.12
3.67E+09 0.0201 3674.7
3.74E+09 0.0176 3668.27
3.82E+09 0.0177 3661.97
3.88E+09 0.0158 3656.15
3.96E+09 0.0169 3650.31
4.02E+09 0.0141 3644.98
4.09E+09 0.0149 3640.42
4.16E+09 0.0139 3635.06
4.24E+09 0.0126 3630.36
4.29E+09 0.0127 3626.6
4.37E+09 0.0129 3621.64
4.45E+09 0.0116 3616.97
4.52E+09 0.0121 3612.68
4.60E+09 0.0101 3608.78
4.67E+09 0.0107 3604.76
4.75E+09 0.0108 3600.75
4.83E+09 0.0104 3596.78
4.90E+09 0.0099 3593.01
4.97E+09 0.0101 3589.55
