0.00E+00 -1.2179 7061.36
9.49E+07 0.4788 6942.86
1.27E+08 0.4597 6895.16
1.54E+08 0.4408 6856.2
1.76E+08 0.4130 6825.15
1.94E+08 0.4129 6800.34
2.15E+08 0.3955 6773.23
2.29E+08 0.4039 6754.25
2.47E+08 0.3834 6731.05
2.62E+08 0.3898 6711.39
2.79E+08 0.3766 6690.44
2.94E+08 0.3770 6671.56
3.08E+08 0.3697 6654.49
3.23E+08 0.3656 6636.79
3.35E+08 0.3627 6621.85
3.48E+08 0.3510 6606.91
3.60E+08 0.3468 6592.96
3.71E+08 0.3493 6579.65
3.83E+08 0.3415 6566.4
3.94E+08 0.3340 6553.59
4.05E+08 0.3364 6541.41
4.15E+08 0.3367 6530.42
4.26E+08 0.3283 6518.58
4.38E+08 0.3261 6506.24
4.48E+08 0.3276 6494.67
4.59E+08 0.3211 6482.7
4.70E+08 0.3134 6471.92
4.79E+08 0.3182 6462.49
4.90E+08 0.3181 6451.11
5.00E+08 0.3150 6440.67
5.08E+08 0.3142 6431.77
5.18E+08 0.3134 6421.78
5.26E+08 0.3175 6413.18
5.34E+08 0.3147 6405.48
5.40E+08 0.3172 6398.45
5.47E+08 0.3203 6391.45
5.53E+08 0.3263 6385.02
5.59E+08 0.3374 6378.12
5.62E+08 0.3564 6374.81
5.64E+08 0.3938 6372.68
5.66E+08 0.4214 6369.94
5.67E+08 0.4682 6367.85
5.70E+08 0.5316 6364.16
5.76E+08 0.5176 6353.59
5.87E+08 0.5071 6334.5
6.03E+08 0.4979 6308.01
6.20E+08 0.4948 6279.91
6.36E+08 0.4971 6254.98
6.50E+08 0.4947 6231.83
6.62E+08 0.4920 6211.55
6.76E+08 0.4914 6188.43
6.87E+08 0.4906 6171.11
7.04E+08 0.4427 6144.72
7.31E+08 0.3943 6107.96
7.58E+08 0.3558 6074.83
7.82E+08 0.3536 6047.51
8.09E+08 0.4037 6013.55
8.31E+08 0.4363 5983.81
8.50E+08 0.4395 5956.28
8.75E+08 0.4242 5919.97
8.88E+08 0.4305 5902.14
9.21E+08 0.4505 5852.09
9.71E+08 0.4172 5780.14
1.01E+09 0.4088 5718.65
1.04E+09 0.3863 5685.49
1.06E+09 0.3703 5658.61
1.07E+09 0.3737 5650.05
1.08E+09 0.3442 5636.02
1.09E+09 0.3485 5621.58
1.11E+09 0.3364 5607.5
1.12E+09 0.3385 5590.62
1.13E+09 0.3398 5577
1.14E+09 0.3289 5566.75
1.15E+09 0.3344 5553.01
1.16E+09 0.3273 5543.78
1.17E+09 0.3226 5534.34
1.18E+09 0.3204 5521.79
1.20E+09 0.3249 5508.01
1.21E+09 0.3120 5494.93
1.22E+09 0.3118 5480.14
1.23E+09 0.2976 5469.4
1.25E+09 0.3070 5457.21
1.26E+09 0.2968 5446.12
1.27E+09 0.2870 5433.65
1.28E+09 0.2997 5426.02
1.29E+09 0.2915 5417.46
1.30E+09 0.2945 5405.23
1.31E+09 0.2934 5392.94
1.32E+09 0.2875 5384.71
1.33E+09 0.2778 5373.96
1.34E+09 0.2782 5363.18
1.35E+09 0.2686 5355.04
1.36E+09 0.2823 5345.12
1.38E+09 0.2745 5333.28
1.39E+09 0.2652 5322.47
1.40E+09 0.2643 5310.97
1.41E+09 0.2703 5304.07
1.42E+09 0.2620 5295.4
1.43E+09 0.2614 5284.75
1.44E+09 0.2599 5274.26
1.46E+09 0.2590 5264.9
1.47E+09 0.2524 5255.29
1.48E+09 0.2524 5245.19
1.49E+09 0.2492 5235.09
1.51E+09 0.2442 5223.13
1.52E+09 0.2445 5211.46
1.53E+09 0.2414 5204.97
1.54E+09 0.2336 5192.24
1.56E+09 0.2346 5181.88
1.57E+09 0.2350 5172.49
1.58E+09 0.2309 5164.11
1.59E+09 0.2246 5155.13
1.61E+09 0.2235 5142.95
1.62E+09 0.2208 5132.02
1.64E+09 0.2223 5121.83
1.65E+09 0.2111 5110.75
1.67E+09 0.2116 5101.12
1.68E+09 0.2073 5093.25
1.69E+09 0.2145 5083.78
1.71E+09 0.2001 5073.26
1.72E+09 0.2046 5062.52
1.74E+09 0.1996 5054.81
1.74E+09 0.2004 5048.87
1.76E+09 0.2073 5038.4
1.77E+09 0.1944 5030.25
1.79E+09 0.1974 5020.4
1.80E+09 0.1888 5011.24
1.82E+09 0.1911 5002.57
1.83E+09 0.1863 4993.02
1.85E+09 0.1892 4982.85
1.86E+09 0.1801 4973.07
1.88E+09 0.1774 4963.24
1.90E+09 0.1792 4953.19
1.91E+09 0.1750 4943.6
1.93E+09 0.1676 4937.01
1.94E+09 0.1691 4927.38
1.96E+09 0.1700 4918.8
1.98E+09 0.1579 4909.53
1.99E+09 0.1603 4902.26
2.01E+09 0.1638 4892.83
2.02E+09 0.1637 4885.85
2.04E+09 0.1556 4876.32
2.06E+09 0.1590 4867.56
2.07E+09 0.1496 4859.28
2.09E+09 0.1575 4850.07
2.11E+09 0.1434 4840.57
2.13E+09 0.1468 4831.94
2.14E+09 0.1416 4824.91
2.16E+09 0.1407 4815.68
2.18E+09 0.1398 4808.74
2.19E+09 0.1402 4800.89
2.21E+09 0.1383 4791.04
2.23E+09 0.1343 4781.79
2.26E+09 0.1322 4772.91
2.27E+09 0.1300 4764.56
2.29E+09 0.1314 4756.07
2.31E+09 0.1278 4747.97
2.33E+09 0.1287 4739.78
2.35E+09 0.1180 4732.12
2.37E+09 0.1185 4724
2.39E+09 0.1157 4716.5
2.41E+09 0.1190 4708.68
2.43E+09 0.1097 4701.13
2.45E+09 0.1055 4694.89
2.47E+09 0.1133 4686.95
2.50E+09 0.1062 4678.68
2.52E+09 0.1102 4670.31
2.54E+09 0.1028 4663.3
2.56E+09 0.0984 4655.01
2.58E+09 0.1001 4649.1
2.60E+09 0.0989 4642.36
2.63E+09 0.0981 4633.43
2.66E+09 0.0918 4624.82
2.67E+09 0.0980 4619.6
2.70E+09 0.0920 4612.35
2.72E+09 0.0955 4606.32
2.74E+09 0.0966 4600.39
2.76E+09 0.0895 4592.76
2.79E+09 0.0877 4584.72
2.81E+09 0.0838 4577.83
2.84E+09 0.0859 4571.68
2.86E+09 0.0805 4564.75
2.89E+09 0.0811 4557.44
2.92E+09 0.0779 4549.97
2.95E+09 0.0717 4542.99
2.97E+09 0.0744 4537.83
2.99E+09 0.0748 4531.49
3.02E+09 0.0704 4524.51
3.05E+09 0.0714 4518.04
3.08E+09 0.0662 4511.75
3.11E+09 0.0708 4504.64
3.14E+09 0.0676 4498.32
3.17E+09 0.0691 4491.83
3.19E+09 0.0680 4486.25
3.22E+09 0.0594 4479.43
3.25E+09 0.0621 4474.23
3.28E+09 0.0625 4467.85
3.31E+09 0.0593 4461.1
3.35E+09 0.0531 4454.53
3.38E+09 0.0522 4448.67
3.41E+09 0.0531 4443.79
3.44E+09 0.0521 4438.16
3.48E+09 0.0588 4431.87
3.51E+09 0.0488 4426.32
3.55E+09 0.0497 4420.32
3.58E+09 0.0489 4414.64
3.61E+09 0.0471 4409.7
3.64E+09 0.0458 4404.68
3.68E+09 0.0459 4399
3.71E+09 0.0475 4394.95
3.75E+09 0.0426 4388.93
3.79E+09 0.0424 4383.15
3.83E+09 0.0417 4377.54
3.87E+09 0.0410 4372.67
3.90E+09 0.0394 4367.83
3.94E+09 0.0419 4363.04
3.97E+09 0.0393 4358.18
4.01E+09 0.0362 4353.53
4.05E+09 0.0339 4349.4
4.09E+09 0.0362 4344.66
4.13E+09 0.0324 4339.66
4.17E+09 0.0324 4335.28
4.22E+09 0.0301 4330.98
4.26E+09 0.0282 4326.68
4.30E+09 0.0308 4322.66
4.34E+09 0.0322 4319.13
4.38E+09 0.0295 4314.7
4.43E+09 0.0298 4309.93
4.47E+09 0.0270 4305.74
4.52E+09 0.0272 4301.79
4.56E+09 0.0270 4297.59
4.61E+09 0.0266 4293.55
4.65E+09 0.0267 4289.55
4.70E+09 0.0230 4285.79
4.75E+09 0.0256 4282.12
4.80E+09 0.0246 4278
4.85E+09 0.0234 4274
4.90E+09 0.0237 4269.92
4.95E+09 0.0229 4266.18
5.00E+09 0.0216 4262.4
