0.00E+00 -1.0615 6397.67
1.31E+08 0.3316 6244.04
1.75E+08 0.3074 6187.07
2.09E+08 0.3010 6145.53
2.39E+08 0.2966 6109.48
2.70E+08 0.2859 6073.74
2.99E+08 0.2676 6040.78
3.23E+08 0.2701 6014.49
3.48E+08 0.2584 5988.2
3.67E+08 0.2532 5968.5
3.87E+08 0.2412 5947.73
4.04E+08 0.2425 5931.07
4.21E+08 0.2349 5914.78
4.39E+08 0.2274 5898.28
4.55E+08 0.2266 5883.5
4.73E+08 0.2208 5867.34
4.88E+08 0.2141 5853.72
5.05E+08 0.2174 5839.1
5.21E+08 0.2079 5824.59
5.34E+08 0.2067 5813.67
5.48E+08 0.2054 5802.32
5.61E+08 0.2036 5791.32
5.74E+08 0.1944 5780.86
5.86E+08 0.1970 5770.89
5.99E+08 0.1965 5760.86
6.12E+08 0.1962 5750.67
6.25E+08 0.1893 5740.55
6.37E+08 0.1895 5730.9
6.48E+08 0.1901 5722.22
6.60E+08 0.1895 5713.16
6.71E+08 0.1935 5704.46
6.82E+08 0.1995 5696.03
6.92E+08 0.2111 5687.76
7.00E+08 0.2314 5680.52
7.02E+08 0.2639 5678.36
7.05E+08 0.3632 5674.82
7.09E+08 0.3768 5667.6
7.18E+08 0.3393 5654.8
7.46E+08 0.3021 5618.96
7.77E+08 0.2911 5582.43
8.00E+08 0.2847 5554.66
8.29E+08 0.2800 5521.44
8.59E+08 0.2961 5487.74
8.93E+08 0.2323 5452.18
9.38E+08 0.2137 5411.66
9.88E+08 0.2243 5369.88
1.04E+09 0.2437 5317.77
1.11E+09 0.2223 5253.08
1.18E+09 0.2315 5182.97
1.24E+09 0.2316 5121.73
1.31E+09 0.1979 5061.5
1.37E+09 0.1751 5020.35
1.41E+09 0.1729 4987.87
1.46E+09 0.1561 4955.49
1.50E+09 0.1427 4931.28
1.53E+09 0.1371 4916.82
1.55E+09 0.1241 4903
1.58E+09 0.1264 4888.05
1.60E+09 0.1229 4875.93
1.63E+09 0.1118 4864.02
1.65E+09 0.1150 4853.78
1.68E+09 0.1022 4842.55
1.70E+09 0.1129 4831.92
1.72E+09 0.1026 4822.01
1.75E+09 0.0981 4810.6
1.78E+09 0.0850 4802.35
1.80E+09 0.0982 4794.65
1.82E+09 0.0874 4786.82
1.84E+09 0.0873 4779.45
1.86E+09 0.0825 4770.68
1.88E+09 0.0799 4763.48
1.91E+09 0.0833 4754.66
1.93E+09 0.0820 4747.49
1.96E+09 0.0780 4738.7
1.98E+09 0.0818 4731.89
2.01E+09 0.0786 4722.27
2.03E+09 0.0679 4714.69
2.06E+09 0.0711 4706.24
2.09E+09 0.0685 4698.42
2.11E+09 0.0699 4692.34
2.14E+09 0.0656 4684.88
2.17E+09 0.0617 4677.35
2.20E+09 0.0644 4669.8
2.23E+09 0.0600 4662.35
2.26E+09 0.0614 4654.59
2.29E+09 0.0550 4647.05
2.32E+09 0.0567 4640.38
2.36E+09 0.0510 4632.67
2.39E+09 0.0500 4626.84
2.41E+09 0.0507 4620.86
2.44E+09 0.0488 4615.75
2.48E+09 0.0480 4608.38
2.51E+09 0.0461 4602.95
2.54E+09 0.0435 4596.25
2.58E+09 0.0455 4590.16
2.61E+09 0.0446 4584.32
2.64E+09 0.0393 4578.57
2.68E+09 0.0387 4573.05
2.71E+09 0.0390 4567.85
2.74E+09 0.0366 4562.57
2.78E+09 0.0367 4557.53
2.81E+09 0.0339 4552.51
2.85E+09 0.0342 4547.45
2.89E+09 0.0340 4541.57
2.93E+09 0.0309 4536.3
2.97E+09 0.0295 4531.15
3.02E+09 0.0283 4526.21
3.05E+09 0.0286 4521.42
3.09E+09 0.0270 4517.29
3.13E+09 0.0267 4512.67
3.18E+09 0.0269 4508.07
3.22E+09 0.0240 4503.21
3.26E+09 0.0246 4499.34
3.31E+09 0.0221 4494.98
3.35E+09 0.0243 4491.45
3.39E+09 0.0216 4487.3
3.44E+09 0.0206 4482.86
3.48E+09 0.0210 4479.3
3.53E+09 0.0186 4475.25
3.58E+09 0.0204 4471.7
3.62E+09 0.0175 4468.76
3.67E+09 0.0166 4464.9
3.72E+09 0.0162 4461.92
3.77E+09 0.0170 4458.31
3.82E+09 0.0155 4454.8
3.87E+09 0.0160 4451.79
3.93E+09 0.0142 4447.91
3.99E+09 0.0149 4444.33
4.05E+09 0.0141 4441.04
4.10E+09 0.0136 4437.97
4.15E+09 0.0129 4435.35
4.21E+09 0.0127 4432.26
4.26E+09 0.0128 4429.81
4.32E+09 0.0112 4426.66
4.38E+09 0.0124 4423.99
4.45E+09 0.0109 4420.79
4.51E+09 0.0116 4417.79
4.58E+09 0.0102 4415.04
4.64E+09 0.0093 4412.37
4.70E+09 0.0089 4410.22
4.77E+09 0.0110 4407.63
4.84E+09 0.0087 4404.75
4.92E+09 0.0080 4402.15
4.98E+09 0.0088 4399.72
