0.00E+00 -0.5555 5090.68
8.35E+08 0.0392 4540.07
1.14E+09 0.0313 4422.47
1.34E+09 0.0271 4352.84
1.50E+09 0.0541 4308.18
1.53E+09 0.0584 4287.08
1.65E+09 0.0300 4234.68
1.82E+09 0.0232 4184.23
1.96E+09 0.0195 4151.16
2.09E+09 0.0171 4125.17
2.22E+09 0.0169 4101.5
2.32E+09 0.0208 4080.05
2.42E+09 0.0215 4056.79
2.52E+09 0.0196 4034.62
2.62E+09 0.0158 4014.42
2.73E+09 0.0127 3998.22
2.82E+09 0.0120 3985.58
2.89E+09 0.0125 3975.44
2.96E+09 0.0138 3965.43
3.03E+09 0.0141 3954.88
3.09E+09 0.0126 3945.39
3.17E+09 0.0113 3935.31
3.24E+09 0.0111 3927.42
3.31E+09 0.0108 3919.03
3.37E+09 0.0100 3911.45
3.44E+09 0.0094 3904.26
3.51E+09 0.0088 3896.82
3.59E+09 0.0083 3889.87
3.67E+09 0.0083 3882.71
3.74E+09 0.0078 3875.79
3.82E+09 0.0072 3869.72
3.89E+09 0.0067 3863.76
3.97E+09 0.0066 3858.15
4.04E+09 0.0063 3852.8
4.13E+09 0.0058 3847.29
4.21E+09 0.0056 3841.77
4.30E+09 0.0054 3836.48
4.39E+09 0.0050 3831.37
4.48E+09 0.0047 3826.38
4.58E+09 0.0045 3821.59
4.68E+09 0.0043 3816.92
4.77E+09 0.0039 3812.58
4.87E+09 0.0035 3808.57
4.97E+09 0.0034 3804.69
