0.00E+00 -0.2788 3916.9
5.27E+07 0.1837 3898.69
8.84E+07 0.1827 3871.39
1.54E+08 0.1592 3826.48
2.20E+08 0.1760 3781.52
2.95E+08 0.1652 3731.41
3.46E+08 0.1508 3699.03
3.74E+08 0.1422 3682.74
3.90E+08 0.1397 3673.7
4.07E+08 0.1335 3664.45
4.30E+08 0.1300 3652.33
4.55E+08 0.1261 3639.71
4.82E+08 0.1212 3626.59
5.03E+08 0.1123 3616.65
5.22E+08 0.1091 3608.14
5.42E+08 0.1072 3599.39
5.62E+08 0.1058 3591.03
5.83E+08 0.1023 3582.34
6.02E+08 0.0980 3574.73
6.22E+08 0.0953 3567.1
6.46E+08 0.0926 3557.95
6.65E+08 0.0899 3551.08
6.86E+08 0.0855 3543.85
7.06E+08 0.0821 3537.04
7.26E+08 0.0801 3530.54
7.45E+08 0.0765 3524.62
7.61E+08 0.0744 3519.64
7.82E+08 0.0713 3513.74
7.98E+08 0.0689 3509.21
8.20E+08 0.0662 3503.09
8.44E+08 0.0632 3496.91
8.65E+08 0.0594 3491.93
8.90E+08 0.0578 3486.04
9.18E+08 0.0540 3479.77
9.47E+08 0.0506 3473.72
9.77E+08 0.0478 3467.82
1.00E+09 0.0453 3462.82
1.03E+09 0.0432 3458.37
1.06E+09 0.0403 3453.15
1.09E+09 0.0372 3447.98
1.12E+09 0.0350 3443.68
1.16E+09 0.0322 3439.42
1.19E+09 0.0305 3434.82
1.23E+09 0.0280 3430.76
1.26E+09 0.0269 3426.83
1.29E+09 0.0265 3423.56
1.33E+09 0.0257 3420.18
1.36E+09 0.0253 3416.94
1.39E+09 0.0251 3414.17
1.42E+09 0.0246 3411.21
1.44E+09 0.0242 3408.39
1.47E+09 0.0240 3405.52
1.50E+09 0.0238 3402.9
1.53E+09 0.0232 3400.07
1.56E+09 0.0238 3397.21
1.59E+09 0.0235 3394.51
1.62E+09 0.0233 3391.64
1.65E+09 0.0231 3388.68
1.68E+09 0.0235 3386.13
1.71E+09 0.0226 3383.39
1.74E+09 0.0225 3380.63
1.77E+09 0.0226 3378.14
1.80E+09 0.0224 3375.42
1.83E+09 0.0217 3372.68
1.86E+09 0.0218 3369.92
1.90E+09 0.0216 3367.09
1.93E+09 0.0213 3364.08
1.96E+09 0.0210 3361.27
2.00E+09 0.0206 3358.25
2.04E+09 0.0201 3355.25
2.07E+09 0.0200 3352.4
2.11E+09 0.0199 3349.66
2.14E+09 0.0196 3346.7
2.18E+09 0.0193 3344.02
2.21E+09 0.0191 3341.26
2.25E+09 0.0186 3338.55
2.29E+09 0.0186 3335.77
2.32E+09 0.0183 3332.95
2.36E+09 0.0178 3330.09
2.40E+09 0.0176 3327.37
2.44E+09 0.0170 3324.58
2.48E+09 0.0166 3321.91
2.52E+09 0.0165 3319.2
2.56E+09 0.0161 3316.59
2.60E+09 0.0164 3314.31
2.64E+09 0.0156 3311.64
2.68E+09 0.0158 3309.18
2.71E+09 0.0153 3306.98
2.75E+09 0.0149 3304.55
2.79E+09 0.0145 3302.2
2.83E+09 0.0149 3299.99
2.87E+09 0.0142 3297.62
2.92E+09 0.0138 3295.12
2.96E+09 0.0135 3292.72
3.00E+09 0.0140 3290.31
3.05E+09 0.0133 3287.68
3.10E+09 0.0133 3285.42
3.13E+09 0.0137 3283.42
3.18E+09 0.0132 3281
3.23E+09 0.0129 3278.34
3.28E+09 0.0122 3275.91
3.32E+09 0.0119 3273.61
3.37E+09 0.0121 3271.29
3.42E+09 0.0116 3269.12
3.47E+09 0.0117 3266.83
3.51E+09 0.0118 3264.63
3.56E+09 0.0121 3262.5
3.61E+09 0.0112 3260.18
3.66E+09 0.0116 3258.12
3.70E+09 0.0113 3255.98
3.75E+09 0.0110 3253.86
3.80E+09 0.0106 3251.66
3.85E+09 0.0104 3249.43
3.91E+09 0.0100 3247.28
3.96E+09 0.0101 3245.21
4.01E+09 0.0103 3243.12
4.06E+09 0.0102 3240.99
4.11E+09 0.0102 3238.86
4.17E+09 0.0098 3236.66
4.22E+09 0.0099 3234.7
4.27E+09 0.0097 3232.68
4.32E+09 0.0099 3230.6
4.38E+09 0.0093 3228.34
4.44E+09 0.0091 3226.27
4.49E+09 0.0091 3224.26
4.55E+09 0.0089 3222.24
4.60E+09 0.0091 3220.4
4.65E+09 0.0093 3218.56
4.70E+09 0.0089 3216.59
4.76E+09 0.0091 3214.78
4.81E+09 0.0086 3212.86
4.86E+09 0.0086 3211.01
4.92E+09 0.0085 3209.17
4.97E+09 0.0082 3207.36
