0.00E+00 -0.6277 5311.4
1.65E+08 0.1815 5235.58
2.15E+08 0.1797 5208.94
2.58E+08 0.1668 5186.89
2.82E+08 0.1740 5174.14
2.88E+08 0.1934 5171.31
2.89E+08 0.2304 5170.22
2.96E+08 0.2436 5165.43
3.09E+08 0.2388 5155.36
3.30E+08 0.2528 5139.73
3.35E+08 0.2833 5135.94
3.46E+08 0.2761 5126.46
3.62E+08 0.2683 5112.47
4.10E+08 0.2592 5075.2
4.29E+08 0.2852 5059.37
4.75E+08 0.2666 5020.89
5.29E+08 0.2483 4977.57
5.72E+08 0.2338 4946.39
6.07E+08 0.2239 4921.74
6.41E+08 0.2168 4898.66
6.68E+08 0.2138 4880.52
6.93E+08 0.2134 4864.43
7.15E+08 0.2140 4849.73
7.33E+08 0.2067 4838.11
7.47E+08 0.1954 4829.24
7.63E+08 0.2157 4819.9
7.80E+08 0.2238 4807.82
7.95E+08 0.2140 4797.6
8.10E+08 0.2157 4787.74
8.29E+08 0.2178 4775.38
8.49E+08 0.2036 4762.14
8.64E+08 0.2059 4753.07
8.83E+08 0.1969 4740.97
8.99E+08 0.2046 4731.28
9.15E+08 0.1923 4721.39
9.29E+08 0.1912 4713.09
9.42E+08 0.1926 4706.03
9.55E+08 0.1804 4698.36
9.66E+08 0.1798 4692.33
9.75E+08 0.1905 4687.36
9.87E+08 0.1779 4680.18
1.00E+09 0.1868 4672.79
1.01E+09 0.1780 4665.77
1.02E+09 0.1825 4659.42
1.04E+09 0.1739 4653.37
1.05E+09 0.1780 4647.56
1.06E+09 0.1752 4640.61
1.07E+09 0.1760 4633.89
1.08E+09 0.1718 4627.91
1.09E+09 0.1666 4622.2
1.10E+09 0.1584 4617.88
1.11E+09 0.1701 4611.76
1.13E+09 0.1723 4606.31
1.13E+09 0.1605 4602
1.14E+09 0.1650 4596.83
1.16E+09 0.1574 4591.14
1.17E+09 0.1623 4585.85
1.18E+09 0.1562 4580.55
1.19E+09 0.1584 4575.66
1.20E+09 0.1553 4570.87
1.21E+09 0.1571 4566.13
1.22E+09 0.1512 4561.92
1.23E+09 0.1461 4557.6
1.24E+09 0.1618 4553.08
1.25E+09 0.1589 4547.34
1.26E+09 0.1539 4541.44
1.27E+09 0.1557 4536.24
1.28E+09 0.1445 4531.51
1.29E+09 0.1505 4527.29
1.30E+09 0.1490 4523.01
1.31E+09 0.1509 4517.86
1.32E+09 0.1481 4512.26
1.33E+09 0.1443 4508.02
1.34E+09 0.1466 4503.02
1.36E+09 0.1491 4497.08
1.37E+09 0.1506 4492.03
1.38E+09 0.1440 4487.46
1.39E+09 0.1397 4482.82
1.40E+09 0.1397 4478.73
1.41E+09 0.1280 4474.78
1.42E+09 0.1360 4470.93
1.43E+09 0.1435 4466.31
1.44E+09 0.1397 4462.12
1.45E+09 0.1303 4458.23
1.46E+09 0.1287 4454.22
1.47E+09 0.1311 4450.7
1.48E+09 0.1277 4446.96
1.49E+09 0.1297 4443.04
1.50E+09 0.1282 4438.98
1.51E+09 0.1297 4435.19
1.52E+09 0.1286 4430.29
1.53E+09 0.1250 4426.44
1.54E+09 0.1280 4421.85
1.55E+09 0.1293 4417.46
1.56E+09 0.1290 4413.4
1.57E+09 0.1301 4408.66
1.58E+09 0.1224 4404.38
1.59E+09 0.1234 4400.35
1.60E+09 0.1253 4396.54
1.62E+09 0.1208 4392.23
1.63E+09 0.1221 4388.43
1.64E+09 0.1251 4384.02
1.65E+09 0.1194 4379.52
1.66E+09 0.1167 4375.06
1.67E+09 0.1223 4371.07
1.68E+09 0.1193 4366.69
1.70E+09 0.1142 4362.74
1.71E+09 0.1109 4359.23
1.72E+09 0.1236 4355.41
1.73E+09 0.1162 4351.27
1.74E+09 0.1138 4346.83
1.75E+09 0.1080 4343.15
1.76E+09 0.1144 4339.21
1.77E+09 0.1121 4335.28
1.79E+09 0.1165 4331.23
1.80E+09 0.1140 4326.89
1.81E+09 0.1138 4322.88
1.82E+09 0.1066 4318.76
1.83E+09 0.1085 4314.78
1.84E+09 0.1081 4311.28
1.85E+09 0.1001 4307.88
1.87E+09 0.0994 4304.4
1.88E+09 0.1030 4301.17
1.89E+09 0.1096 4296.73
1.90E+09 0.1115 4292.68
1.92E+09 0.1015 4288.42
1.93E+09 0.0983 4284.17
1.94E+09 0.1042 4281
1.95E+09 0.0982 4276.88
1.96E+09 0.0976 4273.13
1.98E+09 0.1007 4269.45
1.99E+09 0.0946 4265.45
2.00E+09 0.0987 4261.21
2.02E+09 0.0960 4256.94
2.03E+09 0.0985 4253.16
2.04E+09 0.0908 4249.8
2.06E+09 0.0891 4246.34
2.07E+09 0.0935 4242.88
2.08E+09 0.0963 4239.12
2.09E+09 0.0886 4235.41
2.11E+09 0.0855 4232.04
2.12E+09 0.0932 4228.49
2.13E+09 0.0897 4225.23
2.15E+09 0.0846 4221.44
2.16E+09 0.0768 4218.21
2.17E+09 0.0885 4214.78
2.18E+09 0.0866 4211.46
2.20E+09 0.0926 4207.58
2.21E+09 0.0848 4203.7
2.23E+09 0.0820 4199.86
2.24E+09 0.0863 4196.41
2.25E+09 0.0891 4192.84
2.27E+09 0.0842 4189.23
2.28E+09 0.0873 4185.29
2.30E+09 0.0804 4181.89
2.31E+09 0.0749 4178.68
2.32E+09 0.0748 4175.79
2.34E+09 0.0738 4172.81
2.35E+09 0.0759 4169.97
2.36E+09 0.0778 4166.82
2.37E+09 0.0714 4163.86
2.39E+09 0.0766 4160.43
2.40E+09 0.0765 4157.36
2.42E+09 0.0786 4153.72
2.43E+09 0.0808 4150.32
2.45E+09 0.0756 4146.85
2.46E+09 0.0755 4143.32
2.47E+09 0.0746 4140.34
2.49E+09 0.0713 4137.18
2.50E+09 0.0727 4133.87
2.52E+09 0.0719 4130.49
2.53E+09 0.0728 4127.23
2.55E+09 0.0653 4124.11
2.56E+09 0.0726 4121.05
2.58E+09 0.0664 4118.37
2.59E+09 0.0654 4115.43
2.61E+09 0.0613 4112.43
2.62E+09 0.0704 4109.32
2.63E+09 0.0642 4106.77
2.65E+09 0.0587 4103.81
2.66E+09 0.0663 4100.83
2.68E+09 0.0643 4098.19
2.69E+09 0.0638 4095.15
2.71E+09 0.0637 4092.31
2.72E+09 0.0607 4089.46
2.74E+09 0.0640 4086.51
2.75E+09 0.0599 4083.74
2.77E+09 0.0571 4080.9
2.78E+09 0.0624 4078.21
2.80E+09 0.0583 4075.21
2.82E+09 0.0580 4072.36
2.83E+09 0.0574 4069.66
2.85E+09 0.0538 4066.86
2.86E+09 0.0659 4063.65
2.88E+09 0.0594 4060.21
2.90E+09 0.0570 4057.16
2.92E+09 0.0604 4054.27
2.93E+09 0.0591 4051.38
2.95E+09 0.0537 4048.65
2.96E+09 0.0565 4045.94
2.98E+09 0.0556 4043.02
3.00E+09 0.0559 4039.75
3.02E+09 0.0556 4036.35
3.03E+09 0.0577 4033.74
3.05E+09 0.0520 4030.76
3.07E+09 0.0519 4028.04
3.09E+09 0.0507 4025.53
3.10E+09 0.0505 4022.91
3.12E+09 0.0539 4020.24
3.14E+09 0.0554 4016.86
3.16E+09 0.0519 4014.11
3.17E+09 0.0480 4011.42
3.19E+09 0.0494 4008.77
3.21E+09 0.0496 4006.21
3.23E+09 0.0461 4003.39
3.25E+09 0.0579 3999.97
3.27E+09 0.0522 3995.76
3.29E+09 0.0482 3992.82
3.32E+09 0.0506 3989.24
3.33E+09 0.0506 3986.64
3.35E+09 0.0497 3983.56
3.38E+09 0.0466 3980.13
3.40E+09 0.0473 3976.84
3.42E+09 0.0491 3973.32
3.45E+09 0.0445 3969.57
3.48E+09 0.0441 3966.13
3.50E+09 0.0431 3962.76
3.53E+09 0.0402 3959.41
3.55E+09 0.0438 3956.75
3.57E+09 0.0404 3954.09
3.59E+09 0.0406 3951.67
3.61E+09 0.0380 3949.27
3.63E+09 0.0368 3947
3.65E+09 0.0436 3944.14
3.67E+09 0.0439 3941.16
3.69E+09 0.0433 3938.05
3.72E+09 0.0395 3934.75
3.74E+09 0.0398 3931.75
3.77E+09 0.0421 3928.16
3.80E+09 0.0394 3925.02
3.83E+09 0.0380 3921.5
3.85E+09 0.0394 3918.29
3.88E+09 0.0390 3914.78
3.91E+09 0.0398 3911.29
3.94E+09 0.0344 3907.93
3.97E+09 0.0380 3905.01
4.00E+09 0.0355 3902.18
4.02E+09 0.0377 3899.23
4.04E+09 0.0342 3896.52
4.07E+09 0.0302 3893.57
4.10E+09 0.0288 3891.24
4.12E+09 0.0333 3889.09
4.15E+09 0.0343 3886.29
4.18E+09 0.0337 3883.42
4.21E+09 0.0344 3880.41
4.23E+09 0.0358 3877.66
4.26E+09 0.0334 3874.63
4.29E+09 0.0345 3871.48
4.32E+09 0.0320 3868.32
4.36E+09 0.0319 3864.94
4.38E+09 0.0300 3862.3
4.41E+09 0.0329 3859.32
4.44E+09 0.0299 3856.68
4.47E+09 0.0265 3854.49
4.50E+09 0.0272 3851.83
4.53E+09 0.0231 3849.49
4.56E+09 0.0261 3847.28
4.59E+09 0.0292 3844.92
4.62E+09 0.0255 3842.42
4.65E+09 0.0285 3839.64
4.68E+09 0.0286 3837.08
4.72E+09 0.0278 3834.13
4.75E+09 0.0265 3831.4
4.78E+09 0.0289 3828.31
4.82E+09 0.0265 3825.4
4.86E+09 0.0280 3822.34
4.89E+09 0.0257 3819.44
4.93E+09 0.0249 3816.44
4.97E+09 0.0247 3813.51
