0.00E+00 -0.8684 6015.36
4.17E+08 0.1112 5450.84
5.96E+08 0.0854 5276.78
7.78E+08 0.0703 5139.12
1.01E+09 0.0602 4989.93
1.32E+09 0.0476 4829.36
1.48E+09 0.1040 4719.65
1.50E+09 0.0724 4698.77
1.66E+09 0.0410 4628.48
1.87E+09 0.0353 4554.01
2.02E+09 0.0362 4500.15
2.16E+09 0.0278 4456.2
2.28E+09 0.0229 4426.11
2.42E+09 0.0190 4398.5
2.56E+09 0.0169 4373.52
2.70E+09 0.0184 4349.45
2.82E+09 0.0162 4328.65
2.95E+09 0.0124 4310.53
3.06E+09 0.0098 4299.21
3.15E+09 0.0075 4291.37
3.23E+09 0.0076 4285.76
3.31E+09 0.0083 4279.22
3.38E+09 0.0079 4273.57
3.45E+09 0.0074 4268.26
3.52E+09 0.0069 4263.13
3.60E+09 0.0066 4258.4
3.67E+09 0.0066 4253.84
3.74E+09 0.0058 4249.5
3.81E+09 0.0058 4245.48
3.88E+09 0.0055 4241.64
3.95E+09 0.0056 4237.75
4.02E+09 0.0052 4234.02
4.09E+09 0.0050 4230.44
4.17E+09 0.0048 4226.72
4.25E+09 0.0048 4223.11
4.33E+09 0.0044 4219.52
4.41E+09 0.0045 4216.03
4.49E+09 0.0043 4212.35
4.57E+09 0.0039 4209.1
4.65E+09 0.0039 4206.11
4.74E+09 0.0038 4202.78
4.82E+09 0.0035 4199.85
4.91E+09 0.0033 4196.95
4.99E+09 0.0031 4194.2
