0.00E+00 -0.7548 5678.59
1.58E+08 0.2046 5571.87
2.04E+08 0.1991 5536.31
2.42E+08 0.2026 5508.02
2.75E+08 0.2041 5484.2
3.09E+08 0.1891 5460.78
3.32E+08 0.1928 5445.18
3.61E+08 0.1794 5426.22
3.81E+08 0.1819 5413.04
4.04E+08 0.1724 5398.5
4.25E+08 0.1718 5386.04
4.45E+08 0.1699 5374.11
4.63E+08 0.1655 5363.22
4.81E+08 0.1675 5352.58
4.96E+08 0.1681 5343.74
5.02E+08 0.1791 5340.22
5.04E+08 0.1962 5338.74
5.07E+08 0.2198 5336.95
5.11E+08 0.2526 5333.49
5.18E+08 0.2579 5327.24
5.36E+08 0.2730 5309.6
5.58E+08 0.2755 5288.69
5.73E+08 0.2851 5274.08
5.86E+08 0.2798 5260.34
6.19E+08 0.2378 5231.29
6.58E+08 0.2343 5198.66
6.96E+08 0.2389 5167.57
7.21E+08 0.2519 5145.52
7.47E+08 0.2863 5121.77
7.85E+08 0.2514 5085.74
8.36E+08 0.2153 5043.85
8.90E+08 0.1955 5005.73
9.37E+08 0.2352 4970.25
9.82E+08 0.2451 4932.08
1.04E+09 0.2276 4885.08
1.08E+09 0.2073 4850.19
1.10E+09 0.1967 4835.57
1.12E+09 0.1821 4827.06
1.13E+09 0.1779 4816.13
1.15E+09 0.1778 4806.22
1.17E+09 0.1767 4794.51
1.18E+09 0.1613 4784.81
1.20E+09 0.1663 4777.1
1.22E+09 0.1634 4766.14
1.23E+09 0.1647 4756.28
1.25E+09 0.1634 4746.72
1.27E+09 0.1529 4737.58
1.28E+09 0.1534 4729.37
1.30E+09 0.1592 4720.99
1.31E+09 0.1500 4713.41
1.32E+09 0.1475 4707.2
1.34E+09 0.1536 4699.57
1.35E+09 0.1482 4691.19
1.37E+09 0.1497 4682.42
1.39E+09 0.1430 4673.51
1.40E+09 0.1489 4665.57
1.42E+09 0.1368 4658.17
1.43E+09 0.1379 4650.98
1.45E+09 0.1363 4643.82
1.46E+09 0.1394 4635.81
1.48E+09 0.1366 4628.14
1.49E+09 0.1320 4621.1
1.50E+09 0.1297 4615.5
1.52E+09 0.1298 4607.74
1.54E+09 0.1343 4601.04
1.55E+09 0.1265 4593.84
1.57E+09 0.1263 4586.52
1.58E+09 0.1303 4580.03
1.60E+09 0.1252 4572.26
1.62E+09 0.1148 4563.7
1.64E+09 0.1199 4555.36
1.66E+09 0.1212 4548.44
1.67E+09 0.1108 4542.31
1.69E+09 0.1110 4536.52
1.70E+09 0.1140 4530.27
1.72E+09 0.1138 4522.32
1.74E+09 0.1103 4515.73
1.76E+09 0.1139 4507.56
1.77E+09 0.1115 4501.57
1.79E+09 0.1062 4493.87
1.81E+09 0.1089 4486.84
1.83E+09 0.1007 4479.51
1.85E+09 0.1011 4472.57
1.87E+09 0.1025 4464.89
1.89E+09 0.0939 4458.32
1.91E+09 0.1020 4451.12
1.93E+09 0.0922 4444.4
1.95E+09 0.0938 4437.5
1.97E+09 0.0947 4431.36
1.99E+09 0.0866 4425.82
2.01E+09 0.0884 4420.15
2.03E+09 0.0854 4414.49
2.05E+09 0.0857 4408.38
2.07E+09 0.0830 4402.64
2.08E+09 0.0826 4397.42
2.10E+09 0.0883 4391.11
2.13E+09 0.0841 4383.28
2.15E+09 0.0799 4376.97
2.18E+09 0.0796 4370.44
2.19E+09 0.0783 4365.25
2.22E+09 0.0797 4358.4
2.25E+09 0.0789 4351.15
2.27E+09 0.0755 4344.92
2.30E+09 0.0751 4337.41
2.32E+09 0.0745 4330.85
2.34E+09 0.0715 4324.78
2.37E+09 0.0674 4319.02
2.39E+09 0.0714 4312.72
2.42E+09 0.0628 4306.35
2.44E+09 0.0709 4300.33
2.47E+09 0.0639 4294.12
2.50E+09 0.0641 4288.36
2.52E+09 0.0651 4282.99
2.55E+09 0.0622 4276.32
2.58E+09 0.0565 4270.44
2.60E+09 0.0577 4265.36
2.63E+09 0.0586 4259.77
2.66E+09 0.0565 4253.78
2.69E+09 0.0546 4248.22
2.72E+09 0.0541 4242.62
2.74E+09 0.0557 4237.38
2.78E+09 0.0503 4231.44
2.80E+09 0.0533 4226.27
2.84E+09 0.0487 4219.92
2.87E+09 0.0503 4215.1
2.90E+09 0.0501 4209.59
2.93E+09 0.0443 4204.24
2.96E+09 0.0492 4199.41
2.99E+09 0.0410 4194.35
3.01E+09 0.0472 4190.64
3.05E+09 0.0418 4185.29
3.08E+09 0.0437 4180.06
3.12E+09 0.0434 4175.03
3.15E+09 0.0423 4170.36
3.18E+09 0.0412 4165.3
3.22E+09 0.0420 4159.76
3.25E+09 0.0369 4154.95
3.29E+09 0.0361 4150.23
3.33E+09 0.0383 4145.52
3.36E+09 0.0314 4140.99
3.39E+09 0.0359 4138.07
3.42E+09 0.0333 4134.45
3.45E+09 0.0343 4130.06
3.49E+09 0.0365 4126.1
3.52E+09 0.0307 4122.27
3.55E+09 0.0321 4118.64
3.58E+09 0.0323 4114.89
3.62E+09 0.0311 4110.86
3.66E+09 0.0292 4106.95
3.69E+09 0.0291 4103.29
3.72E+09 0.0302 4099.97
3.76E+09 0.0297 4095.71
3.80E+09 0.0276 4091.66
3.84E+09 0.0269 4088.48
3.88E+09 0.0270 4084.55
3.91E+09 0.0282 4081.19
3.94E+09 0.0262 4078.38
3.98E+09 0.0247 4075.12
4.02E+09 0.0252 4071.21
4.06E+09 0.0248 4068.12
4.10E+09 0.0243 4064.57
4.14E+09 0.0236 4061.32
4.17E+09 0.0214 4058.41
4.22E+09 0.0227 4055.11
4.25E+09 0.0221 4052.19
4.29E+09 0.0202 4049.45
4.33E+09 0.0211 4046.31
4.37E+09 0.0196 4043.58
4.41E+09 0.0196 4040.94
4.45E+09 0.0207 4037.89
4.49E+09 0.0211 4034.81
4.53E+09 0.0198 4031.99
4.57E+09 0.0195 4029.38
4.61E+09 0.0202 4026.53
4.65E+09 0.0191 4023.88
4.68E+09 0.0180 4021.38
4.72E+09 0.0166 4019.09
4.76E+09 0.0172 4016.62
4.80E+09 0.0171 4014.15
4.84E+09 0.0159 4011.74
4.88E+09 0.0165 4009.49
4.93E+09 0.0157 4007.06
4.97E+09 0.0151 4004.67
