0.00E+00 -0.6459 5347.51
1.95E+08 0.1700 5236.48
2.52E+08 0.1619 5200.9
2.96E+08 0.1530 5174.02
3.35E+08 0.1564 5151.78
3.71E+08 0.1474 5131.51
3.99E+08 0.1469 5116.49
4.29E+08 0.1421 5100.15
4.51E+08 0.1488 5088.63
4.59E+08 0.1745 5084.07
4.63E+08 0.2385 5080.61
4.77E+08 0.2322 5068.24
5.23E+08 0.2007 5032.4
5.64E+08 0.2159 5001.25
5.90E+08 0.2451 4978.74
6.21E+08 0.2436 4951.4
6.66E+08 0.2240 4912.14
7.42E+08 0.1998 4852.18
8.08E+08 0.1792 4805.8
8.62E+08 0.1590 4771.75
9.17E+08 0.1394 4741.72
9.68E+08 0.1581 4715.12
1.01E+09 0.1754 4687.2
1.07E+09 0.1705 4648.44
1.09E+09 0.1611 4636.79
1.11E+09 0.1656 4626.51
1.13E+09 0.1488 4611.89
1.16E+09 0.1418 4600.19
1.18E+09 0.1437 4587.37
1.20E+09 0.1438 4577.22
1.22E+09 0.1336 4567.3
1.24E+09 0.1384 4556.99
1.26E+09 0.1436 4547.18
1.27E+09 0.1411 4538.12
1.30E+09 0.1324 4527.24
1.31E+09 0.1346 4518.32
1.33E+09 0.1283 4509.88
1.35E+09 0.1297 4502.34
1.37E+09 0.1247 4493.07
1.38E+09 0.1233 4486.16
1.40E+09 0.1239 4478.73
1.42E+09 0.1173 4470.42
1.43E+09 0.1192 4463.92
1.44E+09 0.1092 4457.98
1.46E+09 0.1146 4452.92
1.47E+09 0.1129 4446.27
1.49E+09 0.1226 4439.58
1.51E+09 0.1146 4430.66
1.53E+09 0.1140 4421.95
1.55E+09 0.1057 4415.18
1.56E+09 0.1087 4408.26
1.58E+09 0.1013 4401.59
1.59E+09 0.1052 4396.97
1.61E+09 0.1061 4389.59
1.63E+09 0.1021 4382.29
1.65E+09 0.1012 4374.9
1.67E+09 0.0947 4368.69
1.68E+09 0.0932 4363.6
1.70E+09 0.1004 4356.25
1.72E+09 0.0945 4349.36
1.74E+09 0.0979 4342.63
1.76E+09 0.0936 4336.82
1.78E+09 0.0897 4329.87
1.79E+09 0.0949 4324.62
1.81E+09 0.0896 4317.68
1.83E+09 0.0875 4311.67
1.85E+09 0.0815 4306.05
1.86E+09 0.0887 4301.22
1.89E+09 0.0855 4294.5
1.90E+09 0.0825 4289.23
1.92E+09 0.0826 4283.19
1.94E+09 0.0765 4278.07
1.96E+09 0.0803 4271.97
1.98E+09 0.0795 4266.89
2.00E+09 0.0784 4260.69
2.02E+09 0.0771 4254.18
2.05E+09 0.0732 4247.38
2.07E+09 0.0775 4240.48
2.09E+09 0.0722 4234.4
2.12E+09 0.0694 4228.01
2.14E+09 0.0687 4222.15
2.16E+09 0.0715 4216.2
2.19E+09 0.0609 4210.32
2.21E+09 0.0711 4205.4
2.23E+09 0.0628 4199.47
2.25E+09 0.0642 4194.42
2.27E+09 0.0600 4191
2.29E+09 0.0658 4185.47
2.32E+09 0.0576 4179.78
2.34E+09 0.0687 4175.12
2.36E+09 0.0569 4170.21
2.38E+09 0.0557 4165.9
2.40E+09 0.0634 4160.15
2.43E+09 0.0549 4154.45
2.46E+09 0.0519 4149.17
2.48E+09 0.0519 4145.07
2.50E+09 0.0508 4140.96
2.53E+09 0.0580 4135.57
2.55E+09 0.0579 4129.87
2.58E+09 0.0531 4123.79
2.61E+09 0.0476 4118.96
2.63E+09 0.0519 4114.62
2.66E+09 0.0533 4109.63
2.68E+09 0.0484 4104.9
2.71E+09 0.0460 4100.79
2.73E+09 0.0450 4096.38
2.76E+09 0.0452 4091.68
2.79E+09 0.0470 4086.97
2.82E+09 0.0488 4081.82
2.85E+09 0.0419 4076.87
2.87E+09 0.0408 4072.46
2.91E+09 0.0425 4067.53
2.94E+09 0.0421 4062.58
2.97E+09 0.0443 4057.51
3.00E+09 0.0394 4052.51
3.03E+09 0.0431 4048.17
3.06E+09 0.0386 4043.36
3.09E+09 0.0413 4039.23
3.13E+09 0.0359 4034.38
3.16E+09 0.0390 4029.99
3.19E+09 0.0401 4024.79
3.23E+09 0.0371 4019.86
3.26E+09 0.0328 4015.34
3.29E+09 0.0337 4011.5
3.32E+09 0.0317 4007.7
3.35E+09 0.0338 4004.32
3.38E+09 0.0313 4000.03
3.42E+09 0.0326 3995.88
3.46E+09 0.0322 3991.47
3.49E+09 0.0324 3987.03
3.53E+09 0.0305 3982.76
3.57E+09 0.0301 3978.54
3.61E+09 0.0296 3973.77
3.65E+09 0.0264 3970.04
3.68E+09 0.0250 3966.65
3.72E+09 0.0291 3963.21
3.76E+09 0.0275 3958.97
3.79E+09 0.0241 3955.42
3.83E+09 0.0241 3952.22
3.87E+09 0.0255 3948.77
3.91E+09 0.0242 3944.92
3.95E+09 0.0229 3940.98
3.99E+09 0.0246 3937.9
4.03E+09 0.0250 3933.99
4.08E+09 0.0207 3930.1
4.12E+09 0.0235 3926.79
4.16E+09 0.0216 3923.34
4.20E+09 0.0210 3920.03
4.25E+09 0.0201 3916.44
4.29E+09 0.0204 3913.18
4.34E+09 0.0213 3909.63
4.38E+09 0.0217 3906.2
4.42E+09 0.0179 3902.87
4.46E+09 0.0188 3900.31
4.51E+09 0.0194 3897.15
4.55E+09 0.0175 3894.15
4.59E+09 0.0177 3891.36
4.64E+09 0.0168 3888.35
4.68E+09 0.0177 3885.77
4.73E+09 0.0154 3882.88
4.78E+09 0.0172 3880.11
4.82E+09 0.0170 3877.34
4.86E+09 0.0155 3874.78
4.90E+09 0.0151 3872.31
4.95E+09 0.0156 3869.88
5.00E+09 0.0151 3867.21
