0.00E+00 -0.4292 4506.99
2.00E+08 0.1156 4451.5
2.21E+08 0.1418 4440.39
2.72E+08 0.1578 4414.68
3.74E+08 0.1489 4355.62
5.20E+08 0.1291 4281.37
6.03E+08 0.1235 4243.47
6.57E+08 0.1229 4218.36
6.98E+08 0.1213 4200.19
7.30E+08 0.1250 4185.68
7.61E+08 0.1254 4171.51
7.84E+08 0.1261 4160.84
8.07E+08 0.1197 4150.61
8.27E+08 0.1137 4142.12
8.42E+08 0.1111 4135.62
8.57E+08 0.1071 4129.6
8.72E+08 0.0983 4123.97
8.85E+08 0.0947 4119.37
8.98E+08 0.0891 4114.94
9.14E+08 0.0818 4110.03
9.30E+08 0.0897 4105.13
9.51E+08 0.0943 4098.38
9.68E+08 0.1009 4091.95
9.88E+08 0.0951 4085
1.01E+09 0.0934 4078.7
1.03E+09 0.0848 4071
1.05E+09 0.0797 4065.05
1.07E+09 0.0818 4059.7
1.09E+09 0.0755 4054.06
1.10E+09 0.0695 4049.66
1.13E+09 0.0735 4043.77
1.15E+09 0.0803 4037.76
1.17E+09 0.0810 4029.8
1.20E+09 0.0776 4022.35
1.23E+09 0.0737 4015.15
1.25E+09 0.0728 4008.31
1.27E+09 0.0648 4002.45
1.30E+09 0.0540 3997.94
1.31E+09 0.0677 3993.77
1.34E+09 0.0666 3987.44
1.36E+09 0.0620 3981.74
1.39E+09 0.0598 3976.47
1.41E+09 0.0594 3972.36
1.42E+09 0.0611 3968.4
1.44E+09 0.0565 3964.65
1.46E+09 0.0622 3959.95
1.49E+09 0.0592 3954.59
1.51E+09 0.0604 3949.51
1.53E+09 0.0535 3945.55
1.55E+09 0.0492 3941.86
1.57E+09 0.0585 3937.15
1.60E+09 0.0542 3932.32
1.62E+09 0.0552 3927.75
1.64E+09 0.0546 3923.65
1.66E+09 0.0538 3919.67
1.68E+09 0.0525 3914.96
1.70E+09 0.0473 3911.01
1.72E+09 0.0472 3908.04
1.74E+09 0.0497 3904.07
1.77E+09 0.0522 3900.25
1.79E+09 0.0492 3895.74
1.81E+09 0.0471 3891.26
1.84E+09 0.0513 3886.44
1.87E+09 0.0495 3881.93
1.88E+09 0.0471 3878.91
1.91E+09 0.0451 3874.02
1.94E+09 0.0435 3870.07
1.96E+09 0.0466 3865.83
1.98E+09 0.0439 3861.88
2.01E+09 0.0428 3857.55
2.04E+09 0.0450 3853.18
2.07E+09 0.0432 3848.72
2.09E+09 0.0445 3844.45
2.12E+09 0.0406 3840.1
2.15E+09 0.0422 3835.68
2.18E+09 0.0418 3830.75
2.21E+09 0.0395 3826.72
2.24E+09 0.0387 3822.51
2.27E+09 0.0417 3817.65
2.30E+09 0.0388 3812.89
2.33E+09 0.0346 3808.9
2.36E+09 0.0358 3805.58
2.39E+09 0.0372 3801.12
2.42E+09 0.0343 3796.97
2.45E+09 0.0323 3793.44
2.49E+09 0.0322 3789.44
2.52E+09 0.0317 3786.06
2.55E+09 0.0313 3782.28
2.58E+09 0.0305 3778.61
2.61E+09 0.0341 3774.67
2.65E+09 0.0325 3769.95
2.69E+09 0.0308 3765.58
2.73E+09 0.0297 3761.59
2.76E+09 0.0298 3757.92
2.80E+09 0.0257 3754.22
2.83E+09 0.0263 3750.67
2.87E+09 0.0241 3747.62
2.90E+09 0.0258 3744.22
2.94E+09 0.0275 3740.64
2.98E+09 0.0277 3736.63
3.01E+09 0.0261 3733.27
3.05E+09 0.0239 3729.6
3.10E+09 0.0268 3725.67
3.14E+09 0.0268 3721.36
3.19E+09 0.0265 3716.57
3.24E+09 0.0239 3711.97
3.28E+09 0.0229 3708.14
3.32E+09 0.0220 3704.87
3.37E+09 0.0200 3701.53
3.41E+09 0.0214 3698.07
3.46E+09 0.0205 3694.5
3.50E+09 0.0202 3691.29
3.55E+09 0.0206 3687.68
3.60E+09 0.0194 3684.19
3.64E+09 0.0193 3681.04
3.68E+09 0.0187 3678.05
3.73E+09 0.0179 3674.82
3.78E+09 0.0192 3671.44
3.84E+09 0.0177 3667.85
3.89E+09 0.0158 3664.75
3.94E+09 0.0160 3661.94
3.99E+09 0.0165 3658.69
4.04E+09 0.0169 3655.38
4.10E+09 0.0161 3652.23
4.15E+09 0.0161 3648.96
4.20E+09 0.0165 3645.88
4.26E+09 0.0165 3642.37
4.32E+09 0.0163 3638.73
4.37E+09 0.0156 3635.73
4.42E+09 0.0148 3633.02
4.48E+09 0.0148 3629.95
4.53E+09 0.0141 3627.04
4.59E+09 0.0130 3624.31
4.64E+09 0.0125 3621.78
4.70E+09 0.0124 3619.15
4.76E+09 0.0146 3616.39
4.81E+09 0.0126 3613.47
4.87E+09 0.0128 3610.84
4.93E+09 0.0123 3608.2
4.99E+09 0.0118 3605.63
