0.00E+00 -0.8637 6192.63
1.34E+08 0.3071 6075.07
1.79E+08 0.2866 6028.95
2.16E+08 0.2667 5993.02
2.42E+08 0.2600 5968.18
2.68E+08 0.2599 5943.7
2.96E+08 0.2449 5918.37
3.17E+08 0.2494 5899.74
3.44E+08 0.2358 5876.14
3.64E+08 0.2390 5858.9
3.85E+08 0.2309 5841.07
4.04E+08 0.2265 5825.3
4.20E+08 0.2277 5812.05
4.40E+08 0.2172 5795.91
4.57E+08 0.2204 5782.36
4.75E+08 0.2159 5768.56
4.91E+08 0.2137 5756.16
5.07E+08 0.2121 5743.83
5.20E+08 0.2095 5733.49
5.32E+08 0.2189 5724.35
5.36E+08 0.2389 5721.08
5.39E+08 0.2540 5718.64
5.41E+08 0.2806 5716.08
5.46E+08 0.3269 5710.95
5.57E+08 0.3778 5696.64
5.65E+08 0.3998 5685.81
5.87E+08 0.3390 5656.33
6.14E+08 0.3145 5624.79
6.44E+08 0.2925 5591.62
6.80E+08 0.2738 5554.54
7.18E+08 0.2599 5517.96
7.58E+08 0.2471 5481.55
8.01E+08 0.2621 5441.84
8.38E+08 0.2808 5406.26
8.62E+08 0.2959 5380.84
8.87E+08 0.3311 5353.55
9.16E+08 0.2640 5322.35
9.61E+08 0.2833 5280.14
1.00E+09 0.2943 5236.96
1.05E+09 0.2786 5188.49
1.10E+09 0.2787 5137.36
1.12E+09 0.2724 5118.3
1.12E+09 0.2499 5110.27
1.14E+09 0.2400 5093.67
1.16E+09 0.2433 5082.72
1.17E+09 0.2400 5069.48
1.19E+09 0.2303 5055.98
1.20E+09 0.2350 5044.68
1.22E+09 0.2200 5032.96
1.23E+09 0.2167 5020.16
1.25E+09 0.2250 5008.34
1.26E+09 0.2170 4997.9
1.27E+09 0.2261 4986.14
1.29E+09 0.2068 4975.14
1.30E+09 0.2199 4965.79
1.31E+09 0.2067 4957.06
1.33E+09 0.1937 4946.96
1.34E+09 0.2100 4936.91
1.35E+09 0.2003 4926.27
1.37E+09 0.2020 4916.41
1.38E+09 0.1937 4906.79
1.39E+09 0.2011 4897.23
1.41E+09 0.2012 4886.25
1.42E+09 0.1963 4877.48
1.44E+09 0.1888 4866.81
1.45E+09 0.1956 4855.54
1.47E+09 0.1877 4843.98
1.48E+09 0.1798 4834.88
1.50E+09 0.1909 4825.15
1.51E+09 0.1786 4815.54
1.53E+09 0.1844 4804.22
1.54E+09 0.1818 4796.33
1.56E+09 0.1809 4784.45
1.58E+09 0.1814 4775.22
1.59E+09 0.1608 4764.81
1.61E+09 0.1699 4754.92
1.63E+09 0.1718 4743.59
1.65E+09 0.1635 4732.32
1.67E+09 0.1624 4720.7
1.68E+09 0.1613 4711.62
1.70E+09 0.1611 4701.95
1.72E+09 0.1539 4691.46
1.73E+09 0.1516 4683.34
1.75E+09 0.1473 4673.87
1.77E+09 0.1471 4663.54
1.78E+09 0.1529 4654.38
1.80E+09 0.1466 4643.26
1.82E+09 0.1443 4632.54
1.84E+09 0.1402 4622.81
1.86E+09 0.1438 4612.99
1.88E+09 0.1316 4603.36
1.90E+09 0.1408 4593.08
1.92E+09 0.1367 4584.09
1.94E+09 0.1300 4574.71
1.96E+09 0.1282 4567.33
1.98E+09 0.1326 4558.77
1.99E+09 0.1274 4550.66
2.01E+09 0.1281 4541.36
2.03E+09 0.1213 4532.57
2.05E+09 0.1220 4523.72
2.07E+09 0.1229 4514.76
2.09E+09 0.1175 4506.24
2.11E+09 0.1111 4497.98
2.13E+09 0.1156 4489.72
2.15E+09 0.1180 4481.76
2.17E+09 0.1065 4473.87
2.19E+09 0.1108 4466.85
2.21E+09 0.1066 4458.66
2.23E+09 0.1080 4449.84
2.26E+09 0.1029 4441.09
2.28E+09 0.0941 4432.4
2.30E+09 0.1043 4425.29
2.32E+09 0.1024 4418.69
2.34E+09 0.0951 4410.94
2.36E+09 0.1009 4402.91
2.39E+09 0.0909 4394.99
2.41E+09 0.0972 4386.76
2.43E+09 0.0880 4379.35
2.46E+09 0.0935 4371.32
2.48E+09 0.0905 4363.58
2.50E+09 0.0815 4355.65
2.53E+09 0.0864 4347.72
2.55E+09 0.0840 4340.42
2.58E+09 0.0780 4332.96
2.61E+09 0.0850 4324.96
2.64E+09 0.0771 4316.98
2.66E+09 0.0768 4309.31
2.69E+09 0.0697 4302.67
2.71E+09 0.0811 4295.99
2.74E+09 0.0711 4289.3
2.77E+09 0.0781 4281.13
2.80E+09 0.0669 4273.13
2.82E+09 0.0684 4266.86
2.85E+09 0.0668 4260.56
2.88E+09 0.0673 4253.97
2.90E+09 0.0647 4247.78
2.93E+09 0.0622 4240.96
2.96E+09 0.0630 4234.72
2.99E+09 0.0613 4228.46
3.02E+09 0.0557 4222.27
3.05E+09 0.0603 4215.66
3.08E+09 0.0578 4209.6
3.11E+09 0.0590 4203.41
3.13E+09 0.0520 4198.2
3.16E+09 0.0524 4193.79
3.18E+09 0.0522 4188.41
3.22E+09 0.0559 4181.95
3.25E+09 0.0520 4175.18
3.29E+09 0.0503 4168.35
3.32E+09 0.0487 4162.59
3.35E+09 0.0478 4156.97
3.39E+09 0.0443 4151.17
3.42E+09 0.0459 4145.83
3.46E+09 0.0438 4139.76
3.50E+09 0.0420 4133.17
3.53E+09 0.0431 4127.74
3.57E+09 0.0401 4122.38
3.60E+09 0.0397 4117.66
3.64E+09 0.0404 4112.25
3.68E+09 0.0390 4106.36
3.72E+09 0.0342 4101.6
3.75E+09 0.0396 4096.69
3.79E+09 0.0355 4092.12
3.83E+09 0.0329 4087.36
3.87E+09 0.0366 4082.47
3.91E+09 0.0309 4077.46
3.94E+09 0.0308 4073.44
3.98E+09 0.0329 4069.33
4.02E+09 0.0350 4064.58
4.05E+09 0.0318 4059.82
4.09E+09 0.0311 4055.42
4.14E+09 0.0291 4050.92
4.18E+09 0.0288 4046.67
4.21E+09 0.0294 4042.63
4.25E+09 0.0257 4039
4.29E+09 0.0307 4034.48
4.34E+09 0.0246 4030
4.38E+09 0.0285 4026.36
4.41E+09 0.0248 4022.87
4.46E+09 0.0257 4019.17
4.50E+09 0.0242 4015.1
4.54E+09 0.0216 4011.61
4.58E+09 0.0261 4008.02
4.63E+09 0.0223 4004.26
4.67E+09 0.0207 4000.77
4.72E+09 0.0205 3997.51
4.76E+09 0.0213 3993.96
4.81E+09 0.0205 3990.53
4.85E+09 0.0202 3987.5
4.89E+09 0.0205 3984.27
4.94E+09 0.0170 3981.04
4.99E+09 0.0148 3978.06
