0.00E+00 -0.6742 5480.16
6.41E+08 0.0639 4895.37
1.05E+09 0.0432 4672.33
1.32E+09 0.0320 4568.14
1.45E+09 0.0826 4504.29
1.48E+09 0.0586 4481.82
1.64E+09 0.0334 4414.14
1.82E+09 0.0296 4357.28
1.98E+09 0.0319 4304.49
2.13E+09 0.0255 4260.4
2.25E+09 0.0210 4230.96
2.38E+09 0.0175 4204.48
2.51E+09 0.0161 4182.66
2.62E+09 0.0166 4163.73
2.72E+09 0.0150 4146.66
2.82E+09 0.0129 4133.26
2.90E+09 0.0139 4121.86
2.95E+09 0.0139 4113.64
3.01E+09 0.0141 4104.76
3.07E+09 0.0135 4096.35
3.13E+09 0.0126 4088.59
3.19E+09 0.0117 4080.34
3.26E+09 0.0109 4072.93
3.32E+09 0.0108 4065.58
3.38E+09 0.0106 4058.89
3.44E+09 0.0095 4052.37
3.51E+09 0.0093 4045.84
3.57E+09 0.0090 4039.6
3.64E+09 0.0083 4033.73
3.71E+09 0.0079 4028.07
3.77E+09 0.0075 4022.65
3.84E+09 0.0070 4017.31
3.92E+09 0.0064 4012.12
3.99E+09 0.0064 4007.03
4.06E+09 0.0063 4002.35
4.14E+09 0.0056 3997.33
4.22E+09 0.0054 3992.77
4.30E+09 0.0054 3988.49
4.38E+09 0.0051 3983.9
4.47E+09 0.0046 3979.49
4.56E+09 0.0044 3975.16
4.65E+09 0.0044 3971.23
4.73E+09 0.0042 3967.32
4.82E+09 0.0039 3963.51
4.91E+09 0.0038 3960.01
