0.00E+00 -0.3270 4213.56
3.10E+07 0.2024 4207.83
3.68E+07 0.2428 4204.58
4.57E+07 0.2541 4198.93
5.38E+07 0.2442 4193.91
6.27E+07 0.2368 4188.59
8.54E+07 0.2165 4175.69
1.12E+08 0.2206 4161.76
1.34E+08 0.2176 4149.39
1.50E+08 0.2298 4140.68
1.69E+08 0.2271 4129.74
1.83E+08 0.2226 4122.17
1.94E+08 0.2211 4116.2
2.05E+08 0.2172 4109.79
2.17E+08 0.2108 4103.54
2.29E+08 0.2080 4097.52
2.40E+08 0.2035 4091.83
2.49E+08 0.2032 4087.18
2.58E+08 0.2006 4082.61
2.66E+08 0.1967 4078.49
2.74E+08 0.1942 4074.66
2.82E+08 0.1923 4070.93
2.89E+08 0.1882 4067.42
2.96E+08 0.1880 4063.91
3.03E+08 0.1846 4060.66
3.11E+08 0.1822 4057.01
3.19E+08 0.1814 4053.74
3.26E+08 0.1785 4050.4
3.33E+08 0.1774 4047.44
3.39E+08 0.1757 4044.46
3.47E+08 0.1732 4040.96
3.55E+08 0.1708 4037.63
3.64E+08 0.1677 4033.86
3.72E+08 0.1666 4030.56
3.80E+08 0.1639 4027.43
3.87E+08 0.1617 4024.23
3.95E+08 0.1594 4021.23
4.03E+08 0.1577 4018.23
4.11E+08 0.1557 4015.07
4.19E+08 0.1525 4011.99
4.27E+08 0.1513 4008.74
4.36E+08 0.1496 4005.53
4.44E+08 0.1479 4002.6
4.52E+08 0.1453 3999.52
4.61E+08 0.1432 3996.38
4.69E+08 0.1423 3993.55
4.76E+08 0.1402 3990.86
4.83E+08 0.1382 3988.45
4.89E+08 0.1362 3986.42
4.94E+08 0.1368 3984.86
4.99E+08 0.1351 3983.01
5.05E+08 0.1334 3981.17
5.10E+08 0.1334 3979.34
5.16E+08 0.1330 3977.37
5.21E+08 0.1315 3975.7
5.27E+08 0.1311 3973.9
5.32E+08 0.1304 3972.03
5.37E+08 0.1295 3970.37
5.43E+08 0.1283 3968.74
5.48E+08 0.1278 3967.05
5.54E+08 0.1275 3965.18
5.61E+08 0.1263 3963
5.68E+08 0.1259 3960.79
5.74E+08 0.1249 3958.88
5.80E+08 0.1242 3956.91
5.87E+08 0.1243 3954.83
5.93E+08 0.1228 3952.94
5.98E+08 0.1215 3951.4
6.03E+08 0.1220 3949.8
6.10E+08 0.1208 3947.78
6.16E+08 0.1201 3945.8
6.23E+08 0.1195 3943.74
6.30E+08 0.1197 3941.83
6.36E+08 0.1188 3940.03
6.42E+08 0.1184 3938.17
6.49E+08 0.1176 3936.18
6.54E+08 0.1184 3934.52
6.60E+08 0.1181 3932.73
6.68E+08 0.1178 3930.58
6.75E+08 0.1172 3928.39
6.83E+08 0.1173 3926.19
6.91E+08 0.1157 3923.76
6.98E+08 0.1161 3921.79
7.05E+08 0.1155 3919.71
7.13E+08 0.1143 3917.46
7.19E+08 0.1148 3915.77
7.25E+08 0.1145 3913.82
7.32E+08 0.1141 3912.06
7.39E+08 0.1142 3910.06
7.46E+08 0.1137 3907.83
7.55E+08 0.1137 3905.4
7.64E+08 0.1134 3902.92
7.72E+08 0.1120 3900.64
7.80E+08 0.1116 3898.31
7.88E+08 0.1120 3896.22
7.95E+08 0.1110 3894.11
8.03E+08 0.1110 3892.1
8.09E+08 0.1100 3890.22
8.16E+08 0.1109 3888.5
8.23E+08 0.1101 3886.52
8.29E+08 0.1102 3884.76
8.37E+08 0.1100 3882.74
8.43E+08 0.1098 3880.9
8.49E+08 0.1089 3879.28
8.56E+08 0.1087 3877.55
8.62E+08 0.1091 3875.74
8.69E+08 0.1075 3873.82
8.76E+08 0.1078 3871.94
8.84E+08 0.1077 3869.89
8.92E+08 0.1068 3867.64
9.00E+08 0.1066 3865.55
9.08E+08 0.1058 3863.5
9.15E+08 0.1052 3861.59
9.22E+08 0.1059 3859.69
9.30E+08 0.1053 3857.61
9.38E+08 0.1042 3855.56
9.45E+08 0.1047 3853.68
9.54E+08 0.1039 3851.47
9.61E+08 0.1041 3849.55
9.70E+08 0.1037 3847.3
9.78E+08 0.1040 3845.16
9.87E+08 0.1029 3842.79
9.96E+08 0.1035 3840.59
1.00E+09 0.1025 3838.51
1.01E+09 0.1014 3836.4
1.02E+09 0.1023 3834.24
1.03E+09 0.1020 3832.45
1.03E+09 0.1021 3830.82
1.04E+09 0.1011 3829.09
1.05E+09 0.1011 3826.97
1.06E+09 0.1021 3824.71
1.07E+09 0.1021 3822.67
1.07E+09 0.1012 3820.47
1.08E+09 0.1005 3818.57
1.09E+09 0.1004 3816.39
1.10E+09 0.0998 3814.37
1.11E+09 0.1002 3812.42
1.12E+09 0.1000 3810.11
1.12E+09 0.0991 3808.33
1.13E+09 0.0985 3806.37
1.14E+09 0.0984 3804.47
1.15E+09 0.0979 3802.82
1.15E+09 0.0985 3801.1
1.16E+09 0.0978 3799.2
1.17E+09 0.0975 3797.27
1.18E+09 0.0971 3794.94
1.19E+09 0.0970 3793.07
1.19E+09 0.0965 3790.88
1.20E+09 0.0960 3788.84
1.21E+09 0.0970 3786.98
1.22E+09 0.0959 3784.65
1.23E+09 0.0954 3782.55
1.24E+09 0.0955 3780.36
1.25E+09 0.0943 3778.07
1.26E+09 0.0938 3776.15
1.26E+09 0.0944 3774.24
1.27E+09 0.0937 3772.13
1.28E+09 0.0945 3770.35
1.29E+09 0.0940 3768.55
1.30E+09 0.0936 3766.85
1.30E+09 0.0939 3765.14
1.31E+09 0.0924 3763.44
1.32E+09 0.0932 3761.79
1.33E+09 0.0926 3759.97
1.33E+09 0.0927 3758.32
1.34E+09 0.0920 3756.5
1.35E+09 0.0919 3754.75
1.36E+09 0.0919 3752.67
1.36E+09 0.0914 3750.96
1.37E+09 0.0909 3749.07
1.38E+09 0.0896 3747.19
1.39E+09 0.0905 3745.12
1.40E+09 0.0898 3743.12
1.41E+09 0.0894 3741.09
1.42E+09 0.0896 3738.91
1.43E+09 0.0893 3736.83
1.44E+09 0.0891 3734.8
1.45E+09 0.0890 3732.98
1.45E+09 0.0886 3730.92
1.46E+09 0.0875 3729.19
1.47E+09 0.0879 3727.41
1.48E+09 0.0878 3725.69
1.49E+09 0.0876 3723.73
1.50E+09 0.0869 3721.79
1.51E+09 0.0868 3719.73
1.51E+09 0.0865 3717.68
1.52E+09 0.0860 3715.63
1.53E+09 0.0860 3713.95
1.54E+09 0.0858 3712.32
1.55E+09 0.0854 3710.37
1.56E+09 0.0854 3708.54
1.57E+09 0.0849 3706.77
1.57E+09 0.0847 3704.98
1.58E+09 0.0843 3703.17
1.59E+09 0.0840 3701.2
1.60E+09 0.0847 3699.11
1.61E+09 0.0838 3696.95
1.62E+09 0.0839 3694.97
1.63E+09 0.0834 3692.71
1.64E+09 0.0833 3690.35
1.65E+09 0.0827 3688.22
1.66E+09 0.0825 3686.03
1.68E+09 0.0824 3683.72
1.69E+09 0.0824 3681.77
1.70E+09 0.0808 3679.5
1.71E+09 0.0812 3677.79
1.71E+09 0.0806 3675.88
1.72E+09 0.0812 3674.3
1.73E+09 0.0801 3672.68
1.74E+09 0.0803 3671.14
1.75E+09 0.0801 3669.48
1.75E+09 0.0793 3668.13
1.76E+09 0.0795 3666.47
1.77E+09 0.0796 3664.72
1.78E+09 0.0790 3662.99
1.79E+09 0.0781 3661.67
1.79E+09 0.0784 3660.18
1.80E+09 0.0777 3658.23
1.81E+09 0.0779 3656.66
1.82E+09 0.0779 3655.07
1.83E+09 0.0771 3653.1
1.84E+09 0.0766 3651.53
1.85E+09 0.0771 3649.94
1.85E+09 0.0767 3648.4
1.86E+09 0.0763 3646.92
1.87E+09 0.0761 3645.35
1.88E+09 0.0760 3643.42
1.89E+09 0.0760 3641.7
1.90E+09 0.0748 3639.76
1.91E+09 0.0754 3637.72
1.92E+09 0.0758 3635.8
1.93E+09 0.0751 3634.13
1.94E+09 0.0750 3632.67
1.95E+09 0.0742 3630.92
1.96E+09 0.0745 3629.26
1.97E+09 0.0741 3627.54
1.97E+09 0.0738 3626.02
1.98E+09 0.0731 3624.38
1.99E+09 0.0735 3622.71
2.00E+09 0.0733 3620.67
2.01E+09 0.0725 3618.82
2.02E+09 0.0728 3617.07
2.03E+09 0.0727 3615.18
2.04E+09 0.0724 3613.59
2.05E+09 0.0715 3611.98
2.06E+09 0.0714 3610.37
2.07E+09 0.0713 3608.59
2.08E+09 0.0710 3606.75
2.09E+09 0.0709 3605.03
2.10E+09 0.0710 3603.13
2.11E+09 0.0704 3601.26
2.12E+09 0.0699 3599.44
2.13E+09 0.0703 3597.65
2.14E+09 0.0701 3595.81
2.15E+09 0.0699 3594.05
2.16E+09 0.0692 3592.09
2.17E+09 0.0694 3590.21
2.19E+09 0.0695 3588.33
2.20E+09 0.0692 3586.33
2.21E+09 0.0686 3584.12
2.22E+09 0.0681 3582.04
2.23E+09 0.0681 3580.22
2.24E+09 0.0682 3578.2
2.26E+09 0.0679 3576.22
2.27E+09 0.0675 3574.14
2.28E+09 0.0669 3572.25
2.29E+09 0.0663 3570.14
2.31E+09 0.0660 3568.05
2.32E+09 0.0655 3566.28
2.33E+09 0.0664 3564.28
2.34E+09 0.0663 3562.22
2.35E+09 0.0656 3560.02
2.37E+09 0.0652 3557.93
2.38E+09 0.0642 3555.94
2.39E+09 0.0637 3554.05
2.40E+09 0.0646 3552.31
2.41E+09 0.0647 3550.48
2.42E+09 0.0632 3548.72
2.44E+09 0.0633 3546.76
2.45E+09 0.0633 3544.82
2.46E+09 0.0628 3542.99
2.47E+09 0.0632 3541.17
2.49E+09 0.0621 3539.02
2.50E+09 0.0622 3536.9
2.51E+09 0.0617 3534.88
2.52E+09 0.0618 3532.92
2.54E+09 0.0617 3531.04
2.55E+09 0.0611 3528.95
2.56E+09 0.0611 3527.34
2.57E+09 0.0605 3525.75
2.58E+09 0.0606 3524.13
2.59E+09 0.0605 3522.26
2.61E+09 0.0603 3520.55
2.62E+09 0.0600 3518.89
2.63E+09 0.0600 3517.11
2.64E+09 0.0595 3515.21
2.66E+09 0.0596 3513.24
2.67E+09 0.0590 3511.16
2.68E+09 0.0588 3509.18
2.70E+09 0.0584 3507.16
2.71E+09 0.0579 3505.22
2.72E+09 0.0577 3503.16
2.73E+09 0.0577 3501.68
2.74E+09 0.0572 3500.26
2.75E+09 0.0574 3498.78
2.77E+09 0.0570 3497.2
2.78E+09 0.0570 3495.46
2.79E+09 0.0566 3493.8
2.80E+09 0.0559 3492.35
2.81E+09 0.0563 3490.77
2.82E+09 0.0559 3489.08
2.84E+09 0.0557 3487.4
2.85E+09 0.0559 3485.58
2.86E+09 0.0553 3483.63
2.87E+09 0.0553 3482
2.89E+09 0.0551 3480.31
2.90E+09 0.0544 3478.25
2.92E+09 0.0549 3476.29
2.93E+09 0.0545 3474.36
2.94E+09 0.0542 3472.43
2.96E+09 0.0536 3470.46
2.97E+09 0.0536 3468.69
2.99E+09 0.0532 3466.73
3.00E+09 0.0530 3464.97
3.01E+09 0.0530 3463.01
3.03E+09 0.0531 3461.05
3.04E+09 0.0525 3459.18
3.06E+09 0.0524 3457.45
3.07E+09 0.0513 3455.59
3.09E+09 0.0519 3453.65
3.10E+09 0.0516 3451.71
3.12E+09 0.0510 3449.83
3.13E+09 0.0505 3448.05
3.14E+09 0.0505 3446.38
3.16E+09 0.0507 3444.48
3.17E+09 0.0505 3442.67
3.19E+09 0.0504 3440.8
3.20E+09 0.0495 3438.89
3.22E+09 0.0500 3437.12
3.23E+09 0.0496 3435.36
3.25E+09 0.0495 3433.58
3.26E+09 0.0489 3431.7
3.27E+09 0.0495 3430.01
3.29E+09 0.0485 3428.13
3.30E+09 0.0484 3426.34
3.32E+09 0.0479 3424.65
3.33E+09 0.0480 3422.89
3.35E+09 0.0475 3421.06
3.36E+09 0.0477 3419.53
3.38E+09 0.0478 3417.77
3.39E+09 0.0476 3415.81
3.41E+09 0.0468 3413.97
3.42E+09 0.0468 3412.04
3.44E+09 0.0464 3410.28
3.46E+09 0.0462 3408.39
3.47E+09 0.0462 3406.51
3.49E+09 0.0457 3404.47
3.51E+09 0.0451 3402.59
3.52E+09 0.0453 3400.65
3.54E+09 0.0449 3398.76
3.56E+09 0.0449 3396.8
3.58E+09 0.0445 3394.77
3.59E+09 0.0445 3392.91
3.61E+09 0.0438 3391.21
3.62E+09 0.0441 3389.49
3.64E+09 0.0439 3387.6
3.65E+09 0.0433 3386.19
3.67E+09 0.0439 3384.82
3.68E+09 0.0434 3383.2
3.70E+09 0.0434 3381.73
3.71E+09 0.0428 3380.4
3.72E+09 0.0426 3378.93
3.74E+09 0.0424 3377.26
3.75E+09 0.0421 3375.74
3.77E+09 0.0420 3374.36
3.78E+09 0.0422 3372.88
3.79E+09 0.0418 3371.27
3.81E+09 0.0418 3369.51
3.83E+09 0.0414 3367.86
3.84E+09 0.0409 3366.29
3.86E+09 0.0412 3364.88
3.87E+09 0.0407 3363.29
3.89E+09 0.0413 3361.64
3.91E+09 0.0403 3359.83
3.92E+09 0.0405 3357.92
3.94E+09 0.0400 3356.02
3.96E+09 0.0397 3354.21
3.98E+09 0.0398 3352.88
3.99E+09 0.0394 3351.05
4.01E+09 0.0394 3349.29
4.03E+09 0.0391 3347.63
4.05E+09 0.0387 3345.97
4.06E+09 0.0385 3344.38
4.08E+09 0.0386 3342.81
4.10E+09 0.0380 3340.89
4.12E+09 0.0383 3339.04
4.14E+09 0.0379 3337.31
4.16E+09 0.0378 3335.39
4.17E+09 0.0377 3333.74
4.19E+09 0.0374 3331.95
4.21E+09 0.0371 3330.14
4.23E+09 0.0368 3328.4
4.25E+09 0.0367 3326.79
4.27E+09 0.0365 3325.28
4.28E+09 0.0360 3323.59
4.30E+09 0.0363 3321.94
4.32E+09 0.0361 3320.22
4.34E+09 0.0357 3318.67
4.36E+09 0.0357 3317.05
4.38E+09 0.0351 3315.32
4.40E+09 0.0354 3313.52
4.42E+09 0.0357 3311.82
4.44E+09 0.0352 3310.09
4.46E+09 0.0344 3308.3
4.48E+09 0.0343 3306.46
4.50E+09 0.0344 3304.59
4.52E+09 0.0344 3302.69
4.54E+09 0.0339 3300.86
4.56E+09 0.0333 3299.1
4.58E+09 0.0334 3297.33
4.61E+09 0.0333 3295.56
4.63E+09 0.0334 3293.73
4.65E+09 0.0331 3291.98
4.67E+09 0.0330 3290.29
4.69E+09 0.0325 3288.52
4.71E+09 0.0324 3286.74
4.74E+09 0.0319 3284.83
4.76E+09 0.0321 3283.11
4.78E+09 0.0320 3281.38
4.80E+09 0.0318 3279.64
4.82E+09 0.0312 3277.81
4.85E+09 0.0315 3276.08
4.87E+09 0.0316 3274.4
4.89E+09 0.0311 3272.74
4.91E+09 0.0311 3271.08
4.93E+09 0.0309 3269.34
4.96E+09 0.0304 3267.59
4.98E+09 0.0301 3266.1
5.00E+09 0.0304 3264.4
