0.00E+00 -0.3782 4474.17
4.76E+07 0.2608 4447.79
6.84E+07 0.2822 4424.89
1.00E+08 0.2609 4390.58
1.44E+08 0.2293 4347.82
1.89E+08 0.2459 4304.35
2.39E+08 0.2439 4255.75
2.77E+08 0.2313 4219.95
3.08E+08 0.2250 4191.04
3.39E+08 0.2204 4162.87
3.71E+08 0.2109 4135.84
3.92E+08 0.2080 4118.51
4.15E+08 0.1989 4099.66
4.38E+08 0.1941 4081.99
4.56E+08 0.1882 4067.89
4.73E+08 0.1825 4055.62
4.87E+08 0.1795 4045.14
5.00E+08 0.1784 4036.51
5.15E+08 0.1720 4025.55
5.32E+08 0.1708 4014.11
5.52E+08 0.1657 4000.72
5.67E+08 0.1609 3990.75
5.82E+08 0.1583 3981.52
5.95E+08 0.1556 3972.99
6.12E+08 0.1523 3962.74
6.30E+08 0.1487 3952.26
6.43E+08 0.1446 3944.37
6.58E+08 0.1426 3935.71
6.73E+08 0.1393 3927.45
6.86E+08 0.1365 3920.14
7.00E+08 0.1324 3912.89
7.14E+08 0.1293 3905.56
7.27E+08 0.1278 3898.84
7.42E+08 0.1251 3891.31
7.59E+08 0.1216 3883.03
7.76E+08 0.1168 3874.86
7.93E+08 0.1143 3867.29
8.08E+08 0.1104 3860.47
8.21E+08 0.1088 3854.87
8.39E+08 0.1063 3846.87
8.53E+08 0.1036 3841.11
8.73E+08 0.1001 3833
8.87E+08 0.0990 3827.3
9.05E+08 0.0949 3820.62
9.25E+08 0.0930 3813.09
9.46E+08 0.0889 3805.39
9.68E+08 0.0854 3797.72
9.90E+08 0.0822 3790.38
1.01E+09 0.0803 3785.44
1.02E+09 0.0790 3779.98
1.04E+09 0.0780 3774.71
1.05E+09 0.0755 3770.27
1.07E+09 0.0756 3766
1.09E+09 0.0751 3760.46
1.10E+09 0.0741 3755.9
1.12E+09 0.0733 3751.6
1.13E+09 0.0710 3747.03
1.15E+09 0.0722 3742.35
1.17E+09 0.0715 3737.71
1.18E+09 0.0706 3733.33
1.20E+09 0.0694 3728.9
1.21E+09 0.0694 3724.94
1.23E+09 0.0683 3720.78
1.24E+09 0.0679 3716.27
1.26E+09 0.0673 3712.38
1.28E+09 0.0663 3707.7
1.29E+09 0.0658 3703.15
1.31E+09 0.0650 3698.49
1.33E+09 0.0636 3694.2
1.35E+09 0.0633 3689.37
1.36E+09 0.0635 3684.96
1.38E+09 0.0624 3680.42
1.40E+09 0.0618 3675.55
1.42E+09 0.0612 3671.26
1.44E+09 0.0606 3666.41
1.46E+09 0.0599 3661.61
1.47E+09 0.0584 3657.88
1.49E+09 0.0577 3653.48
1.51E+09 0.0579 3650.04
1.52E+09 0.0578 3646.55
1.54E+09 0.0569 3643.03
1.56E+09 0.0561 3639.35
1.57E+09 0.0569 3635.76
1.59E+09 0.0552 3631.87
1.61E+09 0.0560 3627.57
1.62E+09 0.0546 3623.92
1.64E+09 0.0540 3620.05
1.66E+09 0.0531 3616.44
1.68E+09 0.0532 3612.73
1.70E+09 0.0520 3608.73
1.71E+09 0.0512 3605.19
1.73E+09 0.0504 3601.82
1.75E+09 0.0508 3598.51
1.76E+09 0.0502 3595
1.78E+09 0.0504 3591.41
1.80E+09 0.0491 3587.64
1.82E+09 0.0492 3584.7
1.83E+09 0.0489 3581.09
1.85E+09 0.0474 3577.44
1.87E+09 0.0473 3574.31
1.89E+09 0.0464 3571.07
1.91E+09 0.0462 3567.64
1.92E+09 0.0456 3564.36
1.94E+09 0.0449 3561.19
1.96E+09 0.0440 3557.14
1.98E+09 0.0441 3553.77
2.00E+09 0.0441 3550.09
2.03E+09 0.0423 3546.46
2.05E+09 0.0417 3542.33
2.07E+09 0.0410 3538.44
2.10E+09 0.0404 3533.67
2.13E+09 0.0399 3529.17
2.16E+09 0.0389 3525.1
2.19E+09 0.0381 3520.62
2.21E+09 0.0377 3516.92
2.23E+09 0.0372 3513.65
2.25E+09 0.0371 3510.71
2.27E+09 0.0366 3507.45
2.30E+09 0.0359 3503.64
2.33E+09 0.0351 3500.19
2.35E+09 0.0354 3496.73
2.38E+09 0.0344 3492.64
2.40E+09 0.0337 3489.11
2.43E+09 0.0339 3485.69
2.46E+09 0.0335 3482.18
2.48E+09 0.0316 3478.79
2.50E+09 0.0319 3476.3
2.52E+09 0.0316 3473.47
2.55E+09 0.0314 3470.56
2.57E+09 0.0319 3467.96
2.59E+09 0.0314 3465.11
2.62E+09 0.0318 3461.96
2.64E+09 0.0304 3458.8
2.67E+09 0.0303 3455.51
2.69E+09 0.0299 3452.52
2.72E+09 0.0288 3449.19
2.75E+09 0.0284 3445.79
2.78E+09 0.0286 3442.45
2.82E+09 0.0275 3438.23
2.85E+09 0.0267 3434.73
2.88E+09 0.0261 3431.66
2.90E+09 0.0254 3429.21
2.93E+09 0.0262 3426.44
2.96E+09 0.0258 3423.54
2.99E+09 0.0256 3420.67
3.02E+09 0.0251 3417.91
3.05E+09 0.0253 3414.31
3.09E+09 0.0247 3410.78
3.12E+09 0.0241 3407.52
3.15E+09 0.0235 3404.47
3.19E+09 0.0231 3401.48
3.21E+09 0.0225 3398.81
3.24E+09 0.0230 3396.45
3.27E+09 0.0229 3393.87
3.30E+09 0.0226 3391.24
3.33E+09 0.0226 3388.41
3.37E+09 0.0220 3384.95
3.41E+09 0.0213 3381.57
3.45E+09 0.0215 3378.15
3.49E+09 0.0210 3374.79
3.53E+09 0.0204 3371.53
3.56E+09 0.0201 3368.58
3.60E+09 0.0194 3365.82
3.63E+09 0.0195 3363.1
3.67E+09 0.0191 3360.16
3.71E+09 0.0195 3356.97
3.75E+09 0.0187 3353.64
3.80E+09 0.0188 3350.22
3.84E+09 0.0182 3346.98
3.88E+09 0.0179 3344.3
3.92E+09 0.0172 3341.38
3.96E+09 0.0178 3338.62
4.01E+09 0.0177 3335.68
4.05E+09 0.0169 3332.66
4.09E+09 0.0167 3330
4.13E+09 0.0170 3327.35
4.17E+09 0.0168 3324.3
4.22E+09 0.0164 3321.47
4.26E+09 0.0161 3318.45
4.31E+09 0.0155 3315.73
4.35E+09 0.0153 3312.87
4.40E+09 0.0155 3310.17
4.44E+09 0.0151 3307.24
4.50E+09 0.0147 3304.24
4.54E+09 0.0144 3301.38
4.60E+09 0.0143 3298.4
4.65E+09 0.0141 3295.56
4.70E+09 0.0137 3292.68
4.75E+09 0.0140 3289.8
4.80E+09 0.0140 3286.94
4.85E+09 0.0138 3284.15
4.90E+09 0.0137 3281.47
4.95E+09 0.0133 3278.73
