0.00E+00 -0.4334 4628.5
5.24E+08 0.0603 4399.8
6.48E+08 0.0584 4353.88
6.65E+08 0.0722 4346.29
7.41E+08 0.0699 4311.99
8.40E+08 0.0771 4260.89
1.00E+09 0.0655 4192.23
1.12E+09 0.0737 4132.98
1.23E+09 0.0650 4079.15
1.34E+09 0.0583 4036.03
1.44E+09 0.0531 4000.43
1.53E+09 0.0492 3969.73
1.61E+09 0.0468 3943.23
1.69E+09 0.0448 3918.58
1.77E+09 0.0410 3896.32
1.85E+09 0.0367 3876.49
1.93E+09 0.0327 3857.74
2.02E+09 0.0263 3840.3
2.08E+09 0.0236 3830.25
2.16E+09 0.0200 3819.52
2.21E+09 0.0253 3811.38
2.27E+09 0.0233 3802.94
2.31E+09 0.0214 3795.77
2.36E+09 0.0214 3789.33
2.41E+09 0.0221 3782.52
2.46E+09 0.0217 3775.03
2.52E+09 0.0193 3767.77
2.57E+09 0.0173 3761.13
2.62E+09 0.0153 3756.28
2.66E+09 0.0161 3751.49
2.73E+09 0.0167 3744.26
2.78E+09 0.0162 3738.76
2.83E+09 0.0142 3733.7
2.89E+09 0.0170 3727.69
2.94E+09 0.0152 3721.65
3.00E+09 0.0139 3715.96
3.07E+09 0.0122 3710.66
3.12E+09 0.0125 3706.03
3.18E+09 0.0156 3700.43
3.25E+09 0.0126 3694.29
3.31E+09 0.0112 3689.26
3.38E+09 0.0106 3684.67
3.44E+09 0.0102 3680.61
3.49E+09 0.0121 3676.58
3.56E+09 0.0116 3671.15
3.64E+09 0.0095 3665.82
3.71E+09 0.0080 3661.4
3.78E+09 0.0099 3657.55
3.84E+09 0.0099 3653.25
3.92E+09 0.0083 3648.84
3.98E+09 0.0080 3645.42
4.06E+09 0.0070 3641.77
4.14E+09 0.0085 3637.61
4.22E+09 0.0079 3633.2
4.31E+09 0.0069 3628.8
4.38E+09 0.0062 3625.44
4.47E+09 0.0058 3622.09
4.54E+09 0.0063 3619.35
4.62E+09 0.0065 3616.01
4.70E+09 0.0067 3612.42
4.80E+09 0.0056 3608.37
4.88E+09 0.0053 3605.4
4.96E+09 0.0049 3602.7
