0.00E+00 -0.2543 3751.14
4.88E+07 0.1589 3739.39
7.36E+07 0.1683 3724.39
1.23E+08 0.1478 3696.88
1.71E+08 0.1593 3671.58
2.32E+08 0.1595 3637.61
2.82E+08 0.1446 3610.74
3.08E+08 0.1388 3597.93
3.28E+08 0.1318 3588.35
3.49E+08 0.1272 3578.82
3.74E+08 0.1238 3567.48
3.93E+08 0.1203 3559.22
4.13E+08 0.1168 3551.22
4.30E+08 0.1122 3544.05
4.50E+08 0.1092 3536.3
4.68E+08 0.1044 3529.48
4.86E+08 0.1006 3523.06
5.03E+08 0.0994 3516.95
5.19E+08 0.0966 3511.53
5.37E+08 0.0947 3505.45
5.57E+08 0.0913 3498.93
5.76E+08 0.0888 3492.85
5.96E+08 0.0859 3486.88
6.12E+08 0.0823 3482.32
6.28E+08 0.0807 3477.71
6.46E+08 0.0772 3472.75
6.60E+08 0.0749 3469.07
6.77E+08 0.0726 3464.46
6.95E+08 0.0700 3460.05
7.11E+08 0.0674 3456.28
7.31E+08 0.0647 3451.53
7.51E+08 0.0626 3447.18
7.70E+08 0.0601 3442.95
7.94E+08 0.0577 3438.13
8.17E+08 0.0551 3433.65
8.37E+08 0.0523 3429.76
8.62E+08 0.0496 3425.37
8.86E+08 0.0470 3421.25
9.10E+08 0.0446 3417.43
9.38E+08 0.0427 3413.17
9.66E+08 0.0401 3409.11
9.92E+08 0.0377 3405.69
1.02E+09 0.0360 3402.15
1.05E+09 0.0339 3398.53
1.08E+09 0.0323 3395.31
1.10E+09 0.0308 3392.22
1.13E+09 0.0305 3389.33
1.16E+09 0.0295 3386.62
1.18E+09 0.0296 3384.3
1.20E+09 0.0288 3381.93
1.23E+09 0.0291 3379.61
1.25E+09 0.0287 3377.42
1.27E+09 0.0287 3375.57
1.29E+09 0.0292 3373.5
1.31E+09 0.0280 3371.1
1.33E+09 0.0281 3368.86
1.36E+09 0.0273 3366.44
1.38E+09 0.0277 3364.13
1.41E+09 0.0271 3361.71
1.43E+09 0.0269 3359.68
1.45E+09 0.0265 3357.28
1.48E+09 0.0268 3354.78
1.51E+09 0.0263 3352.6
1.53E+09 0.0263 3350.59
1.55E+09 0.0258 3348.44
1.58E+09 0.0256 3346.25
1.60E+09 0.0255 3344.28
1.62E+09 0.0252 3342.31
1.65E+09 0.0248 3339.93
1.67E+09 0.0252 3337.64
1.70E+09 0.0251 3335.55
1.72E+09 0.0247 3333.42
1.75E+09 0.0244 3331.39
1.77E+09 0.0246 3329.42
1.79E+09 0.0244 3327.32
1.82E+09 0.0239 3324.92
1.85E+09 0.0234 3322.66
1.88E+09 0.0231 3320.41
1.90E+09 0.0236 3318.16
1.93E+09 0.0232 3315.91
1.95E+09 0.0227 3313.93
1.98E+09 0.0229 3311.99
2.01E+09 0.0226 3309.76
2.04E+09 0.0230 3307.42
2.06E+09 0.0229 3305.06
2.09E+09 0.0226 3302.72
2.12E+09 0.0224 3300.41
2.15E+09 0.0221 3298.06
2.18E+09 0.0222 3295.74
2.21E+09 0.0216 3293.48
2.24E+09 0.0215 3291.25
2.27E+09 0.0209 3289.02
2.30E+09 0.0212 3286.75
2.33E+09 0.0203 3284.49
2.37E+09 0.0203 3282.09
2.40E+09 0.0204 3279.77
2.43E+09 0.0199 3277.44
2.46E+09 0.0200 3275.26
2.50E+09 0.0195 3272.8
2.54E+09 0.0193 3270.34
2.57E+09 0.0193 3268.07
2.60E+09 0.0193 3265.95
2.64E+09 0.0193 3263.64
2.67E+09 0.0192 3261.52
2.70E+09 0.0189 3259.13
2.74E+09 0.0184 3256.79
2.77E+09 0.0182 3254.54
2.81E+09 0.0185 3252.26
2.85E+09 0.0174 3249.97
2.88E+09 0.0176 3248
2.92E+09 0.0173 3245.74
2.95E+09 0.0172 3243.57
2.99E+09 0.0174 3241.37
3.03E+09 0.0171 3239.04
3.06E+09 0.0169 3236.84
3.10E+09 0.0166 3234.45
3.15E+09 0.0164 3232.07
3.19E+09 0.0163 3229.82
3.22E+09 0.0159 3227.76
3.26E+09 0.0160 3225.61
3.30E+09 0.0159 3223.5
3.34E+09 0.0155 3221.18
3.38E+09 0.0154 3218.96
3.42E+09 0.0152 3216.76
3.46E+09 0.0148 3214.55
3.51E+09 0.0147 3212.35
3.55E+09 0.0145 3210.18
3.59E+09 0.0144 3207.96
3.63E+09 0.0144 3205.95
3.67E+09 0.0140 3203.77
3.72E+09 0.0143 3201.64
3.76E+09 0.0140 3199.41
3.81E+09 0.0138 3197.22
3.85E+09 0.0139 3195.15
3.89E+09 0.0136 3193.08
3.94E+09 0.0138 3191.06
3.98E+09 0.0134 3189.13
4.02E+09 0.0135 3187.19
4.06E+09 0.0130 3185.08
4.10E+09 0.0134 3183.15
4.14E+09 0.0133 3181.34
4.19E+09 0.0134 3179.25
4.23E+09 0.0130 3177.15
4.28E+09 0.0131 3175.15
4.32E+09 0.0131 3173.07
4.37E+09 0.0131 3170.95
4.41E+09 0.0129 3169
4.46E+09 0.0135 3166.94
4.50E+09 0.0130 3164.9
4.54E+09 0.0131 3162.92
4.59E+09 0.0131 3160.71
4.64E+09 0.0132 3158.68
4.68E+09 0.0129 3156.64
4.73E+09 0.0132 3154.48
4.77E+09 0.0132 3152.5
4.81E+09 0.0136 3150.42
4.86E+09 0.0134 3148.39
4.90E+09 0.0133 3146.13
4.95E+09 0.0137 3144.09
5.00E+09 0.0135 3141.8
