0.00E+00 -0.3537 4258.45
2.54E+08 0.0905 4136.6
3.50E+08 0.0933 4087.31
4.64E+08 0.0856 4030.07
5.83E+08 0.0817 3973.79
6.67E+08 0.0747 3938.49
7.46E+08 0.0745 3906.63
8.17E+08 0.0671 3879.59
8.74E+08 0.0647 3859
9.23E+08 0.0581 3842.37
9.73E+08 0.0584 3826.48
1.03E+09 0.0530 3810.53
1.07E+09 0.0521 3796.73
1.12E+09 0.0482 3783.93
1.17E+09 0.0430 3772.19
1.22E+09 0.0415 3761.02
1.26E+09 0.0398 3750.43
1.31E+09 0.0381 3740.23
1.36E+09 0.0358 3730.27
1.41E+09 0.0358 3721.1
1.45E+09 0.0326 3712.51
1.50E+09 0.0314 3703.8
1.56E+09 0.0282 3695.19
1.62E+09 0.0275 3686.49
1.67E+09 0.0258 3678.15
1.73E+09 0.0250 3669.59
1.79E+09 0.0261 3662.33
1.85E+09 0.0210 3654.36
1.92E+09 0.0226 3646.16
1.98E+09 0.0213 3639.03
2.02E+09 0.0181 3634.5
2.06E+09 0.0169 3630.55
2.11E+09 0.0180 3626.02
2.15E+09 0.0159 3622.12
2.20E+09 0.0155 3618.11
2.24E+09 0.0147 3614.58
2.28E+09 0.0152 3610.85
2.34E+09 0.0137 3606.58
2.39E+09 0.0139 3602.63
2.44E+09 0.0151 3598.38
2.50E+09 0.0135 3594.27
2.55E+09 0.0114 3590.8
2.60E+09 0.0119 3587.56
2.65E+09 0.0123 3584.42
2.69E+09 0.0112 3581.7
2.75E+09 0.0122 3577.92
2.80E+09 0.0123 3574.35
2.85E+09 0.0105 3571
2.91E+09 0.0108 3567.71
2.97E+09 0.0097 3564.38
3.03E+09 0.0103 3560.91
3.08E+09 0.0097 3558.38
3.14E+09 0.0097 3555.05
3.20E+09 0.0102 3551.95
3.25E+09 0.0101 3549
3.31E+09 0.0087 3546.04
3.37E+09 0.0087 3543.32
3.43E+09 0.0085 3540.46
3.49E+09 0.0087 3537.63
3.55E+09 0.0083 3534.67
3.61E+09 0.0083 3531.78
3.67E+09 0.0080 3529.11
3.74E+09 0.0082 3526.01
3.81E+09 0.0077 3522.9
3.89E+09 0.0074 3519.79
3.96E+09 0.0077 3516.79
4.04E+09 0.0076 3513.46
4.12E+09 0.0078 3510.16
4.20E+09 0.0064 3506.97
4.29E+09 0.0065 3504.03
4.37E+09 0.0069 3500.99
4.45E+09 0.0072 3497.72
4.54E+09 0.0072 3494.43
4.62E+09 0.0062 3491.33
4.71E+09 0.0064 3488.36
4.79E+09 0.0065 3485.42
4.88E+09 0.0062 3482.37
4.97E+09 0.0059 3479.48
