0.00E+00 -0.3497 4227.56
3.42E+07 0.2010 4220.16
4.03E+07 0.2407 4216.71
4.66E+07 0.2627 4212.67
5.46E+07 0.2610 4207.24
7.02E+07 0.2454 4197.48
9.27E+07 0.2263 4183.97
1.18E+08 0.2163 4170.3
1.38E+08 0.2171 4158.7
1.56E+08 0.2345 4148.59
1.75E+08 0.2425 4137.09
1.89E+08 0.2336 4128.93
2.04E+08 0.2295 4119.81
2.17E+08 0.2207 4112.87
2.26E+08 0.2174 4107.7
2.35E+08 0.2179 4102.42
2.46E+08 0.2142 4096.47
2.57E+08 0.2085 4090.98
2.66E+08 0.2078 4086.23
2.75E+08 0.2038 4081.22
2.83E+08 0.1996 4077.03
2.90E+08 0.2004 4073.57
2.98E+08 0.1967 4069.82
3.04E+08 0.1933 4066.52
3.12E+08 0.1911 4062.94
3.19E+08 0.1901 4059.54
3.26E+08 0.1878 4056.03
3.33E+08 0.1843 4052.72
3.38E+08 0.1811 4050.15
3.44E+08 0.1822 4047.64
3.51E+08 0.1806 4044.23
3.59E+08 0.1779 4040.74
3.67E+08 0.1761 4037.29
3.72E+08 0.1725 4034.76
3.79E+08 0.1721 4031.88
3.85E+08 0.1690 4029.06
3.92E+08 0.1664 4026.33
3.99E+08 0.1635 4023.31
4.06E+08 0.1627 4020.56
4.13E+08 0.1614 4017.58
4.21E+08 0.1582 4014.43
4.28E+08 0.1566 4011.47
4.36E+08 0.1543 4008.19
4.45E+08 0.1521 4004.97
4.53E+08 0.1503 4001.75
4.62E+08 0.1470 3998.41
4.71E+08 0.1447 3995.04
4.78E+08 0.1426 3992.28
4.86E+08 0.1408 3989.55
4.94E+08 0.1399 3986.89
5.01E+08 0.1366 3984.21
5.11E+08 0.1360 3980.93
5.19E+08 0.1337 3978.23
5.28E+08 0.1312 3974.95
5.37E+08 0.1298 3972.2
5.44E+08 0.1282 3969.7
5.53E+08 0.1266 3967.04
5.60E+08 0.1246 3964.73
5.66E+08 0.1236 3962.87
5.71E+08 0.1234 3961.03
5.77E+08 0.1224 3959.43
5.82E+08 0.1210 3957.84
5.87E+08 0.1204 3956.3
5.92E+08 0.1201 3954.77
5.97E+08 0.1190 3953.23
6.02E+08 0.1197 3951.82
6.07E+08 0.1196 3950.26
6.12E+08 0.1183 3948.75
6.16E+08 0.1185 3947.32
6.22E+08 0.1174 3945.69
6.28E+08 0.1174 3943.75
6.33E+08 0.1166 3942.22
6.40E+08 0.1161 3940.39
6.47E+08 0.1160 3938.21
6.55E+08 0.1154 3935.91
6.61E+08 0.1152 3934.02
6.68E+08 0.1145 3932.06
6.75E+08 0.1148 3930.14
6.81E+08 0.1137 3928.24
6.88E+08 0.1135 3926.37
6.94E+08 0.1131 3924.56
7.00E+08 0.1132 3922.8
7.08E+08 0.1132 3920.58
7.16E+08 0.1122 3918.19
7.24E+08 0.1123 3915.88
7.32E+08 0.1118 3913.81
7.39E+08 0.1112 3911.76
7.47E+08 0.1105 3909.41
7.55E+08 0.1093 3907.22
7.63E+08 0.1097 3904.99
7.70E+08 0.1090 3902.89
7.78E+08 0.1085 3900.8
7.86E+08 0.1080 3898.69
7.94E+08 0.1083 3896.5
8.02E+08 0.1081 3894.26
8.10E+08 0.1072 3892.04
8.17E+08 0.1075 3889.96
8.25E+08 0.1072 3887.98
8.33E+08 0.1071 3885.87
8.40E+08 0.1070 3883.78
8.49E+08 0.1063 3881.47
8.56E+08 0.1061 3879.39
8.64E+08 0.1054 3877.26
8.72E+08 0.1055 3875.3
8.79E+08 0.1049 3873.32
8.87E+08 0.1050 3871.14
8.96E+08 0.1043 3868.8
9.05E+08 0.1039 3866.48
9.13E+08 0.1041 3864.42
9.20E+08 0.1024 3862.56
9.28E+08 0.1025 3860.35
9.36E+08 0.1022 3858.38
9.42E+08 0.1024 3856.75
9.50E+08 0.1024 3854.7
9.58E+08 0.1024 3852.6
9.66E+08 0.1015 3850.56
9.73E+08 0.1005 3848.7
9.81E+08 0.1001 3846.73
9.87E+08 0.1006 3845.09
9.96E+08 0.1002 3842.92
1.00E+09 0.1000 3840.93
1.01E+09 0.1000 3838.67
1.02E+09 0.0990 3836.53
1.03E+09 0.0992 3834.58
1.04E+09 0.0983 3832.86
1.04E+09 0.0989 3831.22
1.05E+09 0.0972 3829.42
1.06E+09 0.0971 3827.86
1.06E+09 0.0972 3825.94
1.07E+09 0.0971 3823.92
1.08E+09 0.0966 3821.96
1.09E+09 0.0961 3819.66
1.10E+09 0.0959 3817.57
1.10E+09 0.0959 3815.92
1.11E+09 0.0955 3814.13
1.12E+09 0.0951 3812.51
1.13E+09 0.0952 3810.6
1.13E+09 0.0944 3808.95
1.14E+09 0.0944 3807.2
1.15E+09 0.0944 3805.31
1.16E+09 0.0938 3803.58
1.16E+09 0.0939 3801.65
1.17E+09 0.0932 3799.41
1.18E+09 0.0920 3797.12
1.19E+09 0.0921 3795.16
1.20E+09 0.0920 3793.53
1.21E+09 0.0924 3791.71
1.21E+09 0.0921 3789.73
1.22E+09 0.0917 3787.8
1.23E+09 0.0915 3785.89
1.24E+09 0.0910 3783.9
1.25E+09 0.0902 3781.95
1.26E+09 0.0906 3780.18
1.27E+09 0.0901 3778.05
1.27E+09 0.0903 3775.87
1.28E+09 0.0900 3773.61
1.29E+09 0.0897 3771.53
1.30E+09 0.0890 3769.23
1.31E+09 0.0878 3766.77
1.32E+09 0.0876 3764.67
1.33E+09 0.0876 3762.74
1.34E+09 0.0884 3760.69
1.35E+09 0.0883 3758.85
1.36E+09 0.0876 3756.62
1.37E+09 0.0875 3754.19
1.38E+09 0.0863 3751.89
1.39E+09 0.0868 3749.93
1.40E+09 0.0863 3747.86
1.41E+09 0.0857 3745.79
1.42E+09 0.0849 3743.62
1.43E+09 0.0848 3741.79
1.44E+09 0.0852 3739.66
1.45E+09 0.0851 3737.54
1.46E+09 0.0846 3735.14
1.47E+09 0.0838 3732.91
1.48E+09 0.0836 3730.56
1.49E+09 0.0834 3728.38
1.50E+09 0.0827 3726.1
1.51E+09 0.0826 3724.08
1.52E+09 0.0830 3721.94
1.53E+09 0.0818 3719.98
1.54E+09 0.0816 3717.66
1.55E+09 0.0810 3715.55
1.56E+09 0.0819 3713.39
1.57E+09 0.0810 3711.2
1.58E+09 0.0808 3709.34
1.59E+09 0.0799 3707.23
1.60E+09 0.0799 3705.13
1.61E+09 0.0797 3702.87
1.62E+09 0.0793 3700.8
1.63E+09 0.0787 3698.79
1.64E+09 0.0785 3696.76
1.65E+09 0.0785 3694.87
1.67E+09 0.0780 3692.56
1.67E+09 0.0782 3690.72
1.69E+09 0.0773 3688.53
1.70E+09 0.0774 3686.55
1.71E+09 0.0769 3684.14
1.72E+09 0.0763 3682.24
1.73E+09 0.0758 3680.46
1.74E+09 0.0762 3678.77
1.75E+09 0.0765 3676.39
1.76E+09 0.0750 3674.13
1.77E+09 0.0751 3671.93
1.78E+09 0.0752 3669.93
1.79E+09 0.0744 3667.68
1.80E+09 0.0734 3665.76
1.81E+09 0.0740 3663.8
1.83E+09 0.0737 3661.56
1.84E+09 0.0728 3659.54
1.85E+09 0.0726 3657.54
1.86E+09 0.0728 3655.49
1.87E+09 0.0719 3653.44
1.88E+09 0.0718 3651.37
1.89E+09 0.0713 3649.23
1.90E+09 0.0714 3647.14
1.91E+09 0.0716 3645.37
1.92E+09 0.0707 3643.6
1.93E+09 0.0704 3641.8
1.95E+09 0.0706 3639.85
1.96E+09 0.0708 3637.88
1.97E+09 0.0703 3635.79
1.98E+09 0.0702 3633.65
1.99E+09 0.0692 3631.77
2.00E+09 0.0690 3629.84
2.01E+09 0.0688 3627.84
2.02E+09 0.0685 3625.88
2.04E+09 0.0680 3624.02
2.05E+09 0.0678 3621.92
2.06E+09 0.0678 3620.25
2.07E+09 0.0673 3618.36
2.08E+09 0.0674 3616.5
2.09E+09 0.0669 3614.44
2.10E+09 0.0667 3612.28
2.12E+09 0.0657 3610.18
2.13E+09 0.0656 3608.31
2.14E+09 0.0654 3606.6
2.15E+09 0.0657 3604.58
2.16E+09 0.0638 3602.68
2.17E+09 0.0653 3600.81
2.18E+09 0.0643 3598.87
2.20E+09 0.0641 3596.93
2.21E+09 0.0639 3594.83
2.22E+09 0.0640 3592.91
2.23E+09 0.0633 3591.01
2.24E+09 0.0632 3589.24
2.26E+09 0.0621 3587.41
2.27E+09 0.0631 3585.66
2.28E+09 0.0626 3583.62
2.29E+09 0.0621 3581.54
2.31E+09 0.0615 3579.48
2.32E+09 0.0618 3577.38
2.33E+09 0.0612 3575.26
2.35E+09 0.0614 3573.08
2.36E+09 0.0607 3571.21
2.37E+09 0.0596 3569.27
2.38E+09 0.0603 3567.49
2.39E+09 0.0601 3565.62
2.41E+09 0.0595 3563.98
2.42E+09 0.0599 3562.14
2.43E+09 0.0593 3560.42
2.44E+09 0.0595 3558.55
2.46E+09 0.0587 3556.53
2.47E+09 0.0585 3554.56
2.48E+09 0.0583 3552.46
2.50E+09 0.0579 3550.37
2.51E+09 0.0584 3548.45
2.52E+09 0.0574 3546.23
2.54E+09 0.0569 3544.17
2.55E+09 0.0569 3542.37
2.57E+09 0.0570 3540.29
2.58E+09 0.0563 3538.34
2.59E+09 0.0560 3536.41
2.61E+09 0.0557 3534.6
2.62E+09 0.0556 3532.9
2.63E+09 0.0553 3531.29
2.64E+09 0.0556 3529.26
2.66E+09 0.0551 3527.13
2.67E+09 0.0550 3525.22
2.69E+09 0.0544 3523.39
2.70E+09 0.0538 3521.77
2.71E+09 0.0536 3520.25
2.72E+09 0.0536 3518.39
2.73E+09 0.0537 3516.7
2.75E+09 0.0532 3514.95
2.76E+09 0.0527 3513.17
2.77E+09 0.0529 3511.35
2.79E+09 0.0523 3509.23
2.80E+09 0.0526 3507.47
2.82E+09 0.0525 3505.51
2.83E+09 0.0520 3503.52
2.85E+09 0.0511 3501.69
2.86E+09 0.0515 3499.79
2.88E+09 0.0511 3497.9
2.89E+09 0.0506 3496.1
2.90E+09 0.0509 3494.39
2.92E+09 0.0507 3492.42
2.93E+09 0.0502 3490.51
2.95E+09 0.0499 3488.48
2.97E+09 0.0501 3486.58
2.98E+09 0.0497 3484.5
3.00E+09 0.0490 3482.54
3.01E+09 0.0484 3480.36
3.03E+09 0.0487 3478.39
3.05E+09 0.0486 3476.38
3.06E+09 0.0475 3474.63
3.08E+09 0.0474 3472.68
3.09E+09 0.0474 3470.8
3.11E+09 0.0471 3468.9
3.12E+09 0.0470 3467.17
3.14E+09 0.0467 3465.16
3.16E+09 0.0465 3463.36
3.17E+09 0.0467 3461.38
3.19E+09 0.0462 3459.37
3.21E+09 0.0459 3457.41
3.22E+09 0.0459 3455.42
3.24E+09 0.0458 3453.31
3.26E+09 0.0453 3451.33
3.27E+09 0.0452 3449.44
3.29E+09 0.0452 3447.4
3.31E+09 0.0441 3445.43
3.33E+09 0.0445 3443.65
3.34E+09 0.0446 3441.72
3.36E+09 0.0441 3439.99
3.37E+09 0.0436 3438.16
3.39E+09 0.0432 3436.31
3.41E+09 0.0427 3434.5
3.42E+09 0.0432 3432.97
3.44E+09 0.0423 3431.06
3.46E+09 0.0422 3429.31
3.47E+09 0.0420 3427.59
3.49E+09 0.0421 3425.61
3.51E+09 0.0418 3423.61
3.53E+09 0.0412 3421.66
3.55E+09 0.0416 3419.81
3.56E+09 0.0411 3418.04
3.58E+09 0.0407 3416.47
3.60E+09 0.0403 3414.55
3.61E+09 0.0403 3412.86
3.63E+09 0.0401 3410.93
3.65E+09 0.0400 3409.26
3.66E+09 0.0399 3407.55
3.68E+09 0.0396 3405.82
3.70E+09 0.0392 3404.04
3.72E+09 0.0392 3402.22
3.73E+09 0.0390 3400.54
3.75E+09 0.0386 3398.74
3.77E+09 0.0386 3396.76
3.79E+09 0.0382 3394.87
3.81E+09 0.0377 3392.97
3.83E+09 0.0380 3391.34
3.85E+09 0.0381 3389.56
3.87E+09 0.0375 3387.66
3.89E+09 0.0374 3385.84
3.90E+09 0.0371 3384.08
3.93E+09 0.0367 3382.04
3.95E+09 0.0367 3380.15
3.97E+09 0.0365 3378.23
3.99E+09 0.0366 3376.4
4.01E+09 0.0362 3374.51
4.03E+09 0.0359 3372.64
4.05E+09 0.0355 3370.94
4.07E+09 0.0354 3369.31
4.09E+09 0.0352 3367.46
4.11E+09 0.0354 3365.61
4.13E+09 0.0351 3363.63
4.15E+09 0.0345 3361.92
4.17E+09 0.0345 3360.17
4.19E+09 0.0345 3358.44
4.21E+09 0.0344 3356.66
4.23E+09 0.0333 3354.73
4.25E+09 0.0334 3353.43
4.26E+09 0.0334 3352
4.28E+09 0.0328 3350.26
4.30E+09 0.0328 3348.57
4.33E+09 0.0328 3346.82
4.35E+09 0.0323 3345.03
4.37E+09 0.0326 3343.31
4.39E+09 0.0324 3341.6
4.41E+09 0.0324 3339.97
4.43E+09 0.0319 3338.27
4.45E+09 0.0318 3336.66
4.47E+09 0.0316 3335
4.49E+09 0.0314 3333.35
4.51E+09 0.0311 3331.71
4.53E+09 0.0307 3329.81
4.56E+09 0.0308 3328.18
4.58E+09 0.0304 3326.59
4.59E+09 0.0303 3325.18
4.61E+09 0.0303 3323.68
4.64E+09 0.0301 3322.02
4.66E+09 0.0301 3320.48
4.68E+09 0.0300 3318.71
4.70E+09 0.0299 3316.88
4.73E+09 0.0297 3315.03
4.75E+09 0.0294 3313.21
4.78E+09 0.0297 3311.39
4.80E+09 0.0294 3309.53
4.83E+09 0.0288 3307.66
4.85E+09 0.0289 3306.03
4.87E+09 0.0288 3304.57
4.89E+09 0.0288 3302.81
4.92E+09 0.0281 3301.01
4.94E+09 0.0283 3299.54
4.96E+09 0.0278 3298.01
4.98E+09 0.0280 3296.47
