0.00E+00 -0.5497 5260.55
3.20E+08 0.1133 5024.99
4.25E+08 0.1130 4950.3
5.10E+08 0.1050 4893.07
5.44E+08 0.1074 4870.7
5.67E+08 0.1184 4853.97
6.29E+08 0.1262 4804.26
7.07E+08 0.1468 4736.64
8.83E+08 0.0995 4608.98
1.05E+09 0.1348 4506.31
1.17E+09 0.1073 4410.87
1.30E+09 0.0948 4327.62
1.41E+09 0.0863 4265.96
1.50E+09 0.0795 4218.29
1.57E+09 0.0744 4186.11
1.64E+09 0.0669 4157.45
1.70E+09 0.0666 4131.94
1.75E+09 0.0696 4107.55
1.83E+09 0.0626 4073.73
1.90E+09 0.0588 4046.51
1.97E+09 0.0549 4021.12
2.03E+09 0.0513 4002.88
2.08E+09 0.0490 3987.58
2.13E+09 0.0462 3971.59
2.18E+09 0.0453 3958.97
2.22E+09 0.0462 3945.95
2.26E+09 0.0445 3933.93
2.31E+09 0.0381 3920.54
2.36E+09 0.0340 3909.89
2.40E+09 0.0316 3901.02
2.45E+09 0.0357 3890.4
2.50E+09 0.0313 3881.03
2.54E+09 0.0312 3872.18
2.59E+09 0.0359 3862.62
2.64E+09 0.0343 3852.27
2.68E+09 0.0309 3842.17
2.74E+09 0.0261 3831.97
2.79E+09 0.0260 3824.66
2.84E+09 0.0291 3815.16
2.90E+09 0.0254 3805.38
2.95E+09 0.0240 3797.34
3.00E+09 0.0205 3791.38
3.06E+09 0.0250 3783.09
3.11E+09 0.0241 3774.99
3.17E+09 0.0235 3766.45
3.23E+09 0.0225 3757.49
3.30E+09 0.0205 3747.98
3.36E+09 0.0184 3740.23
3.44E+09 0.0157 3732.25
3.50E+09 0.0148 3726.44
3.56E+09 0.0151 3720.47
3.63E+09 0.0181 3712.98
3.70E+09 0.0171 3705
3.78E+09 0.0145 3697.43
3.86E+09 0.0130 3690.47
3.92E+09 0.0121 3685.49
4.02E+09 0.0136 3678.4
4.10E+09 0.0144 3670.89
4.18E+09 0.0132 3663.78
4.27E+09 0.0122 3656.55
4.36E+09 0.0109 3649.9
4.45E+09 0.0104 3643.92
4.53E+09 0.0107 3638.68
4.63E+09 0.0111 3631.93
4.73E+09 0.0100 3625.37
4.83E+09 0.0091 3619.47
4.92E+09 0.0080 3614.37
