0.00E+00 -0.9536 6609.29
1.60E+08 0.2864 6400.42
2.13E+08 0.2957 6324.65
2.57E+08 0.2847 6265.01
2.96E+08 0.2659 6213.69
3.33E+08 0.2549 6167.88
3.61E+08 0.2535 6133.04
3.90E+08 0.2401 6099.25
4.13E+08 0.2399 6071.71
4.38E+08 0.2341 6043.72
4.64E+08 0.2302 6015.31
4.86E+08 0.2224 5991.47
5.06E+08 0.2213 5970.66
5.27E+08 0.2123 5948.69
5.46E+08 0.2123 5928.87
5.66E+08 0.2121 5908.99
5.88E+08 0.2091 5887.19
6.07E+08 0.2073 5868.28
6.26E+08 0.2069 5849.55
6.45E+08 0.1962 5831.12
6.62E+08 0.1983 5814.32
6.79E+08 0.1894 5798.78
6.94E+08 0.1963 5784.78
7.09E+08 0.2023 5770.91
7.23E+08 0.2053 5757.2
7.35E+08 0.2174 5745
7.38E+08 0.2530 5741.52
7.44E+08 0.3103 5734.2
7.57E+08 0.3334 5712.38
7.87E+08 0.2985 5668.65
8.29E+08 0.2931 5609.32
8.66E+08 0.2937 5558.31
8.97E+08 0.2908 5514.03
9.24E+08 0.3174 5476.76
9.76E+08 0.2532 5412
1.03E+09 0.2348 5351.45
1.11E+09 0.2073 5268.67
1.18E+09 0.1862 5196.26
1.25E+09 0.1657 5137.63
1.33E+09 0.2084 5067.94
1.42E+09 0.1741 4988.89
1.50E+09 0.1863 4921.06
1.56E+09 0.1817 4863.2
1.62E+09 0.1667 4818.75
1.68E+09 0.1636 4772.32
1.72E+09 0.1506 4739.88
1.74E+09 0.1423 4724.23
1.77E+09 0.1327 4709.42
1.78E+09 0.1288 4696.58
1.81E+09 0.1136 4680.49
1.84E+09 0.1212 4667.12
1.86E+09 0.1078 4652.46
1.89E+09 0.1274 4639.37
1.91E+09 0.1217 4624.57
1.93E+09 0.1070 4612.32
1.96E+09 0.0959 4599.96
1.98E+09 0.0990 4588.75
2.01E+09 0.1056 4577.91
2.03E+09 0.0972 4564.48
2.06E+09 0.1025 4553.4
2.08E+09 0.0934 4540.75
2.11E+09 0.1010 4530.03
2.14E+09 0.0840 4517.33
2.17E+09 0.0944 4502.95
2.19E+09 0.0997 4491.55
2.22E+09 0.0805 4478.66
2.26E+09 0.0837 4466.45
2.29E+09 0.0903 4452.62
2.32E+09 0.0865 4438.06
2.36E+09 0.0827 4422.89
2.40E+09 0.0851 4408.81
2.42E+09 0.0763 4398.34
2.46E+09 0.0707 4386.05
2.49E+09 0.0659 4374.9
2.53E+09 0.0627 4364.36
2.56E+09 0.0616 4353.99
2.59E+09 0.0662 4344.61
2.63E+09 0.0576 4334.76
2.66E+09 0.0635 4324.75
2.70E+09 0.0558 4314.17
2.74E+09 0.0633 4302.42
2.77E+09 0.0620 4293.44
2.81E+09 0.0466 4283.53
2.85E+09 0.0536 4275.35
2.88E+09 0.0519 4266.88
2.92E+09 0.0514 4257.4
2.96E+09 0.0466 4248.08
3.00E+09 0.0478 4239.22
3.04E+09 0.0489 4229.78
3.08E+09 0.0445 4220.39
3.12E+09 0.0408 4211.83
3.16E+09 0.0431 4203.65
3.21E+09 0.0398 4195.14
3.25E+09 0.0388 4187.61
3.29E+09 0.0386 4180
3.33E+09 0.0395 4172.52
3.37E+09 0.0353 4165.16
3.41E+09 0.0382 4157.84
3.46E+09 0.0337 4149.88
3.50E+09 0.0340 4142.39
3.55E+09 0.0335 4135.45
3.59E+09 0.0312 4128.54
3.63E+09 0.0299 4122.25
3.68E+09 0.0341 4115.62
3.72E+09 0.0283 4108.58
3.78E+09 0.0284 4101.64
3.82E+09 0.0270 4095.4
3.88E+09 0.0290 4088.35
3.93E+09 0.0246 4081.97
3.98E+09 0.0250 4075.44
4.03E+09 0.0248 4069.6
4.08E+09 0.0242 4063.43
4.14E+09 0.0228 4057.11
4.19E+09 0.0225 4051.14
4.25E+09 0.0225 4044.96
4.31E+09 0.0196 4039.28
4.37E+09 0.0201 4033.54
4.43E+09 0.0189 4027.84
4.49E+09 0.0200 4022.37
4.55E+09 0.0177 4016.74
4.61E+09 0.0172 4011.49
4.68E+09 0.0169 4006.29
4.74E+09 0.0156 4001.6
4.80E+09 0.0164 3996.86
4.86E+09 0.0150 3992.28
4.93E+09 0.0150 3987.41
5.00E+09 0.0142 3982.83
