0.00E+00 -0.4079 4554.69
4.85E+07 0.2672 4524.77
7.29E+07 0.2930 4495.9
1.04E+08 0.2746 4459.63
1.42E+08 0.2498 4420.15
1.81E+08 0.2585 4380.45
2.27E+08 0.2604 4332.02
2.77E+08 0.2526 4279.51
3.11E+08 0.2400 4245.36
3.31E+08 0.2281 4226.2
3.56E+08 0.2271 4203.84
3.78E+08 0.2162 4184.35
4.00E+08 0.2138 4164.77
4.18E+08 0.2073 4149.56
4.34E+08 0.2006 4135.82
4.52E+08 0.1977 4121.84
4.68E+08 0.1935 4108.62
4.81E+08 0.1857 4098.55
4.95E+08 0.1858 4087.85
5.13E+08 0.1812 4075.11
5.28E+08 0.1780 4063.77
5.46E+08 0.1740 4051.09
5.61E+08 0.1691 4040.63
5.74E+08 0.1652 4031.97
5.88E+08 0.1623 4022.44
6.01E+08 0.1574 4013.61
6.16E+08 0.1537 4004.21
6.31E+08 0.1518 3995.12
6.44E+08 0.1475 3987.13
6.59E+08 0.1475 3978.04
6.76E+08 0.1424 3967.87
6.90E+08 0.1373 3960.34
7.05E+08 0.1342 3951.88
7.16E+08 0.1321 3945.82
7.29E+08 0.1298 3938.94
7.41E+08 0.1271 3932.81
7.60E+08 0.1236 3923.01
7.76E+08 0.1200 3915.13
7.93E+08 0.1161 3906.89
8.08E+08 0.1134 3899.9
8.27E+08 0.1076 3891.64
8.42E+08 0.1062 3884.71
8.57E+08 0.1027 3878.48
8.73E+08 0.0995 3871.62
8.87E+08 0.0995 3866.14
9.04E+08 0.0968 3859.56
9.25E+08 0.0917 3851.47
9.45E+08 0.0896 3844.06
9.66E+08 0.0859 3836.81
9.85E+08 0.0823 3830.09
1.01E+09 0.0794 3823.02
1.03E+09 0.0758 3815.86
1.05E+09 0.0750 3810.67
1.07E+09 0.0724 3804.97
1.08E+09 0.0704 3800.07
1.10E+09 0.0686 3794.72
1.12E+09 0.0673 3789.77
1.14E+09 0.0666 3785.16
1.15E+09 0.0652 3780.28
1.17E+09 0.0638 3775.44
1.19E+09 0.0644 3771.62
1.20E+09 0.0640 3767.44
1.22E+09 0.0635 3763.53
1.24E+09 0.0613 3758.74
1.25E+09 0.0608 3755.15
1.27E+09 0.0606 3751.4
1.28E+09 0.0604 3747.35
1.30E+09 0.0593 3742.98
1.32E+09 0.0585 3738.66
1.34E+09 0.0583 3733.86
1.35E+09 0.0571 3730.22
1.37E+09 0.0571 3726.06
1.39E+09 0.0552 3721.88
1.41E+09 0.0558 3718
1.42E+09 0.0530 3714.77
1.43E+09 0.0533 3711.93
1.45E+09 0.0548 3708.97
1.46E+09 0.0547 3705.36
1.49E+09 0.0540 3700.3
1.51E+09 0.0526 3695.83
1.53E+09 0.0528 3692.05
1.55E+09 0.0514 3687.35
1.57E+09 0.0497 3682.45
1.59E+09 0.0501 3677.98
1.61E+09 0.0490 3673.91
1.63E+09 0.0479 3669.99
1.65E+09 0.0480 3666.36
1.67E+09 0.0460 3662.1
1.70E+09 0.0459 3658.14
1.72E+09 0.0460 3653.82
1.74E+09 0.0448 3649.64
1.76E+09 0.0443 3646.91
1.77E+09 0.0440 3644.16
1.79E+09 0.0445 3640.89
1.81E+09 0.0436 3637.46
1.83E+09 0.0426 3633.62
1.85E+09 0.0424 3630.22
1.87E+09 0.0420 3627.5
1.89E+09 0.0423 3624.26
1.91E+09 0.0422 3620.38
1.93E+09 0.0411 3616.38
1.96E+09 0.0403 3612.37
1.98E+09 0.0401 3608.72
2.00E+09 0.0382 3605.61
2.02E+09 0.0374 3602.11
2.05E+09 0.0389 3598.02
2.07E+09 0.0370 3593.83
2.10E+09 0.0358 3590.15
2.13E+09 0.0360 3586.22
2.15E+09 0.0353 3582.18
2.18E+09 0.0346 3578.95
2.20E+09 0.0344 3575.51
2.23E+09 0.0328 3571.96
2.25E+09 0.0326 3568.86
2.27E+09 0.0321 3565.91
2.30E+09 0.0329 3562.94
2.33E+09 0.0320 3558.99
2.35E+09 0.0302 3555.68
2.38E+09 0.0310 3552.62
2.40E+09 0.0303 3549.56
2.43E+09 0.0295 3546.54
2.45E+09 0.0296 3543.3
2.48E+09 0.0298 3540.23
2.50E+09 0.0291 3537.19
2.53E+09 0.0277 3534.05
2.56E+09 0.0275 3530.68
2.59E+09 0.0276 3527.29
2.63E+09 0.0267 3523.44
2.66E+09 0.0273 3520.06
2.69E+09 0.0259 3516.52
2.72E+09 0.0250 3513.59
2.75E+09 0.0245 3510.72
2.78E+09 0.0242 3507.88
2.80E+09 0.0237 3505.19
2.83E+09 0.0235 3502.46
2.86E+09 0.0239 3499.77
2.89E+09 0.0238 3496.61
2.92E+09 0.0230 3493.62
2.96E+09 0.0228 3490.13
3.00E+09 0.0227 3486.81
3.04E+09 0.0216 3483.45
3.07E+09 0.0213 3480.68
3.10E+09 0.0201 3477.93
3.13E+09 0.0207 3475.66
3.16E+09 0.0205 3473.2
3.19E+09 0.0201 3470.34
3.23E+09 0.0203 3467.53
3.27E+09 0.0197 3464.29
3.31E+09 0.0196 3460.95
3.35E+09 0.0191 3457.79
3.39E+09 0.0186 3454.64
3.43E+09 0.0176 3451.71
3.47E+09 0.0181 3448.69
3.51E+09 0.0171 3446.16
3.55E+09 0.0166 3443.45
3.59E+09 0.0164 3440.61
3.63E+09 0.0164 3437.83
3.67E+09 0.0165 3435.09
3.71E+09 0.0161 3432.13
3.76E+09 0.0162 3429.27
3.80E+09 0.0162 3426.41
3.85E+09 0.0154 3423.52
3.89E+09 0.0154 3420.96
3.93E+09 0.0154 3418.43
3.98E+09 0.0145 3415.44
4.03E+09 0.0147 3412.4
4.08E+09 0.0142 3409.7
4.12E+09 0.0139 3407.16
4.17E+09 0.0133 3404.53
4.22E+09 0.0132 3401.79
4.27E+09 0.0125 3399.02
4.32E+09 0.0129 3396.18
4.38E+09 0.0127 3393.36
4.43E+09 0.0124 3390.67
4.49E+09 0.0124 3387.78
4.54E+09 0.0121 3385.04
4.60E+09 0.0118 3382.34
4.66E+09 0.0112 3379.55
4.71E+09 0.0113 3376.98
4.77E+09 0.0111 3374.48
4.82E+09 0.0113 3371.88
4.88E+09 0.0109 3369.36
4.94E+09 0.0106 3366.7
