0.00E+00 -0.4322 4635.74
2.35E+08 0.1185 4544.01
2.90E+08 0.1187 4508.73
3.92E+08 0.1394 4440.13
5.60E+08 0.1322 4331.62
6.46E+08 0.1205 4278.75
7.37E+08 0.1222 4222.46
8.06E+08 0.1153 4182.01
8.64E+08 0.1098 4150.02
9.15E+08 0.1038 4123.07
9.57E+08 0.0969 4102.39
9.92E+08 0.0946 4085.75
1.02E+09 0.0933 4073.8
1.05E+09 0.0911 4060.08
1.08E+09 0.0829 4045.84
1.11E+09 0.0807 4034.47
1.13E+09 0.0819 4025.38
1.17E+09 0.0761 4010.59
1.21E+09 0.0786 3994.9
1.26E+09 0.0744 3977.91
1.30E+09 0.0716 3963.87
1.34E+09 0.0680 3948.96
1.37E+09 0.0626 3937.42
1.42E+09 0.0646 3924.13
1.48E+09 0.0587 3906.66
1.53E+09 0.0575 3892.3
1.59E+09 0.0522 3875.58
1.64E+09 0.0433 3864.33
1.68E+09 0.0417 3856.33
1.71E+09 0.0457 3847.63
1.75E+09 0.0415 3840.69
1.77E+09 0.0347 3835.45
1.81E+09 0.0357 3830.08
1.85E+09 0.0396 3822.5
1.88E+09 0.0355 3816.23
1.91E+09 0.0358 3810.9
1.94E+09 0.0360 3805.08
1.98E+09 0.0333 3799
2.01E+09 0.0372 3792.75
2.05E+09 0.0313 3787.03
2.08E+09 0.0286 3782.45
2.12E+09 0.0299 3777.14
2.16E+09 0.0298 3770.84
2.19E+09 0.0305 3765.98
2.23E+09 0.0264 3760.22
2.27E+09 0.0278 3754.96
2.32E+09 0.0288 3748.53
2.35E+09 0.0270 3744.38
2.39E+09 0.0266 3739.84
2.42E+09 0.0267 3734.6
2.46E+09 0.0237 3730.09
2.51E+09 0.0193 3725.15
2.55E+09 0.0231 3721.18
2.59E+09 0.0231 3716.46
2.64E+09 0.0211 3711.19
2.67E+09 0.0213 3707.13
2.71E+09 0.0189 3703.29
2.76E+09 0.0207 3698.75
2.82E+09 0.0231 3692.9
2.86E+09 0.0218 3687.57
2.91E+09 0.0198 3682.55
2.97E+09 0.0183 3677.45
3.02E+09 0.0167 3672.89
3.07E+09 0.0186 3668.89
3.11E+09 0.0175 3664.76
3.16E+09 0.0167 3660.61
3.22E+09 0.0161 3656.47
3.27E+09 0.0171 3652.23
3.32E+09 0.0166 3647.49
3.38E+09 0.0180 3642.5
3.44E+09 0.0170 3637.92
3.49E+09 0.0157 3633.81
3.55E+09 0.0128 3629.81
3.60E+09 0.0126 3626.67
3.66E+09 0.0163 3621.94
3.72E+09 0.0139 3617.25
3.79E+09 0.0129 3613.01
3.85E+09 0.0123 3609.28
3.92E+09 0.0123 3605.07
3.99E+09 0.0112 3600.92
4.06E+09 0.0112 3597.21
4.13E+09 0.0122 3592.89
4.20E+09 0.0116 3588.92
4.26E+09 0.0099 3585.44
4.33E+09 0.0091 3582.31
4.40E+09 0.0100 3578.94
4.47E+09 0.0101 3575.46
4.54E+09 0.0083 3572.33
4.62E+09 0.0078 3569.3
4.68E+09 0.0086 3566.69
4.75E+09 0.0073 3563.93
4.83E+09 0.0089 3560.95
4.90E+09 0.0091 3557.72
4.98E+09 0.0080 3554.55
