0.00E+00 -1.1630 6985.93
1.14E+08 0.4118 6826.2
1.55E+08 0.3848 6761.13
1.88E+08 0.3765 6710.18
2.14E+08 0.3763 6671.71
2.41E+08 0.3622 6633.8
2.65E+08 0.3457 6599.57
2.84E+08 0.3492 6572.56
3.06E+08 0.3336 6542.58
3.24E+08 0.3327 6519.65
3.42E+08 0.3205 6495.43
3.58E+08 0.3213 6475.03
3.75E+08 0.3157 6454.19
3.93E+08 0.3095 6432.29
4.07E+08 0.3098 6414.65
4.25E+08 0.3019 6393.42
4.39E+08 0.2999 6376.65
4.53E+08 0.2971 6359.83
4.69E+08 0.2897 6340.93
4.82E+08 0.2839 6326.04
4.96E+08 0.2811 6310.18
5.12E+08 0.2792 6292.84
5.25E+08 0.2814 6277.38
5.40E+08 0.2748 6261.6
5.56E+08 0.2711 6244.18
5.70E+08 0.2684 6228.44
5.84E+08 0.2699 6214.25
5.97E+08 0.2658 6199.71
6.10E+08 0.2650 6186.37
6.23E+08 0.2640 6173.25
6.33E+08 0.2613 6162.04
6.43E+08 0.2665 6151.4
6.53E+08 0.2693 6141.01
6.62E+08 0.2721 6131.71
6.71E+08 0.2767 6121.64
6.79E+08 0.2934 6112.84
6.82E+08 0.3222 6109.1
6.85E+08 0.3823 6105.76
6.88E+08 0.4866 6099.78
6.96E+08 0.4548 6085.32
7.16E+08 0.4110 6050.94
7.41E+08 0.4007 6010.28
7.64E+08 0.3983 5973.63
7.85E+08 0.3906 5941.5
8.07E+08 0.3828 5907.68
8.25E+08 0.4202 5878.75
8.55E+08 0.3400 5836.55
8.79E+08 0.3500 5804.32
9.15E+08 0.3059 5757.26
9.57E+08 0.2748 5709.48
9.98E+08 0.3183 5662.07
1.04E+09 0.3302 5612.35
1.08E+09 0.3117 5557.98
1.14E+09 0.3072 5483.03
1.21E+09 0.2784 5406.31
1.27E+09 0.2911 5332.38
1.33E+09 0.2647 5271.49
1.37E+09 0.2324 5231.26
1.40E+09 0.2391 5200.87
1.41E+09 0.2398 5186.61
1.43E+09 0.2061 5171.4
1.45E+09 0.2108 5152.36
1.47E+09 0.2171 5135.92
1.49E+09 0.2040 5119.86
1.51E+09 0.2046 5106.25
1.53E+09 0.1847 5094.51
1.55E+09 0.1953 5079.3
1.56E+09 0.1882 5065.24
1.59E+09 0.1891 5047.02
1.61E+09 0.1896 5033.19
1.63E+09 0.1841 5019.37
1.65E+09 0.1751 5002.99
1.67E+09 0.1698 4988.55
1.69E+09 0.1738 4973.64
1.71E+09 0.1726 4959.7
1.73E+09 0.1612 4945.51
1.75E+09 0.1620 4934.57
1.77E+09 0.1666 4921.6
1.79E+09 0.1521 4912.63
1.81E+09 0.1518 4900.64
1.83E+09 0.1496 4888.96
1.85E+09 0.1488 4877.14
1.86E+09 0.1418 4866.78
1.88E+09 0.1443 4856.41
1.90E+09 0.1324 4845.06
1.92E+09 0.1381 4834.45
1.94E+09 0.1300 4823.47
1.96E+09 0.1344 4812.66
1.98E+09 0.1243 4802.51
2.01E+09 0.1378 4789.28
2.03E+09 0.1190 4778.7
2.06E+09 0.1267 4764.66
2.08E+09 0.1190 4752.46
2.11E+09 0.1184 4739.31
2.14E+09 0.1104 4727.09
2.17E+09 0.1102 4714.73
2.19E+09 0.1067 4705.21
2.21E+09 0.1064 4694.77
2.23E+09 0.1132 4685.74
2.26E+09 0.1058 4673.86
2.29E+09 0.0985 4661.54
2.32E+09 0.0923 4651.02
2.35E+09 0.0938 4641.08
2.37E+09 0.0948 4633.81
2.39E+09 0.0952 4623.5
2.43E+09 0.0869 4612.33
2.46E+09 0.0812 4602.4
2.48E+09 0.0842 4593.2
2.51E+09 0.0824 4585.46
2.54E+09 0.0796 4575.54
2.57E+09 0.0778 4565.08
2.60E+09 0.0691 4556.46
2.64E+09 0.0737 4546.3
2.67E+09 0.0706 4536.55
2.70E+09 0.0680 4527.56
2.73E+09 0.0638 4520.18
2.76E+09 0.0655 4511.39
2.79E+09 0.0622 4504.8
2.83E+09 0.0644 4495.3
2.86E+09 0.0578 4486.75
2.89E+09 0.0536 4480.88
2.93E+09 0.0603 4471.83
2.97E+09 0.0527 4463.21
3.00E+09 0.0530 4456.95
3.03E+09 0.0544 4449.03
3.07E+09 0.0499 4440.93
3.11E+09 0.0505 4433.92
3.15E+09 0.0452 4426.9
3.19E+09 0.0500 4418.59
3.21E+09 0.0488 4413.42
3.26E+09 0.0441 4405.51
3.29E+09 0.0444 4399.91
3.33E+09 0.0413 4392.8
3.37E+09 0.0420 4386.88
3.41E+09 0.0409 4379.83
3.46E+09 0.0389 4373.2
3.49E+09 0.0379 4367.93
3.54E+09 0.0358 4360.81
3.58E+09 0.0323 4355.27
3.62E+09 0.0349 4349.57
3.67E+09 0.0313 4343.33
3.71E+09 0.0350 4337.41
3.76E+09 0.0325 4331.75
3.81E+09 0.0318 4325.44
3.85E+09 0.0283 4319.53
3.91E+09 0.0274 4313.86
3.96E+09 0.0247 4308.34
4.01E+09 0.0253 4303.57
4.06E+09 0.0226 4299.07
4.11E+09 0.0253 4293.87
4.15E+09 0.0287 4289.68
4.21E+09 0.0244 4283.76
4.26E+09 0.0216 4278.95
4.31E+09 0.0246 4274.37
4.36E+09 0.0193 4269.77
4.42E+09 0.0204 4264.84
4.48E+09 0.0213 4260.14
4.54E+09 0.0177 4255.5
4.60E+09 0.0179 4251.51
4.66E+09 0.0184 4247.06
4.71E+09 0.0145 4243.27
4.78E+09 0.0152 4239.69
4.84E+09 0.0148 4235.64
4.91E+09 0.0170 4231.53
4.97E+09 0.0132 4227.48
