0.00E+00 0.0004 2531.58
7.31E+08 -0.0091 2548.74
1.02E+09 -0.0099 2559.23
1.18E+09 -0.0102 2565.2
1.32E+09 -0.0104 2570.3
1.44E+09 -0.0105 2575.03
1.55E+09 -0.0105 2579.55
1.67E+09 -0.0106 2584.28
1.79E+09 -0.0106 2589.04
1.91E+09 -0.0106 2593.89
2.03E+09 -0.0106 2598.68
2.15E+09 -0.0106 2603.39
2.27E+09 -0.0106 2608.05
2.38E+09 -0.0105 2612.49
2.51E+09 -0.0105 2617.29
2.62E+09 -0.0104 2621.64
2.74E+09 -0.0103 2626.23
2.86E+09 -0.0103 2630.92
2.98E+09 -0.0102 2635.46
3.10E+09 -0.0101 2640.22
3.23E+09 -0.0100 2644.9
3.36E+09 -0.0099 2649.73
3.48E+09 -0.0098 2654.36
3.61E+09 -0.0097 2658.87
3.73E+09 -0.0096 2663.32
3.86E+09 -0.0095 2667.83
3.98E+09 -0.0094 2672.18
4.11E+09 -0.0093 2676.54
4.23E+09 -0.0091 2680.72
4.35E+09 -0.0090 2684.98
4.46E+09 -0.0089 2688.72
4.58E+09 -0.0088 2692.48
4.70E+09 -0.0087 2696.63
4.82E+09 -0.0086 2700.47
4.94E+09 -0.0085 2704.14
