0.00E+00 -0.3613 4259.99
1.50E+08 0.1231 4186.63
2.38E+08 0.1077 4141.28
3.79E+08 0.1043 4072.57
4.85E+08 0.0995 4022.89
5.70E+08 0.0923 3986.02
6.16E+08 0.0809 3968.05
6.68E+08 0.0859 3947.61
7.17E+08 0.0811 3929.12
7.61E+08 0.0786 3913.16
7.88E+08 0.0757 3903.83
8.24E+08 0.0651 3892.7
8.58E+08 0.0636 3882.75
8.94E+08 0.0601 3872.69
9.28E+08 0.0616 3863.3
9.58E+08 0.0599 3854.92
9.83E+08 0.0626 3848.13
1.02E+09 0.0545 3839.34
1.05E+09 0.0559 3831.86
1.08E+09 0.0550 3822.74
1.11E+09 0.0546 3816.11
1.14E+09 0.0479 3809.04
1.18E+09 0.0517 3799.99
1.22E+09 0.0487 3790.32
1.24E+09 0.0474 3785.6
1.27E+09 0.0468 3780.58
1.30E+09 0.0390 3774.18
1.32E+09 0.0422 3770.33
1.36E+09 0.0428 3762.88
1.38E+09 0.0432 3758.76
1.42E+09 0.0354 3752.66
1.46E+09 0.0395 3745.44
1.49E+09 0.0375 3740.08
1.52E+09 0.0343 3734.59
1.55E+09 0.0335 3729.74
1.60E+09 0.0296 3724.3
1.62E+09 0.0304 3720.12
1.68E+09 0.0293 3712.48
1.73E+09 0.0282 3706.31
1.76E+09 0.0295 3703.04
1.79E+09 0.0266 3698.32
1.82E+09 0.0270 3694.59
1.85E+09 0.0241 3691.6
1.88E+09 0.0242 3688.41
1.92E+09 0.0224 3684.45
1.96E+09 0.0249 3679.93
1.99E+09 0.0251 3676.64
2.03E+09 0.0223 3672.71
2.06E+09 0.0226 3668.88
2.10E+09 0.0245 3665.46
2.14E+09 0.0197 3661.56
2.17E+09 0.0213 3658.47
2.20E+09 0.0210 3655.75
2.24E+09 0.0210 3652.12
2.27E+09 0.0192 3649.14
2.31E+09 0.0192 3645.92
2.34E+09 0.0202 3642.62
2.38E+09 0.0195 3639.37
2.42E+09 0.0179 3635.98
2.46E+09 0.0186 3632.67
2.51E+09 0.0161 3628.85
2.55E+09 0.0169 3625.34
2.59E+09 0.0169 3622.41
2.62E+09 0.0172 3619.9
2.65E+09 0.0153 3617.77
2.69E+09 0.0172 3614.9
2.74E+09 0.0159 3611.03
2.79E+09 0.0158 3607.64
2.83E+09 0.0154 3604.91
2.88E+09 0.0156 3601.34
2.93E+09 0.0137 3597.79
2.99E+09 0.0142 3594.43
3.04E+09 0.0138 3591.03
3.09E+09 0.0133 3587.77
3.14E+09 0.0125 3585.06
3.19E+09 0.0125 3581.98
3.25E+09 0.0127 3578.92
3.30E+09 0.0143 3575.98
3.35E+09 0.0122 3572.83
3.41E+09 0.0116 3569.68
3.47E+09 0.0122 3566.44
3.52E+09 0.0128 3563.67
3.57E+09 0.0115 3560.94
3.61E+09 0.0123 3558.38
3.66E+09 0.0120 3555.63
3.70E+09 0.0116 3553.39
3.76E+09 0.0111 3550.77
3.81E+09 0.0112 3547.9
3.88E+09 0.0109 3544.73
3.94E+09 0.0101 3541.77
4.00E+09 0.0105 3538.97
4.06E+09 0.0096 3536.26
4.12E+09 0.0094 3533.79
4.18E+09 0.0102 3531.12
4.23E+09 0.0102 3528.41
4.29E+09 0.0088 3525.95
4.35E+09 0.0092 3523.52
4.42E+09 0.0085 3520.72
4.48E+09 0.0093 3518.3
4.53E+09 0.0091 3516.23
4.59E+09 0.0093 3513.87
4.65E+09 0.0089 3511.13
4.72E+09 0.0082 3508.68
4.77E+09 0.0078 3506.54
4.84E+09 0.0079 3504.3
4.90E+09 0.0081 3501.85
4.98E+09 0.0075 3499.13
