0.00E+00 -1.3713 7572.35
9.15E+07 0.5413 7429.11
1.27E+08 0.5090 7364.38
1.51E+08 0.5049 7320.92
1.73E+08 0.4938 7282.7
1.95E+08 0.4652 7246.8
2.11E+08 0.4747 7219.74
2.31E+08 0.4563 7186.93
2.47E+08 0.4576 7161.49
2.64E+08 0.4388 7134.53
2.78E+08 0.4472 7113.37
2.92E+08 0.4281 7090.91
3.04E+08 0.4300 7072.52
3.17E+08 0.4258 7054.16
3.29E+08 0.4140 7035.36
3.41E+08 0.4169 7018.85
3.52E+08 0.4082 7003.01
3.63E+08 0.3978 6987.16
3.73E+08 0.4062 6972.63
3.84E+08 0.4006 6957.23
3.95E+08 0.3930 6942.32
4.05E+08 0.3951 6928.6
4.15E+08 0.3901 6914.81
4.25E+08 0.3834 6900.83
4.35E+08 0.3798 6887.78
4.44E+08 0.3831 6875.07
4.54E+08 0.3809 6862.58
4.63E+08 0.3750 6849.39
4.72E+08 0.3701 6837.72
4.81E+08 0.3719 6826.65
4.89E+08 0.3642 6815.75
4.98E+08 0.3704 6804.66
5.07E+08 0.3591 6793.69
5.15E+08 0.3582 6782.76
5.23E+08 0.3583 6772.57
5.31E+08 0.3561 6763.03
5.39E+08 0.3577 6753.3
5.47E+08 0.3520 6743.03
5.55E+08 0.3499 6733.68
5.62E+08 0.3531 6724.71
5.70E+08 0.3462 6714.83
5.79E+08 0.3547 6704.38
5.86E+08 0.3478 6695.12
5.93E+08 0.3509 6686.3
6.01E+08 0.3440 6677.21
6.08E+08 0.3490 6668.71
6.15E+08 0.3535 6660.33
6.22E+08 0.3539 6651.67
6.28E+08 0.3616 6643.03
6.35E+08 0.3718 6635.04
6.40E+08 0.3883 6627.82
6.42E+08 0.4265 6625.38
6.44E+08 0.4717 6622.13
6.46E+08 0.5732 6618.76
6.50E+08 0.6194 6609.62
6.62E+08 0.5507 6585.09
6.77E+08 0.5271 6556.38
6.95E+08 0.5294 6523.37
7.14E+08 0.5368 6488.64
7.28E+08 0.5338 6461.47
7.44E+08 0.5221 6432.75
7.61E+08 0.5192 6400.64
7.77E+08 0.4630 6372.37
7.97E+08 0.4593 6340.78
8.12E+08 0.4542 6315.17
8.37E+08 0.4054 6278.97
8.64E+08 0.4269 6240.79
8.87E+08 0.4692 6204.82
9.11E+08 0.4752 6164.23
9.41E+08 0.4616 6114.31
9.68E+08 0.4616 6072.65
1.01E+09 0.4461 6010.88
1.05E+09 0.4039 5950.58
1.09E+09 0.4514 5885.44
1.13E+09 0.4227 5822.96
1.16E+09 0.3882 5779.34
1.18E+09 0.3790 5749.01
1.20E+09 0.3565 5730.1
1.21E+09 0.3539 5716.14
1.23E+09 0.3473 5696.91
1.24E+09 0.3515 5677.38
1.26E+09 0.3434 5657.36
1.27E+09 0.3336 5643.19
1.28E+09 0.3392 5629.32
1.30E+09 0.3367 5611.69
1.31E+09 0.3235 5593.39
1.33E+09 0.3081 5576.99
1.34E+09 0.3242 5564.34
1.35E+09 0.3222 5549.29
1.36E+09 0.3104 5538.32
1.38E+09 0.3133 5521.47
1.39E+09 0.3068 5506.06
1.40E+09 0.3075 5493.95
1.41E+09 0.2963 5482.62
1.43E+09 0.3022 5467.4
1.44E+09 0.3081 5452.14
1.46E+09 0.2894 5436.73
1.47E+09 0.2872 5422.55
1.48E+09 0.2783 5410.21
1.49E+09 0.2729 5398.74
1.51E+09 0.2786 5383.97
1.52E+09 0.2673 5372.46
1.54E+09 0.2633 5358.29
1.55E+09 0.2674 5348.87
1.56E+09 0.2647 5336.15
1.57E+09 0.2594 5322.98
1.59E+09 0.2505 5308.49
1.61E+09 0.2555 5292.49
1.62E+09 0.2460 5279.93
1.64E+09 0.2481 5264.5
1.65E+09 0.2425 5255.15
1.67E+09 0.2345 5241.38
1.68E+09 0.2316 5230.54
1.70E+09 0.2394 5216.62
1.71E+09 0.2258 5206.78
1.72E+09 0.2254 5195.07
1.74E+09 0.2340 5185.85
1.75E+09 0.2221 5171.39
1.77E+09 0.2166 5160.99
1.79E+09 0.2219 5146.15
1.80E+09 0.2200 5135.99
1.81E+09 0.2087 5127.4
1.83E+09 0.2129 5112.76
1.85E+09 0.1988 5099.47
1.87E+09 0.1905 5086.55
1.88E+09 0.1969 5075.72
1.90E+09 0.1992 5063.64
1.92E+09 0.1838 5052.45
1.94E+09 0.1892 5038.73
1.96E+09 0.1909 5027.35
1.97E+09 0.1702 5016.64
1.99E+09 0.1842 5004.81
2.01E+09 0.1740 4991.55
2.03E+09 0.1823 4982.1
2.05E+09 0.1701 4971.79
2.07E+09 0.1621 4959.01
2.09E+09 0.1668 4945.68
2.11E+09 0.1572 4932.83
2.14E+09 0.1558 4920.7
2.15E+09 0.1540 4910.88
2.17E+09 0.1486 4901.29
2.19E+09 0.1418 4890.46
2.21E+09 0.1383 4880.78
2.23E+09 0.1397 4869.93
2.26E+09 0.1370 4860.16
2.27E+09 0.1428 4850.64
2.30E+09 0.1406 4839.57
2.32E+09 0.1300 4829.88
2.34E+09 0.1287 4820.17
2.36E+09 0.1271 4809.04
2.38E+09 0.1300 4802.8
2.40E+09 0.1235 4792.26
2.43E+09 0.1190 4780.28
2.46E+09 0.1220 4768.11
2.48E+09 0.1068 4757.53
2.51E+09 0.1194 4746
2.54E+09 0.1050 4735.39
2.57E+09 0.1105 4723.82
2.60E+09 0.1048 4713.65
2.63E+09 0.1005 4702.95
2.65E+09 0.0999 4694.69
2.67E+09 0.0970 4686.29
2.70E+09 0.0946 4676.58
2.73E+09 0.0942 4668.01
2.75E+09 0.0886 4659.63
2.78E+09 0.0884 4652.22
2.81E+09 0.0843 4643.5
2.84E+09 0.0868 4634.49
2.87E+09 0.0839 4624.79
2.90E+09 0.0812 4615.01
2.92E+09 0.0761 4609.91
2.95E+09 0.0766 4601.07
2.99E+09 0.0779 4591.87
3.02E+09 0.0687 4583.75
3.05E+09 0.0713 4575.19
3.08E+09 0.0642 4568.09
3.12E+09 0.0694 4559.86
3.14E+09 0.0651 4553.31
3.18E+09 0.0620 4546.43
3.21E+09 0.0623 4538.88
3.24E+09 0.0595 4532.34
3.27E+09 0.0649 4524.77
3.31E+09 0.0547 4517.94
3.34E+09 0.0580 4511.35
3.38E+09 0.0557 4504.5
3.42E+09 0.0511 4497.18
3.45E+09 0.0557 4490.33
3.49E+09 0.0499 4483.03
3.53E+09 0.0513 4475.5
3.56E+09 0.0544 4470.45
3.59E+09 0.0474 4464.2
3.64E+09 0.0446 4456.94
3.68E+09 0.0456 4451.11
3.72E+09 0.0444 4445
3.75E+09 0.0398 4439.45
3.80E+09 0.0400 4433.42
3.84E+09 0.0395 4427.29
3.88E+09 0.0391 4421.97
3.92E+09 0.0372 4416.1
3.97E+09 0.0364 4410.25
4.01E+09 0.0344 4404.94
4.06E+09 0.0360 4399.61
4.10E+09 0.0338 4394.25
4.15E+09 0.0336 4388.1
4.20E+09 0.0298 4382.6
4.25E+09 0.0297 4377.16
4.30E+09 0.0280 4372.04
4.35E+09 0.0252 4367.89
4.40E+09 0.0264 4363.37
4.44E+09 0.0254 4359.19
4.49E+09 0.0292 4354.45
4.54E+09 0.0249 4349.86
4.59E+09 0.0217 4345.9
4.64E+09 0.0217 4341.63
4.68E+09 0.0197 4338.78
4.74E+09 0.0223 4334.43
4.79E+09 0.0210 4330.58
4.84E+09 0.0190 4327.36
4.89E+09 0.0212 4324.02
4.93E+09 0.0201 4320.74
4.99E+09 0.0199 4316.55
