0.00E+00 -0.9743 6304.78
1.32E+08 0.3201 6165.01
1.80E+08 0.2965 6108.81
2.13E+08 0.2903 6071.4
2.44E+08 0.2807 6037.09
2.71E+08 0.2641 6007.99
2.95E+08 0.2623 5983.89
3.18E+08 0.2486 5960.18
3.39E+08 0.2464 5939.65
3.59E+08 0.2378 5920.48
3.79E+08 0.2302 5902.74
3.94E+08 0.2313 5888.44
4.14E+08 0.2232 5870.82
4.32E+08 0.2258 5854.86
4.51E+08 0.2212 5838.28
4.71E+08 0.2142 5821.29
4.90E+08 0.2149 5804.85
5.08E+08 0.2072 5789.72
5.25E+08 0.2071 5775.98
5.43E+08 0.2046 5761.64
5.60E+08 0.1984 5748
5.75E+08 0.1954 5736.74
5.89E+08 0.1899 5725.66
6.02E+08 0.1928 5715.79
6.16E+08 0.1910 5705.26
6.29E+08 0.1948 5695.68
6.41E+08 0.1945 5686.13
6.53E+08 0.1970 5677.46
6.63E+08 0.2074 5668.96
6.67E+08 0.2335 5665.35
6.70E+08 0.2542 5663.32
6.72E+08 0.3265 5660.65
6.76E+08 0.3539 5654.93
6.90E+08 0.3398 5635.44
7.17E+08 0.3262 5600.92
7.39E+08 0.3189 5573.58
7.62E+08 0.3126 5544.58
7.83E+08 0.3288 5518.94
8.09E+08 0.2839 5488.15
8.47E+08 0.2595 5447.85
8.86E+08 0.2386 5409.66
9.31E+08 0.2166 5369.85
9.82E+08 0.2534 5325.46
1.03E+09 0.2589 5278.09
1.07E+09 0.2474 5237.44
1.14E+09 0.2613 5159.5
1.21E+09 0.2314 5093.27
1.28E+09 0.2203 5033.14
1.33E+09 0.1971 4992.99
1.38E+09 0.1852 4956.23
1.40E+09 0.1804 4941.51
1.43E+09 0.1525 4924.4
1.45E+09 0.1605 4909.14
1.47E+09 0.1557 4896.51
1.49E+09 0.1412 4882.75
1.51E+09 0.1455 4872.02
1.53E+09 0.1416 4861.59
1.55E+09 0.1402 4850.22
1.57E+09 0.1416 4838.64
1.60E+09 0.1400 4826.05
1.62E+09 0.1301 4814.76
1.64E+09 0.1340 4803.43
1.66E+09 0.1244 4793
1.68E+09 0.1320 4781.04
1.70E+09 0.1199 4770.8
1.73E+09 0.1228 4759.2
1.74E+09 0.1241 4751.63
1.76E+09 0.1202 4743.03
1.78E+09 0.1109 4734.03
1.80E+09 0.1121 4725.3
1.82E+09 0.1096 4715.06
1.84E+09 0.1049 4706.87
1.86E+09 0.1054 4698.26
1.89E+09 0.1026 4687.84
1.91E+09 0.1104 4679.13
1.94E+09 0.1001 4669.24
1.96E+09 0.0990 4659.1
1.98E+09 0.0998 4650.29
2.01E+09 0.0978 4640.84
2.03E+09 0.0890 4632.69
2.06E+09 0.0851 4623.54
2.08E+09 0.0881 4613.77
2.11E+09 0.0857 4604.49
2.14E+09 0.0823 4595.55
2.17E+09 0.0833 4586.93
2.20E+09 0.0840 4577.09
2.22E+09 0.0837 4568.44
2.25E+09 0.0718 4558.87
2.27E+09 0.0789 4552.96
2.30E+09 0.0746 4544.72
2.33E+09 0.0692 4536.01
2.36E+09 0.0719 4528.89
2.39E+09 0.0663 4520.87
2.42E+09 0.0708 4513.27
2.45E+09 0.0669 4505.02
2.48E+09 0.0636 4497.65
2.50E+09 0.0666 4491.69
2.53E+09 0.0620 4483.14
2.56E+09 0.0571 4476.59
2.59E+09 0.0537 4470.13
2.63E+09 0.0581 4462.75
2.66E+09 0.0523 4455.7
2.69E+09 0.0585 4449.09
2.73E+09 0.0471 4441.42
2.76E+09 0.0468 4435.48
2.79E+09 0.0479 4428.88
2.83E+09 0.0462 4422.54
2.86E+09 0.0453 4416.15
2.90E+09 0.0429 4409.94
2.94E+09 0.0396 4403.79
2.97E+09 0.0417 4398.39
3.01E+09 0.0372 4392.01
3.05E+09 0.0400 4386.49
3.08E+09 0.0398 4381.88
3.12E+09 0.0340 4375.67
3.16E+09 0.0351 4370.67
3.20E+09 0.0350 4365.15
3.24E+09 0.0337 4359.54
3.29E+09 0.0282 4354.06
3.33E+09 0.0295 4349.63
3.36E+09 0.0292 4345.6
3.40E+09 0.0269 4340.73
3.45E+09 0.0247 4336.27
3.49E+09 0.0273 4331.67
3.54E+09 0.0269 4326.89
3.58E+09 0.0232 4322.28
3.63E+09 0.0244 4318.49
3.67E+09 0.0214 4314.57
3.71E+09 0.0221 4310.59
3.77E+09 0.0206 4306.41
3.82E+09 0.0203 4302.05
3.87E+09 0.0213 4298.24
3.91E+09 0.0173 4294.61
3.95E+09 0.0190 4291.86
4.01E+09 0.0163 4288.3
4.06E+09 0.0160 4284.69
4.12E+09 0.0171 4280.86
4.18E+09 0.0150 4277.28
4.24E+09 0.0157 4273.99
4.29E+09 0.0154 4270.66
4.34E+09 0.0136 4267.88
4.39E+09 0.0139 4265.25
4.45E+09 0.0130 4262.04
4.51E+09 0.0115 4258.92
4.58E+09 0.0128 4255.79
4.64E+09 0.0102 4253.13
4.69E+09 0.0118 4251.07
4.74E+09 0.0124 4248.5
4.80E+09 0.0100 4245.99
4.86E+09 0.0111 4243.42
4.91E+09 0.0107 4241.44
4.97E+09 0.0098 4238.72
