0.00E+00 -0.4399 4666.1
7.99E+08 0.0357 4309.73
1.07E+09 0.0267 4207.5
1.25E+09 0.0202 4156.63
1.42E+09 0.0153 4118.07
1.48E+09 0.0431 4098.65
1.58E+09 0.0274 4059.36
1.72E+09 0.0224 4018.72
1.84E+09 0.0211 3987.47
1.96E+09 0.0222 3957.27
2.08E+09 0.0251 3925.35
2.18E+09 0.0208 3898.03
2.30E+09 0.0188 3871.58
2.41E+09 0.0172 3847.41
2.52E+09 0.0150 3826.58
2.63E+09 0.0130 3807.96
2.72E+09 0.0117 3794.7
2.81E+09 0.0108 3783.32
2.88E+09 0.0109 3774.05
2.96E+09 0.0107 3764.28
3.04E+09 0.0102 3754.97
3.11E+09 0.0094 3746.83
3.19E+09 0.0086 3738.25
3.27E+09 0.0081 3729.91
3.35E+09 0.0077 3722.72
3.43E+09 0.0072 3715.25
3.53E+09 0.0066 3707.7
3.61E+09 0.0064 3701.12
3.71E+09 0.0060 3694.36
3.81E+09 0.0058 3687.53
3.90E+09 0.0055 3681.12
3.99E+09 0.0052 3675.33
4.09E+09 0.0048 3669.84
4.19E+09 0.0045 3664.22
4.30E+09 0.0043 3658.81
4.40E+09 0.0041 3653.76
4.51E+09 0.0039 3648.68
4.62E+09 0.0037 3643.8
4.73E+09 0.0035 3638.92
4.84E+09 0.0033 3634.56
4.95E+09 0.0031 3630.39
