0.00E+00 -0.6850 5791.61
1.85E+08 0.2166 5648.32
2.47E+08 0.2026 5594.45
2.98E+08 0.1958 5552.09
3.41E+08 0.1877 5517.87
3.80E+08 0.1752 5487.18
4.14E+08 0.1772 5461.79
4.46E+08 0.1709 5438.75
4.55E+08 0.1871 5431.76
4.60E+08 0.2093 5427.22
4.69E+08 0.2227 5418.78
4.84E+08 0.2402 5403.68
5.22E+08 0.2387 5365.12
5.49E+08 0.2856 5336.75
5.69E+08 0.2521 5313.87
6.43E+08 0.2038 5246.09
7.06E+08 0.2446 5187.08
7.48E+08 0.2569 5139.48
8.60E+08 0.2180 5027.46
9.59E+08 0.1932 4940.77
1.04E+09 0.1676 4879.27
1.12E+09 0.1997 4825.36
1.17E+09 0.1778 4779.55
1.23E+09 0.1708 4740.41
1.25E+09 0.1751 4721.05
1.27E+09 0.1660 4703.91
1.29E+09 0.1652 4691.43
1.31E+09 0.1716 4677.59
1.33E+09 0.1704 4662.25
1.35E+09 0.1620 4648.77
1.37E+09 0.1547 4635.38
1.39E+09 0.1454 4624.52
1.40E+09 0.1610 4614.45
1.43E+09 0.1483 4600.56
1.44E+09 0.1586 4588.89
1.46E+09 0.1552 4575.34
1.48E+09 0.1462 4562.29
1.50E+09 0.1449 4550
1.52E+09 0.1398 4538.5
1.54E+09 0.1326 4527.64
1.56E+09 0.1428 4517.29
1.58E+09 0.1356 4506.32
1.60E+09 0.1322 4494.77
1.62E+09 0.1311 4484.74
1.64E+09 0.1365 4471.62
1.66E+09 0.1252 4457.19
1.68E+09 0.1188 4447.11
1.70E+09 0.1216 4436.14
1.73E+09 0.1194 4424.94
1.75E+09 0.1255 4412.68
1.77E+09 0.1221 4402.04
1.79E+09 0.1158 4390.84
1.81E+09 0.1118 4382.67
1.83E+09 0.1124 4372.07
1.85E+09 0.1086 4362.37
1.87E+09 0.1153 4353.33
1.90E+09 0.1103 4340.96
1.92E+09 0.0987 4329.91
1.94E+09 0.1027 4319.8
1.97E+09 0.0991 4309.02
1.99E+09 0.0942 4298.47
2.02E+09 0.1045 4287.59
2.05E+09 0.1004 4276.44
2.07E+09 0.0942 4265.89
2.10E+09 0.0960 4255.71
2.12E+09 0.0941 4246.32
2.15E+09 0.0871 4236.19
2.17E+09 0.0837 4227.58
2.20E+09 0.0924 4218.5
2.22E+09 0.0894 4208.59
2.25E+09 0.0841 4197.14
2.28E+09 0.0811 4186.76
2.30E+09 0.0809 4179.28
2.33E+09 0.0773 4169.55
2.36E+09 0.0782 4158.47
2.39E+09 0.0718 4149.71
2.43E+09 0.0787 4138.96
2.46E+09 0.0755 4128.8
2.48E+09 0.0673 4121.01
2.51E+09 0.0629 4112.87
2.54E+09 0.0679 4104.95
2.57E+09 0.0672 4095.64
2.60E+09 0.0690 4086.73
2.64E+09 0.0665 4076.95
2.67E+09 0.0588 4069.02
2.70E+09 0.0661 4059.23
2.74E+09 0.0604 4049.64
2.78E+09 0.0601 4039.16
2.82E+09 0.0553 4029.85
2.85E+09 0.0593 4020.95
2.88E+09 0.0548 4013.94
2.92E+09 0.0524 4005.58
2.95E+09 0.0499 3997.92
2.99E+09 0.0470 3991.32
3.02E+09 0.0479 3984.63
3.06E+09 0.0499 3976.29
3.10E+09 0.0484 3968.32
3.14E+09 0.0494 3959.93
3.17E+09 0.0444 3952.89
3.22E+09 0.0389 3945.07
3.25E+09 0.0438 3938.96
3.29E+09 0.0411 3931.61
3.33E+09 0.0401 3924.59
3.37E+09 0.0409 3917.99
3.42E+09 0.0422 3908.88
3.46E+09 0.0392 3901.4
3.51E+09 0.0355 3893.65
3.56E+09 0.0378 3885.74
3.61E+09 0.0364 3878.96
3.65E+09 0.0335 3871.66
3.70E+09 0.0319 3865.17
3.74E+09 0.0327 3859.76
3.79E+09 0.0359 3853.03
3.84E+09 0.0321 3844.87
3.90E+09 0.0319 3837.58
3.95E+09 0.0273 3831.05
4.00E+09 0.0253 3825.04
4.05E+09 0.0288 3819.63
4.11E+09 0.0253 3812.9
4.17E+09 0.0277 3805.8
4.22E+09 0.0265 3800.36
4.27E+09 0.0230 3794.67
4.33E+09 0.0204 3789.55
4.37E+09 0.0212 3786.18
4.43E+09 0.0228 3780.4
4.49E+09 0.0211 3774.63
4.55E+09 0.0197 3769.28
4.62E+09 0.0201 3763.49
4.68E+09 0.0233 3758.07
4.74E+09 0.0200 3752.65
4.81E+09 0.0176 3746.77
4.88E+09 0.0151 3741.71
4.94E+09 0.0141 3738.29
5.00E+09 0.0153 3734.5
