0.00E+00 -0.3238 4176.15
3.99E+07 0.2246 4161.72
5.84E+07 0.2385 4145.47
1.02E+08 0.2114 4110.26
1.55E+08 0.2288 4070.45
2.24E+08 0.2180 4016.25
2.89E+08 0.2004 3966.91
3.26E+08 0.1892 3940.45
3.48E+08 0.1820 3925.84
3.65E+08 0.1763 3914.54
3.81E+08 0.1713 3904.42
3.97E+08 0.1675 3894.65
4.14E+08 0.1660 3884.27
4.29E+08 0.1631 3875.17
4.45E+08 0.1574 3866.27
4.57E+08 0.1534 3859.22
4.73E+08 0.1512 3850.49
4.90E+08 0.1483 3841.12
5.05E+08 0.1457 3833.49
5.19E+08 0.1418 3826.08
5.34E+08 0.1372 3818.37
5.47E+08 0.1357 3811.93
5.59E+08 0.1324 3806.07
5.73E+08 0.1302 3799.71
5.85E+08 0.1271 3793.69
6.00E+08 0.1252 3786.99
6.15E+08 0.1211 3780.43
6.28E+08 0.1182 3774.65
6.41E+08 0.1171 3769.1
6.56E+08 0.1133 3763
6.69E+08 0.1123 3757.52
6.80E+08 0.1089 3753.4
6.95E+08 0.1068 3747.44
7.09E+08 0.1029 3742.01
7.22E+08 0.1010 3737.06
7.37E+08 0.0987 3731.86
7.52E+08 0.0961 3726.36
7.72E+08 0.0937 3719.54
7.88E+08 0.0909 3714.1
8.06E+08 0.0869 3708.28
8.24E+08 0.0862 3702.86
8.46E+08 0.0825 3695.94
8.67E+08 0.0794 3689.94
8.88E+08 0.0773 3684.04
9.09E+08 0.0744 3678.26
9.30E+08 0.0721 3672.64
9.50E+08 0.0704 3667.5
9.68E+08 0.0679 3662.85
9.86E+08 0.0669 3658.47
1.00E+09 0.0674 3654.4
1.02E+09 0.0653 3650.26
1.04E+09 0.0636 3646.53
1.05E+09 0.0633 3642.64
1.07E+09 0.0630 3639.43
1.08E+09 0.0626 3636.21
1.10E+09 0.0619 3632.9
1.11E+09 0.0615 3629.56
1.13E+09 0.0608 3625.83
1.14E+09 0.0616 3622.51
1.16E+09 0.0602 3619.39
1.17E+09 0.0598 3616.04
1.19E+09 0.0599 3613.04
1.20E+09 0.0591 3609.36
1.22E+09 0.0589 3605.69
1.24E+09 0.0581 3602.04
1.25E+09 0.0568 3598.78
1.27E+09 0.0567 3595.41
1.29E+09 0.0572 3591.67
1.30E+09 0.0572 3588.14
1.32E+09 0.0563 3584.78
1.34E+09 0.0553 3581.63
1.35E+09 0.0552 3578.11
1.37E+09 0.0549 3574.84
1.38E+09 0.0544 3571.89
1.40E+09 0.0539 3568.94
1.42E+09 0.0545 3565.71
1.43E+09 0.0535 3562.22
1.45E+09 0.0531 3558.62
1.47E+09 0.0529 3555
1.49E+09 0.0525 3551.42
1.51E+09 0.0524 3548.09
1.52E+09 0.0526 3544.98
1.54E+09 0.0518 3541.4
1.56E+09 0.0521 3537.86
1.58E+09 0.0502 3534.88
1.60E+09 0.0507 3531.19
1.62E+09 0.0498 3527.15
1.64E+09 0.0493 3523.59
1.66E+09 0.0495 3519.83
1.68E+09 0.0491 3516.17
1.70E+09 0.0480 3512.47
1.72E+09 0.0479 3508.95
1.74E+09 0.0471 3505.87
1.76E+09 0.0468 3502.78
1.77E+09 0.0464 3500.16
1.79E+09 0.0457 3497.18
1.81E+09 0.0463 3494.43
1.82E+09 0.0457 3491.68
1.84E+09 0.0452 3488.7
1.86E+09 0.0450 3485.92
1.88E+09 0.0436 3482.95
1.89E+09 0.0444 3480.91
1.91E+09 0.0444 3478.16
1.93E+09 0.0432 3474.94
1.95E+09 0.0431 3471.55
1.97E+09 0.0435 3468.02
2.00E+09 0.0424 3464.3
2.02E+09 0.0422 3460.72
2.04E+09 0.0418 3457.57
2.06E+09 0.0417 3454.15
2.09E+09 0.0408 3450.59
2.11E+09 0.0406 3447.38
2.13E+09 0.0410 3444.03
2.15E+09 0.0400 3440.63
2.18E+09 0.0388 3437.14
2.20E+09 0.0383 3433.86
2.22E+09 0.0378 3430.88
2.24E+09 0.0382 3428.14
2.27E+09 0.0377 3424.94
2.29E+09 0.0370 3421.62
2.32E+09 0.0372 3418.39
2.34E+09 0.0369 3415.29
2.36E+09 0.0362 3412.37
2.38E+09 0.0351 3409.27
2.41E+09 0.0354 3406.55
2.43E+09 0.0348 3403.42
2.45E+09 0.0348 3400.54
2.48E+09 0.0345 3397.63
2.50E+09 0.0335 3394.57
2.53E+09 0.0328 3391.52
2.55E+09 0.0327 3388.26
2.58E+09 0.0325 3385.38
2.60E+09 0.0325 3382.69
2.63E+09 0.0317 3379.84
2.65E+09 0.0316 3376.73
2.68E+09 0.0305 3373.6
2.71E+09 0.0303 3370.46
2.74E+09 0.0295 3367.52
2.76E+09 0.0297 3364.68
2.79E+09 0.0287 3361.47
2.82E+09 0.0285 3358.57
2.84E+09 0.0286 3356.11
2.87E+09 0.0283 3353.7
2.89E+09 0.0277 3351.17
2.92E+09 0.0279 3348.56
2.95E+09 0.0274 3345.65
2.97E+09 0.0272 3342.96
3.00E+09 0.0267 3340.42
3.03E+09 0.0269 3337.73
3.06E+09 0.0261 3334.84
3.09E+09 0.0255 3332.04
3.12E+09 0.0254 3329.27
3.15E+09 0.0251 3326.57
3.18E+09 0.0248 3323.97
3.21E+09 0.0248 3321.4
3.23E+09 0.0247 3319.07
3.26E+09 0.0243 3316.37
3.29E+09 0.0237 3313.77
3.32E+09 0.0230 3311.5
3.34E+09 0.0232 3309.25
3.37E+09 0.0236 3306.91
3.41E+09 0.0229 3303.93
3.44E+09 0.0230 3301.28
3.47E+09 0.0228 3298.54
3.51E+09 0.0223 3295.92
3.54E+09 0.0216 3293.37
3.57E+09 0.0216 3290.6
3.61E+09 0.0211 3287.78
3.64E+09 0.0207 3285.2
3.68E+09 0.0197 3282.76
3.71E+09 0.0203 3280.3
3.75E+09 0.0201 3277.65
3.78E+09 0.0195 3275.18
3.82E+09 0.0195 3272.7
3.85E+09 0.0186 3270.37
3.88E+09 0.0186 3268.15
3.92E+09 0.0187 3265.83
3.95E+09 0.0188 3263.94
3.98E+09 0.0181 3261.84
4.01E+09 0.0176 3259.55
4.05E+09 0.0178 3257.16
4.09E+09 0.0172 3254.68
4.13E+09 0.0168 3252.38
4.16E+09 0.0172 3250.2
4.20E+09 0.0174 3247.97
4.23E+09 0.0167 3245.87
4.27E+09 0.0164 3243.68
4.31E+09 0.0161 3241.44
4.35E+09 0.0162 3239.13
4.39E+09 0.0159 3236.8
4.42E+09 0.0160 3234.64
4.46E+09 0.0159 3232.5
4.50E+09 0.0154 3230.31
4.54E+09 0.0155 3228.18
4.57E+09 0.0153 3226.08
4.61E+09 0.0150 3223.98
4.65E+09 0.0151 3221.92
4.69E+09 0.0146 3219.85
4.73E+09 0.0145 3217.65
4.78E+09 0.0143 3215.27
4.82E+09 0.0138 3213.1
4.86E+09 0.0141 3210.95
4.90E+09 0.0138 3209
4.94E+09 0.0135 3207.01
4.98E+09 0.0135 3205.07
