0.00E+00 -0.7358 5614.6
1.90E+08 0.1984 5466.24
2.49E+08 0.1851 5417.34
2.99E+08 0.1750 5378.25
3.42E+08 0.1688 5345.67
3.85E+08 0.1558 5314.37
4.24E+08 0.1544 5286.6
4.64E+08 0.1527 5259.17
5.04E+08 0.1478 5232.59
5.43E+08 0.1397 5207.87
5.75E+08 0.1391 5187.55
6.11E+08 0.1342 5165.57
6.38E+08 0.1339 5149.83
6.56E+08 0.1385 5138.88
6.63E+08 0.1612 5134.62
6.65E+08 0.2162 5132.36
6.70E+08 0.2374 5127.43
6.82E+08 0.2215 5115.45
7.28E+08 0.2039 5072.39
7.71E+08 0.2004 5032.91
8.10E+08 0.2087 4998.38
8.46E+08 0.1822 4967.56
9.14E+08 0.1567 4917.09
1.00E+09 0.1360 4860.16
1.10E+09 0.1349 4804.66
1.17E+09 0.1531 4756.35
1.27E+09 0.1645 4691.11
1.35E+09 0.1353 4631.02
1.44E+09 0.1381 4582.41
1.51E+09 0.1085 4544.32
1.56E+09 0.0995 4520.37
1.59E+09 0.0947 4508.33
1.62E+09 0.0780 4497.98
1.64E+09 0.0831 4487.38
1.67E+09 0.0874 4476.6
1.70E+09 0.0772 4466.65
1.72E+09 0.0808 4457.9
1.75E+09 0.0766 4448.61
1.78E+09 0.0748 4439.31
1.80E+09 0.0674 4431.51
1.82E+09 0.0721 4425.6
1.85E+09 0.0707 4418.12
1.87E+09 0.0643 4409.21
1.90E+09 0.0730 4401.3
1.93E+09 0.0586 4393.68
1.95E+09 0.0596 4386.39
1.98E+09 0.0612 4379.62
2.01E+09 0.0602 4370.92
2.04E+09 0.0599 4363.32
2.07E+09 0.0566 4355.2
2.10E+09 0.0522 4349.16
2.13E+09 0.0611 4340.98
2.16E+09 0.0491 4333.31
2.19E+09 0.0550 4326.85
2.22E+09 0.0519 4319.27
2.25E+09 0.0522 4312.43
2.28E+09 0.0388 4305.41
2.31E+09 0.0421 4300.26
2.34E+09 0.0514 4294.34
2.38E+09 0.0438 4287.2
2.41E+09 0.0468 4280.95
2.45E+09 0.0428 4273.41
2.48E+09 0.0389 4267.87
2.52E+09 0.0366 4261.31
2.55E+09 0.0426 4255.07
2.59E+09 0.0364 4248.6
2.63E+09 0.0359 4242.11
2.67E+09 0.0347 4235.76
2.71E+09 0.0328 4229.68
2.74E+09 0.0312 4225.01
2.77E+09 0.0325 4220.69
2.81E+09 0.0301 4214.73
2.85E+09 0.0344 4209.29
2.90E+09 0.0273 4202.81
2.95E+09 0.0278 4197.5
2.98E+09 0.0294 4192.73
3.02E+09 0.0231 4187.98
3.06E+09 0.0299 4183.17
3.11E+09 0.0218 4177.78
3.16E+09 0.0245 4172.7
3.20E+09 0.0218 4168.33
3.25E+09 0.0214 4163.74
3.28E+09 0.0213 4160.77
3.32E+09 0.0220 4156.58
3.37E+09 0.0198 4152.01
3.42E+09 0.0184 4148.02
3.47E+09 0.0180 4143.78
3.52E+09 0.0189 4139.64
3.56E+09 0.0167 4136.21
3.62E+09 0.0161 4131.97
3.66E+09 0.0171 4128.8
3.72E+09 0.0162 4124.67
3.78E+09 0.0159 4120.7
3.83E+09 0.0168 4116.56
3.89E+09 0.0138 4112.92
3.94E+09 0.0163 4109.44
4.00E+09 0.0125 4105.66
4.06E+09 0.0130 4102.03
4.11E+09 0.0133 4099.22
4.17E+09 0.0124 4095.95
4.22E+09 0.0118 4092.81
4.29E+09 0.0125 4089.34
4.35E+09 0.0106 4086.27
4.42E+09 0.0128 4082.52
4.49E+09 0.0099 4079.19
4.56E+09 0.0113 4075.77
4.62E+09 0.0091 4073.05
4.69E+09 0.0107 4070.08
4.76E+09 0.0095 4066.86
4.83E+09 0.0098 4063.67
4.91E+09 0.0092 4060.49
4.98E+09 0.0092 4057.47
