0.00E+00 -0.4395 4527.32
1.52E+08 0.1472 4488.23
1.81E+08 0.1577 4473.9
2.31E+08 0.1701 4449.59
2.88E+08 0.1737 4418.52
3.60E+08 0.1682 4380.32
4.53E+08 0.1561 4334.07
5.21E+08 0.1466 4302.67
5.70E+08 0.1418 4281.17
6.06E+08 0.1456 4264.9
6.34E+08 0.1412 4252.68
6.55E+08 0.1390 4243.62
6.75E+08 0.1394 4235.1
6.93E+08 0.1379 4227.39
7.11E+08 0.1375 4219.76
7.31E+08 0.1321 4211.8
7.49E+08 0.1328 4204.45
7.69E+08 0.1254 4196.57
7.90E+08 0.1188 4188.57
8.09E+08 0.1229 4181.45
8.31E+08 0.1175 4173.61
8.54E+08 0.1087 4165.56
8.73E+08 0.1078 4159.23
8.89E+08 0.1020 4153.88
9.04E+08 0.0944 4149.36
9.20E+08 0.0910 4144.88
9.34E+08 0.0870 4141.14
9.50E+08 0.0916 4136.78
9.65E+08 0.0881 4132.69
9.84E+08 0.0936 4127.24
1.00E+09 0.0878 4122.52
1.02E+09 0.0825 4118.07
1.03E+09 0.0897 4113.93
1.05E+09 0.0867 4109.52
1.07E+09 0.0829 4105.26
1.08E+09 0.0866 4101.26
1.10E+09 0.0848 4097.6
1.11E+09 0.0813 4093.87
1.13E+09 0.0778 4089.83
1.14E+09 0.0818 4086.2
1.15E+09 0.0801 4083.32
1.17E+09 0.0738 4080.33
1.18E+09 0.0723 4077.87
1.19E+09 0.0815 4074.28
1.21E+09 0.0801 4069.85
1.23E+09 0.0785 4066.16
1.24E+09 0.0763 4062.24
1.26E+09 0.0773 4058.43
1.27E+09 0.0748 4054.81
1.29E+09 0.0687 4052
1.30E+09 0.0668 4049.67
1.31E+09 0.0711 4047.32
1.33E+09 0.0727 4043.7
1.34E+09 0.0733 4040.44
1.36E+09 0.0725 4037.06
1.37E+09 0.0715 4033.75
1.39E+09 0.0726 4030.38
1.40E+09 0.0703 4027.34
1.42E+09 0.0682 4023.51
1.44E+09 0.0747 4019.21
1.45E+09 0.0720 4015.69
1.47E+09 0.0675 4011.49
1.49E+09 0.0676 4008.24
1.51E+09 0.0651 4004.63
1.52E+09 0.0632 4001.52
1.54E+09 0.0647 3998.39
1.56E+09 0.0658 3994.86
1.58E+09 0.0664 3990.6
1.60E+09 0.0630 3986.66
1.62E+09 0.0608 3982.9
1.64E+09 0.0618 3979.4
1.66E+09 0.0602 3975.95
1.67E+09 0.0631 3972.29
1.69E+09 0.0632 3968.72
1.71E+09 0.0618 3964.55
1.73E+09 0.0609 3960.89
1.76E+09 0.0568 3957.05
1.78E+09 0.0613 3953.12
1.80E+09 0.0567 3949.31
1.82E+09 0.0562 3945.66
1.84E+09 0.0529 3942.5
1.86E+09 0.0544 3939.33
1.88E+09 0.0529 3936.07
1.90E+09 0.0527 3932.65
1.92E+09 0.0521 3929.09
1.94E+09 0.0521 3925.33
1.97E+09 0.0496 3922.02
1.98E+09 0.0477 3919.34
2.00E+09 0.0460 3916.55
2.02E+09 0.0483 3914.07
2.04E+09 0.0518 3910.96
2.06E+09 0.0525 3907.58
2.09E+09 0.0485 3903.91
2.11E+09 0.0506 3900.56
2.13E+09 0.0491 3897.61
2.15E+09 0.0486 3894.1
2.18E+09 0.0511 3890.3
2.20E+09 0.0481 3886.86
2.22E+09 0.0447 3883.14
2.25E+09 0.0436 3880.2
2.27E+09 0.0453 3876.81
2.30E+09 0.0464 3873.21
2.32E+09 0.0471 3869.66
2.35E+09 0.0464 3865.66
2.38E+09 0.0457 3861.49
2.40E+09 0.0457 3858.09
2.43E+09 0.0433 3854.27
2.46E+09 0.0441 3850.7
2.48E+09 0.0412 3847.15
2.51E+09 0.0390 3843.84
2.53E+09 0.0429 3841.2
2.56E+09 0.0393 3838.3
2.58E+09 0.0397 3835.39
2.61E+09 0.0374 3832.27
2.63E+09 0.0407 3829.27
2.66E+09 0.0381 3825.94
2.69E+09 0.0400 3822.22
2.72E+09 0.0383 3818.73
2.75E+09 0.0373 3815.49
2.78E+09 0.0358 3812.34
2.80E+09 0.0347 3809.45
2.83E+09 0.0358 3806.7
2.85E+09 0.0336 3804.02
2.88E+09 0.0350 3800.93
2.91E+09 0.0326 3797.97
2.94E+09 0.0344 3795.14
2.97E+09 0.0333 3792.41
2.98E+09 0.0325 3790.44
3.01E+09 0.0287 3788.48
3.03E+09 0.0326 3786.27
3.06E+09 0.0332 3783.33
3.09E+09 0.0338 3780.16
3.12E+09 0.0340 3776.81
3.16E+09 0.0328 3773.12
3.19E+09 0.0324 3769.7
3.22E+09 0.0307 3766.88
3.25E+09 0.0282 3764.35
3.28E+09 0.0293 3761.34
3.31E+09 0.0286 3759.01
3.34E+09 0.0272 3756.58
3.37E+09 0.0282 3754.05
3.40E+09 0.0304 3751.18
3.43E+09 0.0295 3748.02
3.47E+09 0.0273 3745.08
3.50E+09 0.0248 3742.65
3.52E+09 0.0262 3740.62
3.55E+09 0.0256 3738.22
3.59E+09 0.0264 3735.48
3.62E+09 0.0278 3732.64
3.66E+09 0.0279 3729.43
3.69E+09 0.0261 3726.94
3.73E+09 0.0250 3723.93
3.76E+09 0.0246 3721.29
3.80E+09 0.0246 3718.83
3.83E+09 0.0247 3716.67
3.86E+09 0.0255 3713.8
3.90E+09 0.0236 3710.98
3.93E+09 0.0219 3708.7
3.97E+09 0.0262 3706.14
4.00E+09 0.0244 3703.55
4.04E+09 0.0222 3701.04
4.07E+09 0.0191 3698.77
4.11E+09 0.0245 3696.32
4.15E+09 0.0249 3693.58
4.19E+09 0.0229 3690.49
4.23E+09 0.0220 3687.83
4.27E+09 0.0205 3685.23
4.31E+09 0.0207 3682.85
4.34E+09 0.0214 3680.36
4.38E+09 0.0201 3678.07
4.42E+09 0.0191 3675.47
4.46E+09 0.0201 3673.28
4.50E+09 0.0229 3670.42
4.55E+09 0.0209 3667.32
4.59E+09 0.0195 3664.78
4.63E+09 0.0184 3662.4
4.67E+09 0.0198 3659.96
4.71E+09 0.0184 3657.6
4.75E+09 0.0187 3655.2
4.80E+09 0.0177 3652.77
4.84E+09 0.0163 3650.39
4.88E+09 0.0181 3648.47
4.92E+09 0.0169 3646.62
4.96E+09 0.0168 3644.41
