0.00E+00 -0.5437 5056.99
2.54E+08 0.1319 4920.31
3.31E+08 0.1227 4876.72
3.97E+08 0.1143 4841.96
4.53E+08 0.1037 4813.62
4.92E+08 0.1075 4794.72
5.00E+08 0.1361 4790.56
5.10E+08 0.1634 4783.26
5.36E+08 0.1666 4763.52
5.75E+08 0.1768 4732.75
6.11E+08 0.1628 4703.17
6.67E+08 0.1460 4663.8
7.36E+08 0.1330 4619.01
8.31E+08 0.1238 4563.5
9.13E+08 0.1595 4512.4
9.84E+08 0.1295 4466.22
1.07E+09 0.1140 4419.25
1.14E+09 0.1037 4384.81
1.19E+09 0.1177 4355.72
1.25E+09 0.1121 4325.63
1.30E+09 0.1059 4301.01
1.33E+09 0.0995 4286.58
1.37E+09 0.0842 4271.23
1.40E+09 0.0911 4258.86
1.44E+09 0.0870 4242.99
1.47E+09 0.0869 4229.32
1.50E+09 0.0893 4215.31
1.54E+09 0.0838 4202.54
1.56E+09 0.0809 4191.66
1.60E+09 0.0739 4180.41
1.62E+09 0.0729 4172.16
1.65E+09 0.0751 4163.81
1.67E+09 0.0792 4155.51
1.69E+09 0.0772 4146.94
1.72E+09 0.0714 4138.36
1.74E+09 0.0661 4131.32
1.77E+09 0.0674 4123.52
1.79E+09 0.0706 4117.12
1.81E+09 0.0607 4110.3
1.84E+09 0.0557 4103.11
1.86E+09 0.0642 4097.81
1.88E+09 0.0615 4090.76
1.90E+09 0.0607 4084.18
1.93E+09 0.0637 4075.16
1.95E+09 0.0585 4069.29
1.98E+09 0.0551 4061.67
2.01E+09 0.0557 4055.02
2.04E+09 0.0492 4047.62
2.06E+09 0.0534 4043.08
2.09E+09 0.0564 4035.01
2.12E+09 0.0541 4027.44
2.15E+09 0.0490 4020.73
2.17E+09 0.0532 4014.58
2.20E+09 0.0464 4008.19
2.23E+09 0.0522 4001.09
2.27E+09 0.0492 3991.38
2.31E+09 0.0450 3982.93
2.36E+09 0.0486 3974.38
2.39E+09 0.0441 3966.16
2.43E+09 0.0403 3958.15
2.47E+09 0.0456 3952.17
2.51E+09 0.0407 3943.23
2.55E+09 0.0387 3935.58
2.59E+09 0.0351 3929.53
2.63E+09 0.0360 3922.37
2.67E+09 0.0352 3915.96
2.72E+09 0.0306 3909.36
2.76E+09 0.0306 3903.48
2.79E+09 0.0308 3898.04
2.84E+09 0.0298 3892.29
2.88E+09 0.0288 3886.52
2.92E+09 0.0276 3881.03
2.96E+09 0.0306 3875.36
3.01E+09 0.0256 3868.95
3.06E+09 0.0279 3862.8
3.11E+09 0.0262 3856.95
3.16E+09 0.0252 3851.61
3.21E+09 0.0220 3846.26
3.26E+09 0.0244 3840.57
3.31E+09 0.0225 3835.37
3.36E+09 0.0213 3830.3
3.41E+09 0.0235 3824.47
3.46E+09 0.0221 3819.16
3.52E+09 0.0208 3813.13
3.58E+09 0.0206 3807.61
3.64E+09 0.0197 3802.17
3.70E+09 0.0177 3797.06
3.75E+09 0.0163 3792.6
3.82E+09 0.0150 3788.27
3.86E+09 0.0172 3784.42
3.93E+09 0.0156 3779.68
4.00E+09 0.0159 3774.67
4.05E+09 0.0135 3770.98
4.11E+09 0.0124 3767.67
4.17E+09 0.0121 3764.37
4.23E+09 0.0164 3760.53
4.29E+09 0.0134 3756.42
4.35E+09 0.0132 3752.51
4.41E+09 0.0107 3749.15
4.48E+09 0.0124 3745.92
4.54E+09 0.0125 3741.99
4.61E+09 0.0100 3738.51
4.67E+09 0.0117 3735.35
4.74E+09 0.0112 3731.42
4.81E+09 0.0110 3728.17
4.88E+09 0.0121 3724.55
4.94E+09 0.0106 3720.95
