0.00E+00 -0.7083 5742.11
2.73E+08 0.1477 5460.03
3.70E+08 0.1477 5362.07
4.52E+08 0.1324 5285.21
5.19E+08 0.1235 5227.98
5.79E+08 0.1171 5179.94
6.37E+08 0.1138 5135.23
6.96E+08 0.1088 5091.99
7.54E+08 0.1033 5051.54
8.12E+08 0.0989 5012.23
8.64E+08 0.0960 4979.2
9.06E+08 0.0965 4952.54
9.46E+08 0.1019 4926.72
9.55E+08 0.1430 4920.09
9.70E+08 0.1694 4902.91
1.04E+09 0.1305 4837.78
1.18E+09 0.1174 4724.94
1.27E+09 0.1079 4653.04
1.41E+09 0.0880 4565.27
1.56E+09 0.0696 4484.12
1.73E+09 0.0657 4415.74
1.86E+09 0.0692 4351.81
1.98E+09 0.0569 4301.41
2.08E+09 0.0488 4268.26
2.17E+09 0.0497 4239.5
2.24E+09 0.0446 4214.6
2.30E+09 0.0376 4198.42
2.34E+09 0.0435 4188.37
2.38E+09 0.0439 4177.8
2.41E+09 0.0392 4166.9
2.46E+09 0.0432 4154.75
2.50E+09 0.0398 4143.87
2.54E+09 0.0351 4134.11
2.58E+09 0.0362 4124.12
2.62E+09 0.0341 4115.24
2.66E+09 0.0330 4105.5
2.71E+09 0.0343 4095.83
2.75E+09 0.0319 4086.82
2.79E+09 0.0308 4077.47
2.84E+09 0.0281 4068.4
2.89E+09 0.0262 4059.93
2.93E+09 0.0261 4052.16
2.98E+09 0.0262 4043.07
3.03E+09 0.0280 4034.29
3.08E+09 0.0256 4025.06
3.14E+09 0.0240 4016.32
3.19E+09 0.0218 4007.83
3.24E+09 0.0213 4000.25
3.30E+09 0.0200 3992.64
3.36E+09 0.0206 3984.94
3.41E+09 0.0194 3978.07
3.47E+09 0.0174 3970.68
3.53E+09 0.0181 3963.43
3.59E+09 0.0180 3956.15
3.65E+09 0.0168 3949.19
3.72E+09 0.0156 3942.14
3.78E+09 0.0151 3935.36
3.85E+09 0.0148 3928.72
3.91E+09 0.0141 3922.67
3.98E+09 0.0138 3916.39
4.05E+09 0.0130 3910.4
4.12E+09 0.0129 3904.2
4.19E+09 0.0120 3898.27
4.26E+09 0.0109 3893.1
4.33E+09 0.0108 3888.02
4.40E+09 0.0106 3882.96
4.48E+09 0.0099 3877.79
4.55E+09 0.0099 3872.86
4.63E+09 0.0089 3868.23
4.70E+09 0.0087 3863.84
4.78E+09 0.0082 3859.42
4.86E+09 0.0080 3855.22
4.94E+09 0.0079 3850.97
