0.00E+00 -0.5683 5076.5
2.64E+08 0.1296 4927.55
3.44E+08 0.1162 4881.9
4.07E+08 0.1110 4848.21
4.70E+08 0.1057 4816.25
5.24E+08 0.0972 4789.98
5.67E+08 0.0964 4769.92
5.93E+08 0.1014 4757.49
5.98E+08 0.1172 4755.41
6.04E+08 0.1493 4750.91
6.17E+08 0.1454 4741.56
6.73E+08 0.1437 4703.23
7.28E+08 0.1567 4664.34
7.84E+08 0.1196 4627.05
9.00E+08 0.1174 4562.69
9.79E+08 0.1525 4513.33
1.08E+09 0.1162 4454.83
1.19E+09 0.0935 4398.67
1.29E+09 0.0966 4349.33
1.38E+09 0.0942 4305
1.47E+09 0.0951 4265.08
1.53E+09 0.0831 4239.25
1.56E+09 0.0795 4229.8
1.59E+09 0.0681 4217.31
1.63E+09 0.0616 4204.94
1.68E+09 0.0673 4190.79
1.71E+09 0.0571 4181.23
1.74E+09 0.0555 4173.52
1.76E+09 0.0521 4167.5
1.79E+09 0.0541 4161.07
1.81E+09 0.0497 4154.65
1.84E+09 0.0570 4147.96
1.86E+09 0.0555 4140.86
1.89E+09 0.0506 4133.15
1.91E+09 0.0527 4127.7
1.95E+09 0.0485 4119.51
1.98E+09 0.0447 4112.86
2.00E+09 0.0475 4108.73
2.02E+09 0.0487 4102.78
2.05E+09 0.0468 4096.46
2.08E+09 0.0441 4089.65
2.11E+09 0.0459 4082.83
2.14E+09 0.0449 4076.59
2.18E+09 0.0392 4069.47
2.20E+09 0.0403 4064.18
2.23E+09 0.0353 4060.32
2.26E+09 0.0406 4054.22
2.29E+09 0.0358 4049.22
2.32E+09 0.0343 4043.57
2.35E+09 0.0359 4039
2.38E+09 0.0380 4033
2.42E+09 0.0349 4026.81
2.45E+09 0.0314 4021.46
2.49E+09 0.0302 4016.36
2.52E+09 0.0264 4011.76
2.54E+09 0.0306 4008.43
2.58E+09 0.0338 4003.39
2.62E+09 0.0312 3996.9
2.66E+09 0.0295 3990.95
2.70E+09 0.0301 3985.69
2.74E+09 0.0255 3980.27
2.77E+09 0.0241 3976.65
2.81E+09 0.0286 3971.74
2.85E+09 0.0248 3966.41
2.89E+09 0.0233 3961.77
2.93E+09 0.0242 3957.26
2.98E+09 0.0247 3951.73
3.01E+09 0.0236 3947.86
3.07E+09 0.0208 3941.96
3.10E+09 0.0202 3938.35
3.15E+09 0.0210 3933.74
3.20E+09 0.0195 3928.63
3.25E+09 0.0221 3923.74
3.30E+09 0.0172 3918.92
3.36E+09 0.0166 3914.66
3.40E+09 0.0165 3911.03
3.44E+09 0.0168 3907.6
3.49E+09 0.0179 3903.72
3.54E+09 0.0158 3899.43
3.60E+09 0.0150 3895.28
3.66E+09 0.0158 3890.77
3.72E+09 0.0138 3886.6
3.77E+09 0.0149 3883.07
3.83E+09 0.0127 3879.1
3.89E+09 0.0137 3875.56
3.95E+09 0.0122 3871.83
4.01E+09 0.0141 3867.96
4.07E+09 0.0121 3864.2
4.13E+09 0.0108 3860.59
4.19E+09 0.0124 3857.08
4.26E+09 0.0101 3853.4
4.33E+09 0.0117 3850.14
4.40E+09 0.0104 3846.36
4.47E+09 0.0106 3842.67
4.55E+09 0.0091 3839.11
4.62E+09 0.0095 3835.77
4.69E+09 0.0098 3832.73
4.75E+09 0.0085 3830.06
4.83E+09 0.0084 3826.83
4.90E+09 0.0084 3823.97
4.97E+09 0.0084 3820.92
