0.00E+00 -1.2176 7147.11
1.41E+08 0.3969 6898.78
1.98E+08 0.3649 6787.79
2.38E+08 0.3472 6714.81
2.72E+08 0.3389 6656.41
3.06E+08 0.3328 6599.32
3.37E+08 0.3238 6549.28
3.66E+08 0.3119 6503.7
3.93E+08 0.2999 6461.68
4.17E+08 0.3001 6425.25
4.43E+08 0.2825 6387.46
4.65E+08 0.2848 6355.49
4.88E+08 0.2719 6323.37
5.07E+08 0.2679 6298.53
5.25E+08 0.2601 6273.78
5.42E+08 0.2519 6251.91
5.59E+08 0.2504 6230.67
5.75E+08 0.2430 6210.51
5.91E+08 0.2408 6191.68
6.06E+08 0.2402 6173.53
6.21E+08 0.2379 6155.92
6.37E+08 0.2341 6136.78
6.52E+08 0.2303 6118.89
6.69E+08 0.2329 6099.88
6.85E+08 0.2314 6081.66
7.02E+08 0.2274 6061.98
7.18E+08 0.2220 6043.6
7.35E+08 0.2218 6025.04
7.51E+08 0.2158 6006.82
7.67E+08 0.2122 5990.04
7.82E+08 0.2051 5973.53
7.96E+08 0.2103 5959.29
8.10E+08 0.2083 5944.81
8.24E+08 0.2102 5930.32
8.39E+08 0.2073 5914.74
8.53E+08 0.2125 5899.42
8.67E+08 0.2241 5884.34
8.79E+08 0.2350 5870.89
8.87E+08 0.2689 5861
8.90E+08 0.3664 5856.46
8.95E+08 0.4042 5846.25
9.11E+08 0.3349 5816.45
9.63E+08 0.2835 5737.81
1.01E+09 0.2754 5675.98
1.05E+09 0.2677 5617.58
1.11E+09 0.2664 5544.24
1.16E+09 0.2192 5482.8
1.22E+09 0.2160 5409.78
1.30E+09 0.1948 5333.04
1.41E+09 0.2049 5227.72
1.53E+09 0.1673 5114.96
1.64E+09 0.1446 5023.57
1.74E+09 0.1518 4954.81
1.83E+09 0.1515 4887.9
1.90E+09 0.1273 4836.8
1.98E+09 0.1117 4792.02
2.05E+09 0.1023 4754.66
2.10E+09 0.0884 4730.45
2.15E+09 0.0857 4709.98
2.19E+09 0.0847 4692.01
2.22E+09 0.0792 4676.99
2.25E+09 0.0694 4665.57
2.29E+09 0.0707 4652.33
2.33E+09 0.0650 4640.13
2.37E+09 0.0734 4627.37
2.40E+09 0.0667 4616.73
2.44E+09 0.0616 4605.19
2.47E+09 0.0673 4592.91
2.51E+09 0.0539 4582.15
2.55E+09 0.0576 4571.51
2.58E+09 0.0551 4561.59
2.62E+09 0.0504 4551.52
2.66E+09 0.0552 4541.2
2.70E+09 0.0463 4531.94
2.74E+09 0.0517 4522.44
2.78E+09 0.0408 4514.09
2.82E+09 0.0536 4505
2.86E+09 0.0373 4496.13
2.90E+09 0.0393 4487.9
2.94E+09 0.0412 4479.22
2.99E+09 0.0349 4470.31
3.03E+09 0.0406 4463.12
3.07E+09 0.0338 4455.3
3.12E+09 0.0326 4446.53
3.17E+09 0.0329 4438.61
3.22E+09 0.0307 4430.54
3.27E+09 0.0313 4423.07
3.32E+09 0.0299 4415.25
3.37E+09 0.0308 4407.61
3.43E+09 0.0233 4400.17
3.48E+09 0.0257 4393.95
3.53E+09 0.0279 4386.94
3.59E+09 0.0209 4379.94
3.64E+09 0.0257 4374.03
3.70E+09 0.0199 4366.88
3.76E+09 0.0242 4360.75
3.80E+09 0.0195 4355.1
3.87E+09 0.0179 4349.14
3.92E+09 0.0246 4343.46
3.98E+09 0.0167 4337.86
4.04E+09 0.0206 4332.42
4.10E+09 0.0175 4326.57
4.17E+09 0.0137 4321.22
4.23E+09 0.0205 4316.31
4.30E+09 0.0121 4310.54
4.37E+09 0.0115 4306.84
4.43E+09 0.0159 4302.12
4.51E+09 0.0099 4297.15
4.57E+09 0.0156 4293.89
4.63E+09 0.0125 4289.55
4.71E+09 0.0107 4285.08
4.77E+09 0.0160 4281.06
4.85E+09 0.0104 4276.01
4.93E+09 0.0113 4271.71
