0.00E+00 -0.5467 4989.38
2.13E+08 0.1325 4904.52
2.69E+08 0.1360 4880.81
2.77E+08 0.1359 4877.06
2.79E+08 0.1489 4876.29
2.82E+08 0.1639 4874.29
2.94E+08 0.1678 4867.95
3.01E+08 0.1829 4863.67
3.05E+08 0.1998 4861.51
3.16E+08 0.1852 4854.45
3.47E+08 0.2076 4834.86
3.56E+08 0.2242 4827.63
4.16E+08 0.1949 4788.13
4.49E+08 0.2136 4766.23
5.13E+08 0.2115 4721.58
5.65E+08 0.2130 4684.49
6.28E+08 0.1948 4641.67
6.77E+08 0.1814 4610.91
7.18E+08 0.1757 4587.08
7.53E+08 0.1771 4566.46
7.80E+08 0.1753 4550.76
8.03E+08 0.1698 4537.81
8.27E+08 0.1676 4524.58
8.44E+08 0.1754 4514.55
8.69E+08 0.1670 4500.41
8.89E+08 0.1575 4489.25
9.08E+08 0.1608 4479.53
9.29E+08 0.1501 4469.05
9.51E+08 0.1529 4457.75
9.73E+08 0.1434 4446.92
9.94E+08 0.1312 4437.95
1.01E+09 0.1377 4429
1.04E+09 0.1353 4418.73
1.06E+09 0.1358 4408.84
1.07E+09 0.1292 4401.39
1.09E+09 0.1220 4394.6
1.10E+09 0.1217 4389.02
1.12E+09 0.1201 4383.94
1.13E+09 0.1209 4377.39
1.15E+09 0.1282 4371.16
1.17E+09 0.1260 4363.67
1.18E+09 0.1261 4357.44
1.20E+09 0.1162 4350.08
1.21E+09 0.1206 4344.05
1.23E+09 0.1208 4338.27
1.25E+09 0.1149 4331.89
1.26E+09 0.1111 4326.68
1.27E+09 0.1179 4321.25
1.29E+09 0.1118 4315.85
1.30E+09 0.1109 4310.22
1.32E+09 0.1133 4304.35
1.34E+09 0.1150 4298.06
1.35E+09 0.1111 4292.46
1.37E+09 0.1019 4286.87
1.38E+09 0.1022 4281.84
1.39E+09 0.1043 4277.34
1.41E+09 0.1021 4271.91
1.43E+09 0.1022 4265.84
1.45E+09 0.0986 4260.14
1.46E+09 0.1034 4255.71
1.48E+09 0.1028 4248.94
1.50E+09 0.0973 4243.42
1.51E+09 0.0939 4238.92
1.52E+09 0.0937 4235.32
1.53E+09 0.0970 4231.55
1.55E+09 0.0953 4226.59
1.56E+09 0.0872 4222.44
1.58E+09 0.0825 4218.73
1.59E+09 0.0903 4214.78
1.61E+09 0.0961 4209.87
1.62E+09 0.0869 4205.07
1.64E+09 0.0865 4201.04
1.65E+09 0.0919 4196.84
1.67E+09 0.0839 4192.07
1.68E+09 0.0767 4187.59
1.70E+09 0.0826 4184.03
1.71E+09 0.0849 4180.47
1.72E+09 0.0820 4176.77
1.74E+09 0.0877 4171.96
1.76E+09 0.0807 4167.59
1.77E+09 0.0829 4163.2
1.79E+09 0.0838 4158.97
1.80E+09 0.0769 4155.11
1.82E+09 0.0754 4151.35
1.83E+09 0.0837 4147.52
1.85E+09 0.0718 4142.91
1.86E+09 0.0714 4140.12
1.88E+09 0.0825 4136.03
1.89E+09 0.0793 4132.05
1.91E+09 0.0743 4128.07
1.92E+09 0.0762 4123.98
1.94E+09 0.0724 4119.97
1.95E+09 0.0711 4117.37
1.97E+09 0.0747 4113.51
1.98E+09 0.0707 4110.25
2.00E+09 0.0657 4106.82
2.01E+09 0.0707 4103.3
2.03E+09 0.0694 4099.95
2.04E+09 0.0672 4096.51
2.06E+09 0.0668 4092.26
2.08E+09 0.0672 4088.6
2.09E+09 0.0690 4085.07
2.11E+09 0.0650 4081.61
2.13E+09 0.0601 4078.22
2.14E+09 0.0684 4075.07
2.16E+09 0.0625 4071.7
2.17E+09 0.0671 4068
2.19E+09 0.0631 4064.54
2.21E+09 0.0581 4061.12
2.22E+09 0.0609 4057.69
2.24E+09 0.0595 4054.74
2.26E+09 0.0625 4051.27
2.27E+09 0.0633 4047.63
2.29E+09 0.0591 4044.06
2.31E+09 0.0638 4040.41
2.32E+09 0.0556 4037.21
2.34E+09 0.0541 4034.33
2.36E+09 0.0548 4031.71
2.37E+09 0.0597 4028.29
2.39E+09 0.0580 4024.32
2.41E+09 0.0551 4021.34
2.43E+09 0.0515 4018.06
2.45E+09 0.0524 4015.08
2.46E+09 0.0538 4011.82
2.48E+09 0.0532 4008.98
2.50E+09 0.0507 4005.76
2.52E+09 0.0545 4002.63
2.54E+09 0.0513 3999.13
2.56E+09 0.0563 3995.33
2.58E+09 0.0560 3991.52
2.60E+09 0.0521 3988.03
2.62E+09 0.0471 3984.72
2.64E+09 0.0512 3981.15
2.66E+09 0.0497 3977.83
2.68E+09 0.0454 3974.74
2.70E+09 0.0453 3971.69
2.72E+09 0.0433 3968.77
2.74E+09 0.0500 3965.65
2.76E+09 0.0506 3962.24
2.78E+09 0.0510 3958.59
2.80E+09 0.0451 3955.27
2.83E+09 0.0389 3952.25
2.85E+09 0.0450 3949.29
2.87E+09 0.0434 3946.53
2.89E+09 0.0450 3943.5
2.91E+09 0.0455 3939.99
2.93E+09 0.0430 3937.17
2.95E+09 0.0408 3934.32
2.97E+09 0.0430 3931.44
2.99E+09 0.0420 3928.32
3.02E+09 0.0387 3925.33
3.04E+09 0.0382 3922.58
3.06E+09 0.0362 3919.92
3.08E+09 0.0387 3917.35
3.10E+09 0.0352 3914.7
3.12E+09 0.0398 3911.99
3.15E+09 0.0419 3908.89
3.17E+09 0.0397 3905.78
3.19E+09 0.0402 3902.53
3.22E+09 0.0381 3899.44
3.24E+09 0.0382 3896.57
3.26E+09 0.0347 3893.86
3.29E+09 0.0339 3891.22
3.31E+09 0.0378 3888.64
3.33E+09 0.0328 3885.77
3.36E+09 0.0304 3883.17
3.38E+09 0.0364 3880.6
3.41E+09 0.0314 3877.85
3.43E+09 0.0306 3875.4
3.45E+09 0.0336 3873.05
3.47E+09 0.0343 3870.54
3.50E+09 0.0307 3867.59
3.53E+09 0.0343 3864.75
3.56E+09 0.0331 3861.68
3.58E+09 0.0312 3859.29
3.60E+09 0.0303 3856.76
3.64E+09 0.0335 3853.46
3.66E+09 0.0303 3850.5
3.69E+09 0.0275 3847.86
3.72E+09 0.0276 3845.4
3.74E+09 0.0249 3843.28
3.77E+09 0.0278 3840.75
3.80E+09 0.0316 3838.15
3.83E+09 0.0285 3835
3.86E+09 0.0269 3832.41
3.89E+09 0.0255 3829.79
3.92E+09 0.0241 3827.44
3.94E+09 0.0246 3825.29
3.97E+09 0.0263 3822.93
4.00E+09 0.0275 3820.39
4.03E+09 0.0298 3817.37
4.07E+09 0.0294 3814.02
4.10E+09 0.0263 3810.93
4.13E+09 0.0248 3808.36
4.16E+09 0.0242 3805.82
4.19E+09 0.0237 3803.32
4.22E+09 0.0223 3801.06
4.26E+09 0.0226 3798.6
4.29E+09 0.0231 3796.07
4.33E+09 0.0227 3793.12
4.37E+09 0.0225 3789.96
4.40E+09 0.0222 3787.71
4.43E+09 0.0216 3785.51
4.47E+09 0.0227 3782.77
4.51E+09 0.0246 3779.38
4.55E+09 0.0245 3776.2
4.58E+09 0.0238 3773.22
4.62E+09 0.0214 3770.38
4.66E+09 0.0200 3767.52
4.71E+09 0.0223 3764.39
4.76E+09 0.0225 3760.78
4.81E+09 0.0223 3757.17
4.85E+09 0.0213 3754.15
4.89E+09 0.0202 3751.06
4.93E+09 0.0197 3748.61
4.97E+09 0.0172 3746.17
