0.00E+00 -1.0757 6726.82
1.06E+08 0.4059 6610.96
1.41E+08 0.3876 6564.86
1.71E+08 0.3627 6527.13
1.98E+08 0.3497 6494.48
2.18E+08 0.3539 6469.67
2.41E+08 0.3295 6442.99
2.57E+08 0.3376 6424.67
2.78E+08 0.3219 6401.36
2.95E+08 0.3292 6382.65
3.14E+08 0.3128 6361.84
3.28E+08 0.3101 6345.92
3.42E+08 0.3085 6332.01
3.56E+08 0.2991 6316.67
3.70E+08 0.2996 6302.46
3.83E+08 0.3011 6289.35
3.98E+08 0.2930 6274.1
4.11E+08 0.2852 6261.68
4.22E+08 0.2902 6250.58
4.35E+08 0.2807 6237.71
4.47E+08 0.2742 6226.16
4.58E+08 0.2793 6216.05
4.69E+08 0.2756 6205.31
4.79E+08 0.2741 6196.07
4.89E+08 0.2683 6186.76
5.01E+08 0.2692 6176.21
5.12E+08 0.2656 6166.47
5.22E+08 0.2619 6157.07
5.31E+08 0.2695 6148.61
5.40E+08 0.2683 6140.26
5.48E+08 0.2800 6133.18
5.56E+08 0.2889 6125.59
5.59E+08 0.3065 6122.47
5.61E+08 0.3419 6120.37
5.63E+08 0.3725 6117.49
5.65E+08 0.4529 6114.79
5.69E+08 0.4725 6107.63
5.82E+08 0.4286 6088.9
5.98E+08 0.4305 6064.47
6.17E+08 0.4308 6037.23
6.34E+08 0.4359 6012.1
6.49E+08 0.4365 5988.98
6.64E+08 0.4391 5966.44
6.77E+08 0.4266 5947.53
7.02E+08 0.3896 5913.49
7.31E+08 0.3609 5875.73
7.62E+08 0.3327 5838.61
7.99E+08 0.2987 5798.76
8.41E+08 0.3088 5756.82
8.71E+08 0.3637 5722.3
8.94E+08 0.3750 5693.3
9.18E+08 0.3883 5662.68
9.36E+08 0.3667 5640.2
9.73E+08 0.3741 5591.54
1.02E+09 0.3616 5530.35
1.07E+09 0.3536 5474.88
1.09E+09 0.3289 5445.7
1.10E+09 0.3276 5436.45
1.11E+09 0.3023 5424.48
1.12E+09 0.3047 5412.64
1.14E+09 0.2976 5397.62
1.15E+09 0.3159 5386.99
1.16E+09 0.2893 5375.5
1.17E+09 0.2895 5361.09
1.19E+09 0.2863 5349.75
1.20E+09 0.2832 5339.97
1.20E+09 0.2796 5330.73
1.22E+09 0.2738 5319.24
1.23E+09 0.2737 5307.29
1.24E+09 0.2643 5296.49
1.25E+09 0.2720 5285.14
1.27E+09 0.2698 5273.21
1.28E+09 0.2695 5258.18
1.29E+09 0.2647 5247.98
1.31E+09 0.2634 5236.63
1.32E+09 0.2555 5227.59
1.33E+09 0.2540 5217.4
1.34E+09 0.2617 5205.66
1.35E+09 0.2552 5194.48
1.37E+09 0.2458 5185.37
1.38E+09 0.2518 5173.93
1.39E+09 0.2428 5163.63
1.40E+09 0.2410 5153.42
1.42E+09 0.2464 5143.43
1.43E+09 0.2422 5131.48
1.45E+09 0.2366 5118.97
1.46E+09 0.2280 5107.57
1.47E+09 0.2338 5096.89
1.49E+09 0.2318 5084.58
1.50E+09 0.2202 5073.19
1.52E+09 0.2275 5062.64
1.53E+09 0.2136 5054.1
1.54E+09 0.2157 5043.62
1.56E+09 0.2172 5033.33
1.57E+09 0.2074 5023.01
1.59E+09 0.2109 5011.4
1.60E+09 0.1985 5002.1
1.62E+09 0.2111 4991.65
1.63E+09 0.1936 4981.85
1.65E+09 0.2014 4970.85
1.66E+09 0.2018 4962.16
1.67E+09 0.1964 4951.16
1.69E+09 0.2011 4941
1.70E+09 0.1999 4933.33
1.72E+09 0.1847 4922.9
1.73E+09 0.1840 4912.87
1.75E+09 0.1815 4901.75
1.77E+09 0.1808 4892.9
1.78E+09 0.1757 4883.28
1.80E+09 0.1797 4872.85
1.81E+09 0.1699 4863.69
1.83E+09 0.1694 4853.16
1.85E+09 0.1644 4843.54
1.87E+09 0.1697 4832.21
1.89E+09 0.1582 4821.56
1.90E+09 0.1664 4812.1
1.92E+09 0.1655 4804.02
1.93E+09 0.1521 4795.95
1.95E+09 0.1618 4786.17
1.97E+09 0.1529 4775.81
1.99E+09 0.1609 4767.38
2.01E+09 0.1480 4756.73
2.02E+09 0.1547 4748.21
2.04E+09 0.1442 4738.81
2.06E+09 0.1430 4730.8
2.08E+09 0.1425 4721.4
2.09E+09 0.1422 4713.57
2.11E+09 0.1410 4706.37
2.13E+09 0.1352 4696.49
2.15E+09 0.1335 4687.87
2.17E+09 0.1340 4677.82
2.19E+09 0.1254 4668.62
2.21E+09 0.1249 4660.92
2.23E+09 0.1244 4653.5
2.25E+09 0.1230 4644.72
2.27E+09 0.1231 4636.71
2.29E+09 0.1163 4627.88
2.31E+09 0.1187 4618.65
2.33E+09 0.1162 4610.53
2.35E+09 0.1102 4603.05
2.37E+09 0.1162 4595.31
2.39E+09 0.1055 4588.47
2.41E+09 0.1059 4580.7
2.43E+09 0.1099 4574.02
2.45E+09 0.0992 4566.36
2.48E+09 0.1095 4557.45
2.50E+09 0.1023 4550.09
2.52E+09 0.0977 4541.46
2.54E+09 0.0986 4534.15
2.57E+09 0.0974 4525.07
2.59E+09 0.0951 4519.79
2.61E+09 0.0891 4514.05
2.63E+09 0.0933 4507.52
2.65E+09 0.0905 4499.76
2.68E+09 0.0949 4492.05
2.70E+09 0.0835 4484.71
2.73E+09 0.0889 4476.9
2.75E+09 0.0805 4470.31
2.77E+09 0.0785 4463.9
2.80E+09 0.0778 4456.67
2.83E+09 0.0782 4449.79
2.85E+09 0.0764 4443.32
2.88E+09 0.0751 4435.95
2.90E+09 0.0778 4429.84
2.93E+09 0.0713 4423.31
2.96E+09 0.0773 4416.56
2.99E+09 0.0687 4409.27
3.01E+09 0.0670 4403.1
3.04E+09 0.0683 4396.83
3.06E+09 0.0662 4390.77
3.09E+09 0.0689 4383.93
3.13E+09 0.0625 4376.86
3.15E+09 0.0607 4370.71
3.18E+09 0.0605 4364.83
3.21E+09 0.0596 4359.28
3.24E+09 0.0643 4352.41
3.27E+09 0.0554 4346.04
3.31E+09 0.0581 4339.65
3.34E+09 0.0556 4333.87
3.37E+09 0.0554 4327.47
3.40E+09 0.0509 4322.44
3.42E+09 0.0524 4318
3.46E+09 0.0517 4311.67
3.49E+09 0.0519 4306.04
3.52E+09 0.0467 4301.25
3.56E+09 0.0492 4295.34
3.59E+09 0.0468 4289.62
3.63E+09 0.0463 4284.1
3.66E+09 0.0435 4278.64
3.70E+09 0.0436 4273.53
3.73E+09 0.0410 4268.35
3.77E+09 0.0394 4263.71
3.80E+09 0.0406 4259.02
3.84E+09 0.0410 4253.47
3.88E+09 0.0380 4248.16
3.92E+09 0.0378 4243.24
3.96E+09 0.0378 4238.33
3.99E+09 0.0346 4233.72
4.03E+09 0.0357 4228.89
4.08E+09 0.0347 4223.64
4.12E+09 0.0349 4218.93
4.16E+09 0.0314 4214.24
4.21E+09 0.0320 4209.35
4.25E+09 0.0296 4205.06
4.29E+09 0.0314 4200.76
4.33E+09 0.0281 4196.61
4.37E+09 0.0288 4192.39
4.41E+09 0.0278 4188.11
4.46E+09 0.0269 4183.98
4.51E+09 0.0262 4179.61
4.55E+09 0.0246 4175.58
4.60E+09 0.0272 4171.62
4.65E+09 0.0239 4167.7
4.69E+09 0.0261 4163.7
4.74E+09 0.0218 4159.77
4.79E+09 0.0241 4156.16
4.84E+09 0.0221 4152.34
4.88E+09 0.0239 4148.6
4.93E+09 0.0208 4144.98
4.99E+09 0.0221 4141.05
