0.00E+00 -0.7204 5491.45
1.80E+08 0.1978 5376.08
2.31E+08 0.1860 5339.63
2.77E+08 0.1693 5308.91
3.17E+08 0.1683 5282.19
3.54E+08 0.1688 5258.61
3.90E+08 0.1591 5237.1
4.13E+08 0.1563 5223.45
4.40E+08 0.1489 5207.72
4.63E+08 0.1481 5194.85
4.88E+08 0.1448 5181.06
5.09E+08 0.1456 5169.72
5.27E+08 0.1473 5159.97
5.36E+08 0.1594 5154.65
5.38E+08 0.1822 5153.49
5.42E+08 0.2350 5150.83
5.47E+08 0.2439 5146.16
5.55E+08 0.2281 5138.82
5.80E+08 0.2206 5118.24
6.13E+08 0.2256 5090.22
6.39E+08 0.2266 5068.13
6.57E+08 0.2432 5053.3
6.86E+08 0.2003 5029.48
7.28E+08 0.1865 4998.53
7.75E+08 0.1815 4966.49
8.23E+08 0.1864 4933.45
8.66E+08 0.2022 4902.78
8.99E+08 0.2080 4876.15
9.64E+08 0.1680 4833.6
1.02E+09 0.2049 4794.48
1.11E+09 0.1808 4730.79
1.18E+09 0.1707 4681.76
1.22E+09 0.1495 4657.96
1.24E+09 0.1330 4645.22
1.26E+09 0.1279 4634.7
1.28E+09 0.1278 4625.18
1.30E+09 0.1301 4615.71
1.32E+09 0.1239 4605.36
1.34E+09 0.1225 4596.97
1.36E+09 0.1196 4589.18
1.38E+09 0.1161 4581.32
1.39E+09 0.1191 4573.92
1.41E+09 0.1140 4565.69
1.43E+09 0.1062 4559.17
1.45E+09 0.1145 4550.9
1.46E+09 0.1082 4544.3
1.49E+09 0.1098 4535.85
1.50E+09 0.1117 4530.02
1.51E+09 0.1013 4525.27
1.53E+09 0.1026 4519.4
1.55E+09 0.1016 4512.84
1.56E+09 0.0939 4506.49
1.58E+09 0.0977 4500.83
1.59E+09 0.0988 4495.19
1.61E+09 0.0912 4488.7
1.63E+09 0.0930 4483.95
1.64E+09 0.0904 4478.64
1.66E+09 0.0943 4473.43
1.68E+09 0.0964 4465.81
1.70E+09 0.0887 4458.57
1.72E+09 0.0892 4452.11
1.74E+09 0.0870 4444.46
1.76E+09 0.0878 4438.54
1.78E+09 0.0875 4431.63
1.80E+09 0.0813 4424.77
1.82E+09 0.0811 4418.6
1.84E+09 0.0785 4412.86
1.86E+09 0.0725 4407.54
1.88E+09 0.0811 4402.26
1.91E+09 0.0704 4395.54
1.92E+09 0.0789 4390.79
1.94E+09 0.0730 4384.3
1.97E+09 0.0708 4377.62
1.99E+09 0.0696 4373.07
2.01E+09 0.0655 4367.57
2.03E+09 0.0738 4361.67
2.05E+09 0.0661 4356.69
2.07E+09 0.0713 4350.91
2.10E+09 0.0628 4344.47
2.12E+09 0.0640 4339.05
2.15E+09 0.0653 4333.2
2.17E+09 0.0633 4327.33
2.19E+09 0.0557 4322.59
2.21E+09 0.0622 4318.19
2.24E+09 0.0567 4312.58
2.26E+09 0.0608 4308.16
2.28E+09 0.0556 4302.72
2.30E+09 0.0581 4298.58
2.32E+09 0.0503 4294.27
2.35E+09 0.0530 4289.52
2.37E+09 0.0531 4285.82
2.39E+09 0.0528 4280.91
2.42E+09 0.0541 4275.94
2.45E+09 0.0553 4270.18
2.47E+09 0.0514 4265.43
2.50E+09 0.0513 4259.42
2.53E+09 0.0463 4254.3
2.56E+09 0.0479 4249.27
2.59E+09 0.0499 4243.84
2.62E+09 0.0463 4238.61
2.64E+09 0.0441 4233.89
2.67E+09 0.0412 4229.12
2.70E+09 0.0445 4224.4
2.73E+09 0.0407 4219.71
2.77E+09 0.0404 4214.78
2.79E+09 0.0455 4210.57
2.82E+09 0.0388 4205.89
2.85E+09 0.0420 4201.48
2.89E+09 0.0370 4196.7
2.91E+09 0.0376 4192.55
2.95E+09 0.0364 4188.11
2.98E+09 0.0350 4183.93
3.01E+09 0.0368 4179.59
3.04E+09 0.0329 4175.27
3.08E+09 0.0358 4171.04
3.11E+09 0.0319 4166.9
3.14E+09 0.0332 4162.98
3.18E+09 0.0332 4158.62
3.21E+09 0.0310 4154.55
3.25E+09 0.0305 4150.32
3.28E+09 0.0290 4146.32
3.32E+09 0.0307 4142.42
3.35E+09 0.0277 4138.6
3.39E+09 0.0286 4134.71
3.43E+09 0.0274 4130.92
3.47E+09 0.0279 4126.95
3.51E+09 0.0258 4123.06
3.55E+09 0.0252 4119.26
3.58E+09 0.0263 4115.42
3.62E+09 0.0242 4111.85
3.66E+09 0.0238 4108.29
3.70E+09 0.0249 4104.61
3.75E+09 0.0229 4100.9
3.78E+09 0.0225 4097.51
3.83E+09 0.0228 4094.07
3.87E+09 0.0211 4090.55
3.91E+09 0.0218 4086.96
3.96E+09 0.0198 4083.64
4.00E+09 0.0205 4080.43
4.05E+09 0.0196 4076.9
4.09E+09 0.0188 4073.49
4.14E+09 0.0189 4069.95
4.19E+09 0.0186 4066.63
4.24E+09 0.0172 4063.43
4.28E+09 0.0167 4060.46
4.33E+09 0.0163 4057.5
4.38E+09 0.0167 4054.64
4.42E+09 0.0171 4051.56
4.48E+09 0.0164 4048.3
4.52E+09 0.0152 4045.49
4.57E+09 0.0147 4042.68
4.63E+09 0.0155 4039.69
4.68E+09 0.0146 4036.65
4.74E+09 0.0137 4033.61
4.79E+09 0.0127 4031
4.84E+09 0.0135 4028.46
4.90E+09 0.0136 4025.73
4.95E+09 0.0134 4022.92
