0.00E+00 -0.1369 3017.54
7.32E+07 0.0849 3007.83
1.36E+08 0.0783 2989.54
2.15E+08 0.0766 2969.44
2.91E+08 0.0634 2951.27
3.28E+08 0.0600 2943.09
3.67E+08 0.0542 2935.57
4.03E+08 0.0504 2928.94
4.42E+08 0.0479 2922.28
4.80E+08 0.0431 2916.31
5.13E+08 0.0393 2911.64
5.46E+08 0.0380 2907.26
5.76E+08 0.0348 2903.43
6.06E+08 0.0325 2899.93
6.39E+08 0.0290 2896.48
6.68E+08 0.0274 2893.63
6.97E+08 0.0249 2891.05
7.28E+08 0.0233 2888.49
7.59E+08 0.0210 2886.15
7.90E+08 0.0190 2883.98
8.24E+08 0.0170 2881.89
8.65E+08 0.0150 2879.65
9.16E+08 0.0123 2877.27
9.71E+08 0.0099 2875.17
1.03E+09 0.0077 2873.39
1.09E+09 0.0060 2871.93
1.15E+09 0.0044 2870.82
1.22E+09 0.0032 2869.99
1.28E+09 0.0022 2869.35
1.35E+09 0.0017 2868.94
1.41E+09 0.0010 2868.63
1.48E+09 0.0007 2868.45
1.54E+09 0.0004 2868.33
1.60E+09 0.0002 2868.26
1.66E+09 0.0001 2868.23
1.71E+09 0.0001 2868.21
1.77E+09 -0.0000 2868.21
1.82E+09 -0.0001 2868.22
1.86E+09 0.0000 2868.22
1.91E+09 0.0000 2868.22
1.96E+09 0.0001 2868.21
2.01E+09 0.0002 2868.19
2.05E+09 0.0004 2868.16
2.09E+09 0.0005 2868.1
2.13E+09 0.0006 2868.02
2.17E+09 0.0009 2867.91
2.21E+09 0.0011 2867.79
2.24E+09 0.0012 2867.65
2.28E+09 0.0013 2867.47
2.33E+09 0.0015 2867.27
2.36E+09 0.0017 2867.07
2.40E+09 0.0018 2866.86
2.43E+09 0.0021 2866.62
2.47E+09 0.0021 2866.33
2.51E+09 0.0022 2866.05
2.55E+09 0.0023 2865.75
2.59E+09 0.0024 2865.42
2.63E+09 0.0027 2865.06
2.67E+09 0.0029 2864.69
2.71E+09 0.0031 2864.25
2.75E+09 0.0033 2863.82
2.79E+09 0.0037 2863.34
2.83E+09 0.0039 2862.82
2.86E+09 0.0041 2862.3
2.90E+09 0.0046 2861.72
2.94E+09 0.0050 2861.07
2.98E+09 0.0054 2860.38
3.02E+09 0.0056 2859.61
3.06E+09 0.0057 2858.77
3.10E+09 0.0060 2857.94
3.14E+09 0.0063 2857.09
3.18E+09 0.0064 2856.2
3.23E+09 0.0066 2855.21
3.27E+09 0.0068 2854.24
3.31E+09 0.0074 2853.18
3.35E+09 0.0076 2852.1
3.40E+09 0.0076 2850.96
3.43E+09 0.0080 2849.91
3.47E+09 0.0081 2848.81
3.52E+09 0.0085 2847.63
3.55E+09 0.0086 2846.46
3.60E+09 0.0087 2845.14
3.64E+09 0.0089 2843.8
3.68E+09 0.0094 2842.55
3.72E+09 0.0094 2841.24
3.76E+09 0.0096 2839.82
3.81E+09 0.0100 2838.42
3.85E+09 0.0100 2836.92
3.89E+09 0.0099 2835.57
3.93E+09 0.0100 2833.99
3.98E+09 0.0099 2832.52
4.02E+09 0.0106 2830.95
4.06E+09 0.0104 2829.38
4.11E+09 0.0105 2827.8
4.15E+09 0.0105 2826.29
4.19E+09 0.0105 2824.66
4.24E+09 0.0107 2822.95
4.29E+09 0.0107 2821.22
4.33E+09 0.0103 2819.48
4.38E+09 0.0097 2817.81
4.43E+09 0.0095 2816.16
4.48E+09 0.0092 2814.63
4.53E+09 0.0090 2812.85
4.59E+09 0.0084 2811.09
4.64E+09 0.0085 2809.56
4.70E+09 0.0083 2807.91
4.75E+09 0.0085 2806.38
4.80E+09 0.0085 2804.83
4.86E+09 0.0087 2803.28
4.91E+09 0.0087 2801.81
4.96E+09 0.0084 2800.17
