        0.0114975      284.5460173    13288.2429668     3095.0678965     2967.8112823     2963.4012732      718.3481960        0.9250894        1.2434046     1240.6607112        0.0000000        0.0000000        0.0000000        8.0000000
        0.0113959      269.9898788    13134.9624666     3103.5293756     2927.4469670     2884.3254521      721.0372785        0.9570601        1.2474143     1192.7213428        0.0000000        0.0000000        0.0000000        8.0000000
        0.0112662      253.0510145    12951.3499739     3111.7004265     2877.9194364     2789.6557055      724.2241336        0.9975497        1.2523315     1136.6658287        0.0000000        0.0000000        0.0000000        8.0000000
        0.0111085      234.0882592    12738.1192207     3119.5165109     2820.2762333     2679.9521471      728.0268258        1.0480213        1.2582040     1073.4350788        0.0000000        0.0000000        0.0000000        8.0000000
        0.0109051      211.6459705    12473.7011025     3127.2963766     2752.6454975     2544.3918969      733.3535819        1.1169392        1.2657404      997.8001317        0.0000000        0.0000000        0.0000000        8.0000000
        0.0116098      331.8293399    13759.8832915     3018.1809229     3090.7066421     3207.6205142      710.3382153        0.8364311        1.2315796     1394.7634288        0.0000000        0.0000000        0.0000000        8.0000000
        0.0115487      320.8477987    13653.8336482     3025.6191751     3061.3248641     3152.4983063      711.9293908        0.8549985        1.2341734     1359.2361607        0.0000000        0.0000000        0.0000000        8.0000000
        0.0114822      309.7036854    13543.9545542     3032.6074857     3034.3793410     3095.6171341      713.9284149        0.8752799        1.2369000     1322.9700690        0.0000000        0.0000000        0.0000000        8.0000000
        0.0114052      297.6557585    13422.8855012     3039.4313461     3003.1764780     3032.9946504      716.0292248        0.8983569        1.2399515     1283.6355315        0.0000000        0.0000000        0.0000000        8.0000000
        0.0113119      284.1486852    13284.1328797     3046.0491441     2967.0816023     2961.3079177      718.4537817        0.9259633        1.2435110     1239.3624464        0.0000000        0.0000000        0.0000000        8.0000000
        0.0116026      371.2709013    14126.2847458     2938.0640260     3192.0290014     3398.6856758      704.9909648        0.7769094        1.2228919     1521.4378862        0.0000000        0.0000000        0.0000000        8.0000000
        0.0115739      363.9457555    14060.1244823     2944.5982576     3170.9451970     3363.9810817      705.6972955        0.7869174        1.2244300     1498.1046971        0.0000000        0.0000000        0.0000000        8.0000000
        0.0115380      355.9345665    13986.9283856     2950.8189988     3148.5434124     3325.6362028      706.5632065        0.7983082        1.2261472     1472.5255412        0.0000000        0.0000000        0.0000000        8.0000000
        0.0115031      348.3771409    13916.9656690     2956.6877687     3127.4531274     3289.0780978      707.4246991        0.8094687        1.2278039     1448.3054505        0.0000000        0.0000000        0.0000000        8.0000000
        0.0114550      339.3872486    13832.2930803     2962.3574376     3106.8644080     3245.0861441      708.9159557        0.8237582        1.2298294     1419.3035132        0.0000000        0.0000000        0.0000000        8.0000000
        0.0115182      406.2704760    14434.6248323     2854.4038146     3275.8157898     3560.1422750      700.5602032        0.7317112        1.2158936     1632.7908185        0.0000000        0.0000000        0.0000000        8.0000000
        0.0115062      401.2372931    14391.3670951     2860.0043444     3261.6794790     3537.3572413      700.9754640        0.7376162        1.2168589     1616.8987073        0.0000000        0.0000000        0.0000000        8.0000000
        0.0114867      395.3039712    14340.0888557     2865.3660038     3245.3083513     3510.3184721      701.5009297        0.7447438        1.2180100     1598.1727971        0.0000000        0.0000000        0.0000000        8.0000000
        0.0114678      389.6599307    14290.8612104     2870.4959906     3229.3342668     3484.4150394      701.9856171        0.7516685        1.2191223     1580.3089117        0.0000000        0.0000000        0.0000000        8.0000000
        0.0114419      383.2361780    14234.4052718     2875.3806051     3211.3205828     3454.7106121      702.5688890        0.7597602        1.2204064     1559.9599780        0.0000000        0.0000000        0.0000000        8.0000000
        0.0113535      435.2120754    14679.8108993     2766.5952090     3333.3857932     3688.6281906      696.4461895        0.6980220        1.2105205     1724.4388539        0.0000000        0.0000000        0.0000000        8.0000000
        0.0113492      431.5988716    14650.0503621     2771.1608995     3323.1608382     3672.8243696      696.6810446        0.7017499        1.2111640     1713.1571387        0.0000000        0.0000000        0.0000000        8.0000000
        0.0113438      428.0983383    14620.9826822     2775.3547748     3313.8631061     3657.4524007      696.9652856        0.7054707        1.2117947     1702.1797118        0.0000000        0.0000000        0.0000000        8.0000000
        0.0113393      424.7745422    14592.7106531     2779.6198273     3310.1505472     3642.8001975      697.6676399        0.7095035        1.2124104     1691.5553608        0.0000000        0.0000000        0.0000000        8.0000000
        0.0113277      420.5217311    14557.1585590     2783.5523954     3298.0738809     3623.9709684      697.9622302        0.7140871        1.2131877     1678.2269049        0.0000000        0.0000000        0.0000000        8.0000000
        0.0111148      458.7144669    14872.4881610     2673.3313885     3379.5963304     3789.9550286      693.3942142        0.6732979        1.2064118     1798.4185232        0.0000000        0.0000000        0.0000000        8.0000000
        0.0111240      457.7375485    14864.8397695     2676.9227858     3375.4605001     3785.7968996      693.3369883        0.6740999        1.2065731     1795.4422560        0.0000000        0.0000000        0.0000000        8.0000000
        0.0111252      455.6352127    14848.0350753     2680.2511358     3368.9864304     3776.8325750      693.4115271        0.6760415        1.2069279     1788.9201268        0.0000000        0.0000000        0.0000000        8.0000000
        0.0111253      453.5909802    14831.5862037     2683.2428425     3363.3985341     3768.0970657      693.5420508        0.6780008        1.2072759     1782.5510329        0.0000000        0.0000000        0.0000000        8.0000000
        0.0111192      450.5507004    14807.0301022     2686.2121949     3355.3822271     3755.0689676      693.7621944        0.6809645        1.2077967     1773.0671926        0.0000000        0.0000000        0.0000000        8.0000000
        0.0108061      477.2392766    15021.6341641     2573.2850155     3404.0424784     3868.0688753      690.2396770        0.6543777        1.2032975     1856.8384931        0.0000000        0.0000000        0.0000000        8.0000000
        0.0108163      476.8075806    15020.8115196     2575.1583797     3401.2919457     3866.7090783      690.2775626        0.6544973        1.2033145     1856.5142367        0.0000000        0.0000000        0.0000000        8.0000000
        0.0108168      476.0753870    15010.3770403     2578.1968212     3402.1422546     3862.6211172      690.1443053        0.6554965        1.2035306     1852.3798675        0.0000000        0.0000000        0.0000000        8.0000000
        0.0108183      474.4853177    15000.0754979     2579.8951146     3396.1956324     3856.5600498      690.3654786        0.6567848        1.2037442     1848.3170858        0.0000000        0.0000000        0.0000000        8.0000000
        0.0108213      473.6561629    14993.6306447     2581.7095490     3393.6798616     3853.0891299      690.3902359        0.6574962        1.2038779     1845.7733783        0.0000000        0.0000000        0.0000000        8.0000000
        0.0121795      316.3585513    13607.3816270     3201.7734973     3071.4546315     3129.6366974      714.7603509        0.8655983        1.2353212     1343.8917367        0.0000000        0.0000000        0.0000000        8.0000000
        0.0120670      300.0454752    13444.8759791     3210.5501884     3027.8828465     3045.4482462      717.4509510        0.8960719        1.2393935     1290.7776744        0.0000000        0.0000000        0.0000000        8.0000000
        0.0119317      281.9469808    13259.1353889     3219.0234392     2977.9234153     2949.4051149      720.5912981        0.9329971        1.2441595     1231.5190182        0.0000000        0.0000000        0.0000000        8.0000000
        0.0117581      260.6712006    13032.7855081     3227.2697785     2916.0884575     2832.5936188      724.4426148        0.9812061        1.2501350     1161.3807705        0.0000000        0.0000000        0.0000000        8.0000000
        0.0115342      235.5485260    12753.1139212     3235.2496702     2838.6816437     2688.5380214      729.2800305        1.0462411        1.2577851     1077.8482535        0.0000000        0.0000000        0.0000000        8.0000000
        0.0123134      369.5206229    14109.5926670     3121.7510713     3194.8964264     3390.3554985      705.8701207        0.7801000        1.2232787     1515.5538101        0.0000000        0.0000000        0.0000000        8.0000000
        0.0122451      357.1874533    13996.1731534     3129.6086120     3172.0693343     3331.5925101      708.2567407        0.7986492        1.2259294     1475.7968748        0.0000000        0.0000000        0.0000000        8.0000000
        0.0121724      344.6958253    13879.8221618     3137.1070673     3142.6003610     3271.0630451      710.2203745        0.8178642        1.2286896     1435.6054009        0.0000000        0.0000000        0.0000000        8.0000000
        0.0120872      331.1729045    13751.3746083     3144.2357105     3109.1835924     3204.3248247      712.3492823        0.8398517        1.2317863     1391.9470611        0.0000000        0.0000000        0.0000000        8.0000000
        0.0119888      316.1707320    13605.8916059     3150.8999799     3071.1613342     3128.6243278      714.8473866        0.8659369        1.2353581     1343.4010141        0.0000000        0.0000000        0.0000000        8.0000000
        0.0123189      413.9491780    14500.5961633     3038.9308732     3289.4673891     3594.5725572      699.2891330        0.7222620        1.2144316     1657.1718627        0.0000000        0.0000000        0.0000000        8.0000000
        0.0122860      405.7044229    14429.8674476     3045.6658257     3272.0071357     3557.5176914      700.4216415        0.7321863        1.2159995     1631.0326047        0.0000000        0.0000000        0.0000000        8.0000000
        0.0122453      396.7255723    14351.8535958     3052.0970635     3253.5634366     3516.7458704      701.7520322        0.7434478        1.2177453     1602.4706597        0.0000000        0.0000000        0.0000000        8.0000000
        0.0122065      388.2885468    14277.7284217     3058.2120767     3235.5298747     3478.0250790      702.9887451        0.7543626        1.2194201     1575.5904161        0.0000000        0.0000000        0.0000000        8.0000000
        0.0121519      378.1564942    14187.4085014     3063.9107392     3214.8966579     3430.9816955      704.6283150        0.7681166        1.2214825     1543.1819142        0.0000000        0.0000000        0.0000000        8.0000000
        0.0122389      453.5269098    14829.3856673     2952.2576361     3378.5242848     3767.7101106      694.7845982        0.6793295        1.2073225     1781.7458105        0.0000000        0.0000000        0.0000000        8.0000000
        0.0122250      447.8412648    14783.4418793     2958.0666018     3363.0966539     3743.3080956      695.1711637        0.6848798        1.2082985     1764.0279880        0.0000000        0.0000000        0.0000000        8.0000000
        0.0122029      441.1443152    14728.7303674     2963.6962126     3345.9276331     3714.3720918      695.7263933        0.6916664        1.2094681     1743.0606379        0.0000000        0.0000000        0.0000000        8.0000000
        0.0121803      434.7276550    14676.0042541     2968.8247640     3329.3546873     3686.4470923      696.2614596        0.6983057        1.2106027     1722.9857886        0.0000000        0.0000000        0.0000000        8.0000000
        0.0121507      427.4923638    14615.6064775     2973.8638151     3314.0114447     3654.7186157      697.1664935        0.7062959        1.2119116     1700.1589532        0.0000000        0.0000000        0.0000000        8.0000000
        0.0120688      486.1488127    15089.0554855     2861.1298967     3447.8601437     3904.9866337      691.2804397        0.6481393        1.2019081     1883.6858031        0.0000000        0.0000000        0.0000000        8.0000000
        0.0120634      482.0697887    15057.3512422     2865.8637105     3436.6470162     3888.0774020      691.4966767        0.6516521        1.2025601     1871.0623397        0.0000000        0.0000000        0.0000000        8.0000000
        0.0120571      478.1246834    15026.4779697     2870.2692720     3427.1511583     3871.6575344      691.8140450        0.6551920        1.2031973     1858.8192400        0.0000000        0.0000000        0.0000000        8.0000000
        0.0120520      474.4134259    14997.4626395     2874.5974862     3416.2770931     3856.1511057      691.9660267        0.6584220        1.2037984     1847.3478854        0.0000000        0.0000000        0.0000000        8.0000000
        0.0120397      469.6509585    14959.9056798     2878.8623570     3403.5825526     3836.1656086      692.2667030        0.6627294        1.2045796     1832.5621575        0.0000000        0.0000000        0.0000000        8.0000000
        0.0118196      512.7175075    15294.7190320     2764.3858101     3490.6509302     4013.5303284      687.7064927        0.6243009        1.1977391     1966.6299330        0.0000000        0.0000000        0.0000000        8.0000000
        0.0118281      511.5689544    15286.1146707     2767.9130323     3486.8045843     4008.8983992      687.7046502        0.6251492        1.1979115     1963.1137026        0.0000000        0.0000000        0.0000000        8.0000000
        0.0118294      509.2166255    15268.4286052     2771.4225682     3480.2376013     3999.3945474      687.7977032        0.6269777        1.1982664     1955.9012099        0.0000000        0.0000000        0.0000000        8.0000000
        0.0118302      506.3589184    15249.3936376     2774.3114152     3470.8396706     3988.1633701      687.9303014        0.6289818        1.1986491     1948.1564592        0.0000000        0.0000000        0.0000000        8.0000000
        0.0118231      503.5102470    15224.4660393     2777.9418539     3472.1855150     3976.2507618      688.6328249        0.6320550        1.1991517     1938.0618623        0.0000000        0.0000000        0.0000000        8.0000000
        0.0114983      534.7097883    15460.8385727     2660.3346384     3522.2220312     4101.3396062      684.6920331        0.6058764        1.1944458     2035.0698322        0.0000000        0.0000000        0.0000000        8.0000000
        0.0115032      533.6394032    15453.0136661     2662.8156556     3519.0437760     4097.1099975      684.7123622        0.6066299        1.1945994     2031.8115677        0.0000000        0.0000000        0.0000000        8.0000000
        0.0115079      532.6356369    15445.6660445     2665.1795107     3515.8478802     4093.1400899      684.7163914        0.6073268        1.1947439     2028.7540266        0.0000000        0.0000000        0.0000000        8.0000000
        0.0115110      531.6247792    15438.2177808     2667.1778749     3512.8437459     4089.1387555      684.7371038        0.6080479        1.1948904     2025.6579459        0.0000000        0.0000000        0.0000000        8.0000000
        0.0115081      529.4746652    15422.3539925     2669.2563932     3507.1714627     4080.6137062      684.8326744        0.6096292        1.1952030     2019.0747180        0.0000000        0.0000000        0.0000000        8.0000000
        0.0128347      349.0389059    13918.6678656     3299.6997317     3165.9267949     3292.2740725      710.7077851        0.8125241        1.2277634     1448.9889942        0.0000000        0.0000000        0.0000000        8.0000000
        0.0127083      330.0304179    13739.0452560     3308.7806549     3117.4309181     3198.5617284      713.5944166        0.8430899        1.2320864     1387.8245633        0.0000000        0.0000000        0.0000000        8.0000000
        0.0125605      309.9937560    13543.4274963     3317.5262070     3064.1508631     3097.0240818      716.7317066        0.8783832        1.2369132     1322.8711773        0.0000000        0.0000000        0.0000000        8.0000000
        0.0123714      286.4772369    13305.1522533     3326.0964598     2999.3355706     2973.7021596      720.6821499        0.9246132        1.2429674     1246.0780830        0.0000000        0.0000000        0.0000000        8.0000000
        0.0121279      258.7620324    13011.1401427     3334.3203403     2917.5822130     2821.8791037      725.5719484        0.9869133        1.2507164     1154.8096788        0.0000000        0.0000000        0.0000000        8.0000000
        0.0129872      407.2037836    14440.0558695     3217.2257434     3300.7734159     3564.2147661      702.4006759        0.7327247        1.2157728     1634.8558640        0.0000000        0.0000000        0.0000000        8.0000000
        0.0129207      394.7349344    14331.7674528     3224.9347700     3274.2615451     3507.5778838      704.2076056        0.7483769        1.2181976     1595.2311886        0.0000000        0.0000000        0.0000000        8.0000000
        0.0128402      380.8029467    14208.8147395     3232.5898602     3241.9431693     3443.2587430      706.1086539        0.7666173        1.2209916     1550.8882462        0.0000000        0.0000000        0.0000000        8.0000000
        0.0127467      365.7370054    14073.0572973     3239.9998490     3206.5942744     3372.4068420      708.2753188        0.7876121        1.2241283     1502.7330370        0.0000000        0.0000000        0.0000000        8.0000000
        0.0126333      348.8720680    13917.5594949     3247.0458649     3165.1545361     3291.3943132      710.7263136        0.8127083        1.2277898     1448.6071123        0.0000000        0.0000000        0.0000000        8.0000000
        0.0130033      456.6980133    14853.4275911     3131.5712340     3401.1427152     3781.1857117      695.7019965        0.6774231        1.2068139     1791.0985233        0.0000000        0.0000000        0.0000000        8.0000000
        0.0129667      447.5286074    14778.6906491     3138.5489053     3383.6512095     3741.8919650      696.9337613        0.6869677        1.2083998     1762.2646862        0.0000000        0.0000000        0.0000000        8.0000000
        0.0129300      438.8262193    14706.9834902     3144.9184926     3367.1948138     3704.2374290      698.1545411        0.6963495        1.2099351     1734.8448699        0.0000000        0.0000000        0.0000000        8.0000000
        0.0128777      428.1212504    14617.8028059     3151.3030237     3345.6104131     3657.4171537      699.6031018        0.7082227        1.2118638     1701.0732695        0.0000000        0.0000000        0.0000000        8.0000000
        0.0128188      416.8875805    14522.9658877     3157.3739099     3322.2324163     3607.6700676      701.1307554        0.7211721        1.2139386     1665.5627435        0.0000000        0.0000000        0.0000000        8.0000000
        0.0129287      500.8488814    15203.0629984     3041.9967810     3475.5589215     3965.2931610      689.5763701        0.6349899        1.1995844     1929.4316337        0.0000000        0.0000000        0.0000000        8.0000000
        0.0129137      494.5448563    15154.6558325     3048.1760822     3460.0392283     3939.5082757      690.0191450        0.6402914        1.2005671     1909.9223627        0.0000000        0.0000000        0.0000000        8.0000000
        0.0128876      487.0611597    15096.2944428     3053.7808819     3447.0672901     3908.6908293      690.9815916        0.6471331        1.2017596     1886.5647483        0.0000000        0.0000000        0.0000000        8.0000000
        0.0128627      479.9725210    15040.5095054     3059.1755773     3434.9706766     3879.2881043      691.9323769        0.6538006        1.2029074     1864.3883896        0.0000000        0.0000000        0.0000000        8.0000000
        0.0128374      473.2430523    14987.0181336     3064.0637254     3424.5396775     3851.1802424      692.9402356        0.6603717        1.2040153     1843.2639943        0.0000000        0.0000000        0.0000000        8.0000000
        0.0127545      537.2645252    15477.5298038     2947.7943433     3549.7788258     4111.3062027      686.1162984        0.6054331        1.1941184     2042.0941131        0.0000000        0.0000000        0.0000000        8.0000000
        0.0127484      532.7247501    15444.1355136     2952.7464044     3538.2876788     4093.3773660      686.3566346        0.6087730        1.1947740     2028.1889175        0.0000000        0.0000000        0.0000000        8.0000000
        0.0127428      528.4116964    15412.3461126     2957.5530366     3526.0708708     4076.2754087      686.4944194        0.6119069        1.1954004     2014.9970866        0.0000000        0.0000000        0.0000000        8.0000000
        0.0127370      524.2814390    15381.6840683     2962.0837099     3514.9524600     4059.8350423      686.6742717        0.6149918        1.1960069     2002.3204151        0.0000000        0.0000000        0.0000000        8.0000000
        0.0127222      518.9257053    15341.6870346     2966.3611018     3501.2957179     4038.4225488      686.9693838        0.6191021        1.1968014     1985.8537292        0.0000000        0.0000000        0.0000000        8.0000000
        0.0124945      566.8326954    15693.5410599     2847.7260757     3603.8275428     4226.3394961      683.1843092        0.5834558        1.1899395     2133.2540295        0.0000000        0.0000000        0.0000000        8.0000000
        0.0125035      565.5785334    15684.6705174     2851.6265880     3599.1791119     4221.5588874      683.1231443        0.5841954        1.1901090     2129.4586601        0.0000000        0.0000000        0.0000000        8.0000000
        0.0125045      562.9626501    15666.0058983     2855.2482627     3591.9765306     4211.4922212      683.1997145        0.5859145        1.1904663     2121.4944711        0.0000000        0.0000000        0.0000000        8.0000000
        0.0125055      560.4825781    15648.3432981     2858.6974068     3584.8436147     4201.9274935      683.2500628        0.5875318        1.1908052     2113.9721067        0.0000000        0.0000000        0.0000000        8.0000000
        0.0124982      556.7017327    15621.1252052     2862.0099337     3574.9821471     4187.3058256      683.4053933        0.5900984        1.1913287     2102.4127425        0.0000000        0.0000000        0.0000000        8.0000000
        0.0121550      591.1810426    15868.0858761     2740.0938200     3630.7530700     4318.9750505      679.7264934        0.5657508        1.1866387     2208.4788616        0.0000000        0.0000000        0.0000000        8.0000000
        0.0121601      590.0092917    15859.9649503     2742.6572204     3627.0752198     4314.5649053      679.7215483        0.5664332        1.1867908     2204.9389052        0.0000000        0.0000000        0.0000000        8.0000000
        0.0121660      588.9611945    15852.8187364     2745.2200240     3623.2085102     4310.6167286      679.6747265        0.5670031        1.1869248     2201.8244006        0.0000000        0.0000000        0.0000000        8.0000000
        0.0121708      587.9435836    15845.7493911     2747.5345868     3619.4682795     4306.7803909      679.6339536        0.5675720        1.1870574     2198.7460745        0.0000000        0.0000000        0.0000000        8.0000000
        0.0121743      586.2521280    15836.7737935     2749.1762484     3612.2225325     4300.8801194      679.6290370        0.5683308        1.1872260     2194.8433777        0.0000000        0.0000000        0.0000000        8.0000000
        0.0134685      381.0513733    14209.7699094     3390.5266690     3253.1255639     3444.3488798      707.0173700        0.7673587        1.2209697     1551.2590854        0.0000000        0.0000000        0.0000000        8.0000000
        0.0133353      361.1238770    14029.8261535     3400.0496161     3204.5559894     3350.3645416      709.7743183        0.7952789        1.2251388     1487.5990895        0.0000000        0.0000000        0.0000000        8.0000000
        0.0131653      337.9890729    13814.1941178     3409.1174147     3145.7227589     3238.0406513      713.1135114        0.8308400        1.2302653     1413.2567267        0.0000000        0.0000000        0.0000000        8.0000000
        0.0129694      313.1394683    13573.7463624     3417.8717790     3079.6377871     3113.1554527      716.9124818        0.8734818        1.2361568     1332.8431250        0.0000000        0.0000000        0.0000000        8.0000000
        0.0127058      282.6675164    13265.0625490     3426.3356320     2993.4402815     2953.2592496      721.8500716        0.9333192        1.2440056     1233.4191947        0.0000000        0.0000000        0.0000000        8.0000000
        0.0136335      444.8658918    14755.0350291     3305.2334123     3396.1937537     3730.3387853      698.7382586        0.6912742        1.2089048     1753.2436300        0.0000000        0.0000000        0.0000000        8.0000000
        0.0135631      431.2019564    14641.9478881     3313.5763629     3367.2112217     3670.8786113      700.4593304        0.7060955        1.2113395     1710.2243582        0.0000000        0.0000000        0.0000000        8.0000000
        0.0134757      415.8708042    14512.8605554     3321.5062711     3333.5362567     3603.0650915      702.4099114        0.7235922        1.2141611     1661.8414302        0.0000000        0.0000000        0.0000000        8.0000000
        0.0133737      399.2950291    14370.3998384     3329.0440216     3295.3161805     3528.3680069      704.5165107        0.7436270        1.2173287     1609.3369223        0.0000000        0.0000000        0.0000000        8.0000000
        0.0132510      380.7595139    14207.3647900     3336.3507704     3251.9782730     3443.0357771      707.0116602        0.7676813        1.2210248     1550.3971172        0.0000000        0.0000000        0.0000000        8.0000000
        0.0136720      501.0705687    15201.9714714     3217.1292305     3505.2179071     3966.1263990      691.7879144        0.6369177        1.1996065     1929.0802664        0.0000000        0.0000000        0.0000000        8.0000000
        0.0136314      490.9180474    15123.2718961     3224.2710475     3486.6696467     3924.5311557      693.0277298        0.6460281        1.2012074     1897.4415680        0.0000000        0.0000000        0.0000000        8.0000000
        0.0135829      479.8924135    15036.8417250     3231.2518642     3465.7327028     3878.8834925      694.3635051        0.6562375        1.2029831     1863.0280503        0.0000000        0.0000000        0.0000000        8.0000000
        0.0135257      468.0892563    14943.2500393     3237.8040986     3442.3032969     3829.4496980      695.7713400        0.6675344        1.2049272     1826.1551892        0.0000000        0.0000000        0.0000000        8.0000000
        0.0134601      455.6706455    14843.2623823     3243.8036166     3418.4302972     3776.7815306      697.3853451        0.6800242        1.2070288     1787.2177874        0.0000000        0.0000000        0.0000000        8.0000000
        0.0135916      548.2613807    15557.2605864     3125.1609689     3583.4837905     4154.3634438      685.9813706        0.5979170        1.1925636     2075.5266979        0.0000000        0.0000000        0.0000000        8.0000000
        0.0135727      541.2543057    15505.5232448     3131.2370284     3573.0158604     4126.9321043      686.8729924        0.6034086        1.1935709     2053.8331873        0.0000000        0.0000000        0.0000000        8.0000000
        0.0135450      533.0424830    15444.5027125     3137.1802138     3559.4029467     4094.5641702      687.8441283        0.6099177        1.1947667     2028.4060492        0.0000000        0.0000000        0.0000000        8.0000000
        0.0135173      525.2224975    15385.9234816     3142.6876057     3546.7346960     4063.5156916      688.8134592        0.6162946        1.1959229     2004.1629247        0.0000000        0.0000000        0.0000000        8.0000000
        0.0134907      517.8550920    15330.3464913     3147.8908139     3534.2921488     4034.0588498      689.7107089        0.6224184        1.1970273     1981.3106666        0.0000000        0.0000000        0.0000000        8.0000000
        0.0134166      588.6387550    15848.3760577     3028.2600043     3644.9171944     4309.2788724      681.2680360        0.5685728        1.1870081     2199.9671345        0.0000000        0.0000000        0.0000000        8.0000000
        0.0134094      583.6205295    15813.2469766     3033.3585434     3632.4992623     4290.3187381      681.4873945        0.5717365        1.1876686     2184.7209978        0.0000000        0.0000000        0.0000000        8.0000000
        0.0134032      578.8662684    15779.8295665     3038.3710286     3620.1058376     4272.2830971      681.6565385        0.5747420        1.1882994     2170.2705268        0.0000000        0.0000000        0.0000000        8.0000000
        0.0133963      574.3023481    15747.6386503     3043.0311255     3608.0735559     4254.9022220      681.8126627        0.5776561        1.1889093     2156.4004818        0.0000000        0.0000000        0.0000000        8.0000000
        0.0133771      568.2944654    15704.2459094     3047.0450491     3601.7342186     4231.9199427      682.6997710        0.5821389        1.1897351     2137.8134473        0.0000000        0.0000000        0.0000000        8.0000000
        0.0131542      622.8974473    16085.9652044     2925.1911754     3706.5740822     4436.7314947      678.3236585        0.5468284        1.1826104     2304.5576093        0.0000000        0.0000000        0.0000000        8.0000000
        0.0131550      619.8763294    16065.5335675     2929.0908630     3698.6148277     4425.6361893      678.3996361        0.5485196        1.1829839     2295.4483911        0.0000000        0.0000000        0.0000000        8.0000000
        0.0131557      616.9950956    16045.9843133     2932.8159731     3690.6991817     4415.0304480      678.4523527        0.5501311        1.1833421     2286.7503418        0.0000000        0.0000000        0.0000000        8.0000000
        0.0131577      614.3273479    16027.8716383     2936.5572049     3683.5936126     4405.1892589      678.5159419        0.5516419        1.1836747     2278.7085851        0.0000000        0.0000000        0.0000000        8.0000000
        0.0131487      610.1018686    15999.0257898     2939.8380228     3673.0171230     4389.5586260      678.6654977        0.5540972        1.1842058     2265.9363547        0.0000000        0.0000000        0.0000000        8.0000000
        0.0127876      647.8493412    16255.1965629     2814.0624549     3742.2351696     4527.4482375      675.7493701        0.5317618        1.1795495     2380.6777041        0.0000000        0.0000000        0.0000000        8.0000000
        0.0127939      646.6319805    16247.2188045     2816.8268973     3737.9998307     4523.0654065      675.7059287        0.5323414        1.1796925     2377.0498687        0.0000000        0.0000000        0.0000000        8.0000000
        0.0127992      645.4404439    16239.4050890     2819.3404048     3733.9009165     4518.7719213      675.6663661        0.5329122        1.1798327     2373.4997710        0.0000000        0.0000000        0.0000000        8.0000000
        0.0128046      644.3518846    16232.2137978     2821.7856190     3730.7227034     4514.8463815      675.6678630        0.5334654        1.1799618     2370.2370585        0.0000000        0.0000000        0.0000000        8.0000000
        0.0128105      643.3989912    16226.0785414     2824.1589145     3726.3981032     4511.4076593      675.5656691        0.5338645        1.1800720     2367.4500377        0.0000000        0.0000000        0.0000000        8.0000000
        0.0140724      412.8067090    14485.6481495     3475.0955894     3336.2776171     3589.2997837      703.6244897        0.7281004        1.2147618     1651.7672724        0.0000000        0.0000000        0.0000000        8.0000000
        0.0139281      391.0674204    14297.4775316     3484.7187800     3285.2139222     3490.6659901      706.4000526        0.7549690        1.2189724     1582.8482002        0.0000000        0.0000000        0.0000000        8.0000000
        0.0137563      367.0329608    14082.9475395     3494.1657115     3226.3550289     3378.4715689      709.5959083        0.7875015        1.2238979     1506.2576811        0.0000000        0.0000000        0.0000000        8.0000000
        0.0135362      338.8634287    13821.7821463     3503.2274845     3154.1912088     3242.3377401      713.5675205        0.8301331        1.2300824     1415.8531159        0.0000000        0.0000000        0.0000000        8.0000000
        0.0132622      306.6200228    13508.5059227     3511.9186247     3066.8416422     3079.5949856      718.4483993        0.8861681        1.2377883     1311.4868114        0.0000000        0.0000000        0.0000000        8.0000000
        0.0142701      484.1516008    15068.7949865     3387.5334579     3489.7458482     3896.5056807      695.0845101        0.6534526        1.2023245     1875.7575524        0.0000000        0.0000000        0.0000000        8.0000000
        0.0141826      467.6566784    14938.3556250     3396.1739127     3455.3241460     3827.5549833      696.9301376        0.6690602        1.2050294     1824.2792275        0.0000000        0.0000000        0.0000000        8.0000000
        0.0140881      450.9118955    14803.3803065     3404.2908659     3419.8670547     3756.3432064      698.8862269        0.6858510        1.2078743     1771.8479120        0.0000000        0.0000000        0.0000000        8.0000000
        0.0139783      432.8229213    14654.5150276     3412.0773435     3380.3347411     3677.9586803      701.0514518        0.7051242        1.2110673     1715.0032999        0.0000000        0.0000000        0.0000000        8.0000000
        0.0138558      413.8654815    14494.9453045     3419.3934002     3337.0698568     3594.0869400      703.3487956        0.7266837        1.2145563     1655.2100321        0.0000000        0.0000000        0.0000000        8.0000000
        0.0143085      544.1168432    15524.3735900     3296.9801045     3601.8250324     4138.0868024      688.3041115        0.6027747        1.1932032     2061.7995482        0.0000000        0.0000000        0.0000000        8.0000000
        0.0142651      533.0426722    15442.3940406     3304.4265133     3581.6177388     4094.4924237      689.4899165        0.6114224        1.1948082     2027.5998038        0.0000000        0.0000000        0.0000000        8.0000000
        0.0142115      520.9456333    15351.8008197     3311.4332451     3559.1950244     4046.3667102      690.8093464        0.6212044        1.1966001     1990.1757936        0.0000000        0.0000000        0.0000000        8.0000000
        0.0141494      508.0381715    15253.8919614     3318.1226465     3534.5619493     3994.4155846      692.2248741        0.6320343        1.1985586     1950.1637044        0.0000000        0.0000000        0.0000000        8.0000000
        0.0140806      494.5367123    15150.0484493     3324.6231915     3507.7835136     3939.3842319      693.6988200        0.6438110        1.2006610     1908.2173289        0.0000000        0.0000000        0.0000000        8.0000000
        0.0142312      595.8124690    15896.3549105     3202.4335318     3684.3587339     4336.1752354      682.4728027        0.5654148        1.1861104     2220.9576316        0.0000000        0.0000000        0.0000000        8.0000000
        0.0142112      588.1843664    15842.6253251     3208.7764572     3672.6807868     4307.4931620      683.3118723        0.5705927        1.1871161     2197.5626053        0.0000000        0.0000000        0.0000000        8.0000000
        0.0141812      579.2148024    15778.9941306     3214.9154188     3657.5424210     4273.5353174      684.2253166        0.5767556        1.1883152     2170.0300192        0.0000000        0.0000000        0.0000000        8.0000000
        0.0141498      570.6000259    15717.2193488     3220.3933414     3645.6489948     4240.6804015      685.3119551        0.5829870        1.1894878     2143.4939182        0.0000000        0.0000000        0.0000000        8.0000000
        0.0141216      562.5811176    15659.4194952     3225.8388190     3631.8890278     4209.8815031      686.1567581        0.5887751        1.1905926     2118.8212831        0.0000000        0.0000000        0.0000000        8.0000000
        0.0140552      640.1193782    16202.5116233     3103.0548627     3736.1545545     4499.4185293      676.8669910        0.5366110        1.1804962     2356.8494370        0.0000000        0.0000000        0.0000000        8.0000000
        0.0140477      634.6638462    16166.0476116     3108.4057084     3723.3887625     4479.6274254      677.0935860        0.5396123        1.1811546     2340.4070907        0.0000000        0.0000000        0.0000000        8.0000000
        0.0140386      629.3846835    16129.9952260     3113.3389218     3717.6431723     4460.3980675      677.7639969        0.5429273        1.1818084     2324.2359521        0.0000000        0.0000000        0.0000000        8.0000000
        0.0140293      624.3601818    16095.5621449     3117.9325795     3711.7306304     4442.0239838      678.3803542        0.5461037        1.1824352     2308.8478862        0.0000000        0.0000000        0.0000000        8.0000000
        0.0140107      617.9066474    16051.2712833     3122.3839318     3702.5535801     4418.3180717      679.0751723        0.5501582        1.1832451     2289.1327280        0.0000000        0.0000000        0.0000000        8.0000000
        0.0137843      677.6905158    16451.2995656     2997.2197887     3800.7445924     4633.6094315      673.9160926        0.5158536        1.1760747     2470.6658159        0.0000000        0.0000000        0.0000000        8.0000000
        0.0137860      674.4600347    16430.3883818     3001.4187482     3792.8563599     4622.2206352      674.0070593        0.5174424        1.1764416     2460.9760454        0.0000000        0.0000000        0.0000000        8.0000000
        0.0137865      671.3100691    16410.0749296     3005.2413482     3784.2498920     4611.0905818      674.0360767        0.5189521        1.1767989     2451.5802806        0.0000000        0.0000000        0.0000000        8.0000000
        0.0137870      668.3252832    16390.7765099     3008.8776350     3775.6953689     4600.5210392      674.0394769        0.5203763        1.1771390     2442.6712027        0.0000000        0.0000000        0.0000000        8.0000000
        0.0137782      663.7647098    16361.0023836     3012.4489541     3765.0884339     4584.3263359      674.2070087        0.5226997        1.1776653     2428.9701370        0.0000000        0.0000000        0.0000000        8.0000000
        0.0134073      706.4669297    16636.7894696     2883.1926145     3841.9464273     4734.2386195      671.4800705        0.5010018        1.1728568     2557.4523455        0.0000000        0.0000000        0.0000000        8.0000000
        0.0134080      704.4460398    16621.4670941     2886.3435841     3840.1703306     4726.4275137      671.4139280        0.5020239        1.1731201     2550.2051749        0.0000000        0.0000000        0.0000000        8.0000000
        0.0134128      702.2794794    16610.8509933     2888.4411602     3831.0969158     4719.5092893      671.3912254        0.5027497        1.1733028     2545.1919981        0.0000000        0.0000000        0.0000000        8.0000000
        0.0134185      701.1086310    16603.5273998     2890.9494261     3827.4857918     4715.4563009      671.3700787        0.5032478        1.1734290     2541.7365080        0.0000000        0.0000000        0.0000000        8.0000000
        0.0134247      700.0873516    16597.2245374     2893.3823806     3822.6278439     4711.9186452      671.2446174        0.5036045        1.1735377     2538.7586356        0.0000000        0.0000000        0.0000000        8.0000000
        0.0146678      445.9863251    14762.1652329     3554.2809136     3418.3116525     3735.0844988      700.2144530        0.6917462        1.2087524     1756.0331296        0.0000000        0.0000000        0.0000000        8.0000000
        0.0145136      422.3567411    14565.9671369     3564.2786485     3364.5986187     3631.8115764      702.9844395        0.7175622        1.2129948     1681.7002418        0.0000000        0.0000000        0.0000000        8.0000000
        0.0143190      394.9471864    14330.1174469     3574.3590626     3307.3365355     3508.4426069      707.0156122        0.7512330        1.2182348     1594.7214456        0.0000000        0.0000000        0.0000000        8.0000000
        0.0140945      365.6084581    14068.7171322     3583.6961877     3234.6771321     3371.6979669      710.8668368        0.7907729        1.2242295     1501.2834221        0.0000000        0.0000000        0.0000000        8.0000000
        0.0137929      329.7090259    13733.2835493     3592.6694951     3140.7881796     3196.9181240      715.9494485        0.8464497        1.2322267     1385.9490134        0.0000000        0.0000000        0.0000000        8.0000000
        0.0148752      522.0000033    15358.2677923     3464.6233039     3575.9377736     4050.5102490      691.8035076        0.6213712        1.1964716     1992.8800267        0.0000000        0.0000000        0.0000000        8.0000000
        0.0147921      505.6962624    15234.6309864     3473.2220955     3543.0412198     3984.8487037      693.4799710        0.6349958        1.1989466     1942.3850782        0.0000000        0.0000000        0.0000000        8.0000000
        0.0146902      487.4536923    15093.6864886     3481.5075416     3505.8939668     3910.1498365      695.4500223        0.6511354        1.2018131     1885.6995648        0.0000000        0.0000000        0.0000000        8.0000000
        0.0145745      467.8196194    14938.9686253     3489.8538065     3462.7561908     3828.2221707      697.4750768        0.6694583        1.2050166     1824.5401721        0.0000000        0.0000000        0.0000000        8.0000000
        0.0144327      445.8126221    14761.0495415     3497.5702470     3415.7747875     3734.3854252      700.0557519        0.6917359        1.2087762     1755.5991060        0.0000000        0.0000000        0.0000000        8.0000000
        0.0149242      587.1996353    15833.5649878     3371.6965024     3693.8707954     4303.7033893      685.0176668        0.5726450        1.1872863     2193.7046080        0.0000000        0.0000000        0.0000000        8.0000000
        0.0148763      575.1262607    15747.8422481     3379.1604532     3672.3512481     4257.8978452      686.1925594        0.5809621        1.1889055     2156.6910928        0.0000000        0.0000000        0.0000000        8.0000000
        0.0148211      562.0890588    15654.2773632     3386.7575285     3647.9477731     4207.9088108      687.4268995        0.5902126        1.1906912     2116.6877663        0.0000000        0.0000000        0.0000000        8.0000000
        0.0147566      548.1503617    15552.8695346     3393.5581459     3622.4401124     4153.8000837      688.8770842        0.6005799        1.1926489     2073.8049355        0.0000000        0.0000000        0.0000000        8.0000000
        0.0146913      535.0407688    15456.1649158     3400.1281986     3597.1542280     4102.3715346      690.1514976        0.6106375        1.1945375     2033.3594041        0.0000000        0.0000000        0.0000000        8.0000000
        0.0148519      643.5344249    16222.0475004     3274.9949201     3781.4013810     4511.6916060      679.2117756        0.5367665        1.1801445     2365.8123677        0.0000000        0.0000000        0.0000000        8.0000000
        0.0148315      635.3162563    16166.7546087     3281.6817069     3767.4793500     4481.9244359      679.9239709        0.5415836        1.1811419     2340.8701136        0.0000000        0.0000000        0.0000000        8.0000000
        0.0148076      627.3150524    16112.2454027     3287.4863981     3756.2482480     4452.7639817      680.7933954        0.5465173        1.1821312     2316.4332120        0.0000000        0.0000000        0.0000000        8.0000000
        0.0147747      617.9749809    16048.1899095     3293.2661470     3742.8672306     4418.4946725      681.8122428        0.5523983        1.1833016     2287.8980333        0.0000000        0.0000000        0.0000000        8.0000000
        0.0147340      607.4694477    15975.8681557     3299.0700335     3723.3140712     4379.6474397      682.6797035        0.5589437        1.1846334     2255.9021808        0.0000000        0.0000000        0.0000000        8.0000000
        0.0146736      691.7275548    16540.8641756     3173.3143614     3839.4605458     4682.7193759      673.8285244        0.5093425        1.1745127     2512.4243468        0.0000000        0.0000000        0.0000000        8.0000000
        0.0146657      685.8567038    16502.7788738     3178.9405400     3831.6897503     4662.2079091      674.4058235        0.5124642        1.1751750     2494.6497236        0.0000000        0.0000000        0.0000000        8.0000000
        0.0146552      680.1004110    16465.2519044     3183.8931547     3824.3886792     4642.0144711      674.9999839        0.5155854        1.1758303     2477.2054280        0.0000000        0.0000000        0.0000000        8.0000000
        0.0146460      674.7045612    16429.7877734     3188.7753277     3818.7045140     4623.0104349      675.6406348        0.5186155        1.1764522     2460.7866250        0.0000000        0.0000000        0.0000000        8.0000000
        0.0146245      667.6241186    16383.1823160     3193.1470840     3809.6770921     4597.9608831      676.3901775        0.5225728        1.1772731     2439.2966681        0.0000000        0.0000000        0.0000000        8.0000000
        0.0143950      732.6928388    16801.9288539     3064.6980629     3891.4355126     4823.6155636      669.8787826        0.4886871        1.1700466     2636.1507641        0.0000000        0.0000000        0.0000000        8.0000000
        0.0143966      729.1866014    16780.2200023     3068.9981089     3882.9143371     4811.7135923      669.9499647        0.4901871        1.1704131     2625.7214859        0.0000000        0.0000000        0.0000000        8.0000000
        0.0143968      725.7671920    16759.1146458     3072.9104210     3873.6057440     4800.0799933      669.9573684        0.4916117        1.1707703     2615.6005274        0.0000000        0.0000000        0.0000000        8.0000000
        0.0143983      722.6061399    16739.4891818     3076.8373395     3865.2281550     4789.3019280      669.9804835        0.4929534        1.1711032     2606.2096812        0.0000000        0.0000000        0.0000000        8.0000000
        0.0143877      717.5822414    16708.0846225     3080.3593722     3854.0355570     4772.1244601      670.1502625        0.4952015        1.1716373     2591.2292561        0.0000000        0.0000000        0.0000000        8.0000000
        0.0140064      764.2262876    16997.0786555     2947.7295122     3934.9190132     4929.5039146      667.2926952        0.4742806        1.1667900     2730.8168232        0.0000000        0.0000000        0.0000000        8.0000000
        0.0140136      762.8243920    16988.7010646     2950.7036675     3930.7268663     4924.8452303      667.2664969        0.4747977        1.1669284     2726.7064171        0.0000000        0.0000000        0.0000000        8.0000000
        0.0140196      761.4496540    16980.3960918     2953.4106229     3926.7119857     4920.2730437      667.2486293        0.4753165        1.1670657     2722.6355366        0.0000000        0.0000000        0.0000000        8.0000000
        0.0140155      758.2159859    16960.8007609     2955.9586057     3919.5424978     4909.5009963      667.3409487        0.4766311        1.1673902     2713.0520611        0.0000000        0.0000000        0.0000000        8.0000000
        0.0140210      757.0582699    16953.9710301     2958.3123256     3914.3605174     4905.6400931      667.2157417        0.4769890        1.1675035     2709.7066205        0.0000000        0.0000000        0.0000000        8.0000000
        0.0152349      477.7567430    15015.9228134     3629.3076381     3502.1817205     3869.8212777      697.8177820        0.6613871        1.2034157     1854.8716555        0.0000000        0.0000000        0.0000000        8.0000000
        0.0150720      452.3376687    14812.6588059     3639.7575973     3445.1690804     3762.3682614      700.5234358        0.6862187        1.2076772     1775.4895547        0.0000000        0.0000000        0.0000000        8.0000000
        0.0148754      424.1940937    14580.1603651     3649.5777911     3381.3641693     3639.9238699      703.8139490        0.7165757        1.2126844     1687.0530766        0.0000000        0.0000000        0.0000000        8.0000000
        0.0146260      391.3129009    14297.9469172     3659.2217786     3302.4406095     3491.7645399      707.8203798        0.7562483        1.2189617     1583.0636168        0.0000000        0.0000000        0.0000000        8.0000000
        0.0143155      353.7668302    13959.7117520     3668.2973991     3207.7647252     3314.9982285      712.8097486        0.8085341        1.2267899     1463.2512330        0.0000000        0.0000000        0.0000000        8.0000000
        0.0154643      559.9334995    15637.3824114     3537.5427702     3656.8505090     4199.5157776      688.5737676        0.5926182        1.1910158     2109.5499048        0.0000000        0.0000000        0.0000000        8.0000000
        0.0153752      542.3304048    15508.8939735     3546.3046803     3622.6817724     4130.9894791      690.2659829        0.6057571        1.1935051     2055.3929116        0.0000000        0.0000000        0.0000000        8.0000000
        0.0152673      522.6730503    15362.7598820     3554.9162078     3583.3301789     4053.1788417      692.1886119        0.6212419        1.1963823     1994.7468245        0.0000000        0.0000000        0.0000000        8.0000000
        0.0151417      501.4306416    15201.3288918     3563.1129536     3540.5874063     3967.4815731      694.4068254        0.6391329        1.1996195     1928.9259771        0.0000000        0.0000000        0.0000000        8.0000000
        0.0149915      477.7343869    15016.9547908     3571.0718357     3490.1680938     3869.7804400      696.8768143        0.6604825        1.2033944     1855.2441396        0.0000000        0.0000000        0.0000000        8.0000000
        0.0155240      630.4406885    16131.8074997     3442.3677194     3780.1325903     4464.1005265      681.7710835        0.5456662        1.1817754     2325.2514604        0.0000000        0.0000000        0.0000000        8.0000000
        0.0154727      617.3966157    16042.7032007     3450.0382699     3758.8399804     4416.2871946      683.0255132        0.5537257        1.1834023     2285.5182945        0.0000000        0.0000000        0.0000000        8.0000000
        0.0154162      604.7518451    15954.8486538     3457.4766981     3736.2229641     4369.6837469      684.1736940        0.5617829        1.1850225     2246.7096477        0.0000000        0.0000000        0.0000000        8.0000000
        0.0153523      589.9363370    15851.8192892     3464.4130985     3710.5131978     4314.0033733      685.5818974        0.5715055        1.1869435     2201.6698800        0.0000000        0.0000000        0.0000000        8.0000000
        0.0152730      574.0357851    15739.1920923     3471.1762218     3680.1992994     4253.7198129      686.9970476        0.5823322        1.1890697     2153.0068911        0.0000000        0.0000000        0.0000000        8.0000000
        0.0154552      691.4008994    16535.9446410     3343.3551452     3872.5511436     4681.5041883      676.0088756        0.5111787        1.1745981     2510.2408267        0.0000000        0.0000000        0.0000000        8.0000000
        0.0154311      682.4246991    16477.6894584     3349.9231793     3859.5699288     4650.1017702      676.8410621        0.5159468        1.1756128     2483.0905916        0.0000000        0.0000000        0.0000000        8.0000000
        0.0154072      673.8725209    16421.8211535     3356.1236212     3847.1498966     4619.9963924      677.6473511        0.5205879        1.1765922     2457.2068558        0.0000000        0.0000000        0.0000000        8.0000000
        0.0153724      663.8147266    16355.6615445     3362.0925891     3830.8138324     4584.3527412      678.5074710        0.5260988        1.1777598     2426.7444754        0.0000000        0.0000000        0.0000000        8.0000000
        0.0153263      652.3409079    16279.5105850     3367.6839295     3813.0795252     4543.3695696      679.5747274        0.5326059        1.1791146     2391.9463865        0.0000000        0.0000000        0.0000000        8.0000000
        0.0152741      743.5435005    16867.2324511     3239.2732094     3934.4334272     4860.1980025      670.6927249        0.4848903        1.1689491     2667.7234831        0.0000000        0.0000000        0.0000000        8.0000000
        0.0152760      739.2954365    16840.6734691     3244.7913220     3930.7740153     4845.8775276      671.1866525        0.4869681        1.1693945     2654.9064720        0.0000000        0.0000000        0.0000000        8.0000000
        0.0152640      733.0369212    16801.4689305     3249.8021516     3923.5213200     4824.7064713      671.8090317        0.4899884        1.1700543     2636.0430152        0.0000000        0.0000000        0.0000000        8.0000000
        0.0152415      725.0458590    16751.1887345     3254.7499666     3913.6295508     4797.5463797      672.5771353        0.4938826        1.1709046     2611.9576705        0.0000000        0.0000000        0.0000000        8.0000000
        0.0152318      719.5646863    16716.5310919     3259.4255229     3907.3392698     4778.8339914      673.1417996        0.4966169        1.1714935     2595.4291638        0.0000000        0.0000000        0.0000000        8.0000000
        0.0149890      787.8806144    17138.6723812     3128.4599229     3988.8482278     5007.4271154      666.7421191        0.4650587        1.1644695     2800.7473087        0.0000000        0.0000000        0.0000000        8.0000000
        0.0149900      784.0749055    17116.1424720     3132.7828498     3978.7177009     4994.9555184      666.7411201        0.4664505        1.1648364     2789.5489215        0.0000000        0.0000000        0.0000000        8.0000000
        0.0149912      780.4685753    17094.6367282     3136.9896738     3969.7691975     4983.1104472      666.7811630        0.4678116        1.1651874     2778.8854161        0.0000000        0.0000000        0.0000000        8.0000000
        0.0149916      776.9886598    17073.9274840     3140.8631519     3961.1219671     4971.6557896      666.8175869        0.4691271        1.1655262     2768.6381536        0.0000000        0.0000000        0.0000000        8.0000000
        0.0149916      773.7252744    17053.9990378     3144.5353942     3958.6686939     4960.8917513      667.1924422        0.4706154        1.1658529     2758.8182734        0.0000000        0.0000000        0.0000000        8.0000000
        0.0145845      821.8660846    17341.3550564     3008.4624675     4024.8546316     5117.5981183      663.6302326        0.4509241        1.1612082     2902.4066957        0.0000000        0.0000000        0.0000000        8.0000000
        0.0145920      820.3735663    17332.7804731     3011.5019588     4020.2338930     5112.8101283      663.5862542        0.4514011        1.1613448     2898.0536792        0.0000000        0.0000000        0.0000000        8.0000000
        0.0145994      818.9847283    17324.8361903     3014.4018833     4015.5681588     5108.3511869      663.5237521        0.4518303        1.1614714     2894.0224470        0.0000000        0.0000000        0.0000000        8.0000000
        0.0146051      817.6130564    17317.0021132     3016.9515705     4009.8891155     5103.9440891      663.4013582        0.4522168        1.1615964     2890.0461797        0.0000000        0.0000000        0.0000000        8.0000000
        0.0146007      814.2707328    17297.5715835     3019.4143264     4002.1137500     5093.1884294      663.4518614        0.4533973        1.1619068     2880.2204638        0.0000000        0.0000000        0.0000000        8.0000000
        0.0157997      511.2699506    15274.8387145     3700.0570112     3577.6414418     4007.3195613      694.6712080        0.6319249        1.1981377     1958.7983300        0.0000000        0.0000000        0.0000000        8.0000000
        0.0156253      483.8605548    15063.3873838     3710.5659268     3519.8542141     3895.1897547      697.5219986        0.6560664        1.2024357     1873.6991112        0.0000000        0.0000000        0.0000000        8.0000000
        0.0154090      453.3475497    14820.0234044     3720.7123915     3452.0550944     3766.7954103      700.7388230        0.6855668        1.2075209     1778.3434708        0.0000000        0.0000000        0.0000000        8.0000000
        0.0151520      418.2301791    14529.4123351     3730.4211738     3371.6390945     3613.4638881      704.8846591        0.7237924        1.2137968     1668.0945438        0.0000000        0.0000000        0.0000000        8.0000000
        0.0148171      376.8950670    14169.9329021     3740.2035864     3268.7472347     3424.8814082      709.8912511        0.7755948        1.2218844     1537.1080360        0.0000000        0.0000000        0.0000000        8.0000000
        0.0160472      599.7075806    15918.2777345     3606.1159573     3749.2112344     4350.5832244      686.1467708        0.5662953        1.1857018     2230.7345139        0.0000000        0.0000000        0.0000000        8.0000000
        0.0159405      578.8749998    15771.7940033     3615.3897509     3708.7518676     4272.0750663      687.9327845        0.5801825        1.1884514     2167.0929206        0.0000000        0.0000000        0.0000000        8.0000000
        0.0158261      557.7764976    15620.3522791     3624.2502037     3668.3784036     4191.1560924      689.9123368        0.5951946        1.1913436     2102.3761832        0.0000000        0.0000000        0.0000000        8.0000000
        0.0157035      535.9679307    15463.0050483     3632.3925338     3625.1002501     4106.1259731      692.0158280        0.6114607        1.1944032     2036.2891289        0.0000000        0.0000000        0.0000000        8.0000000
        0.0155454      511.1622748    15274.3788074     3640.6079038     3574.4494861     4006.9394012      694.4541132        0.6317948        1.1981469     1958.6018932        0.0000000        0.0000000        0.0000000        8.0000000
        0.0161203      675.8940058    16433.3749552     3508.9981443     3868.3841643     4627.0514270      678.6486412        0.5204290        1.1763892     2462.6099941        0.0000000        0.0000000        0.0000000        8.0000000
        0.0160658      661.8415609    16341.1460991     3516.8709891     3844.5976577     4577.2508589      679.7970454        0.5280887        1.1780172     2420.1469774        0.0000000        0.0000000        0.0000000        8.0000000
        0.0159996      646.5133337    16239.1592852     3524.3744274     3818.5855302     4522.3409541      681.1007598        0.5367831        1.1798371     2373.6695109        0.0000000        0.0000000        0.0000000        8.0000000
        0.0159243      630.2091962    16129.2792571     3531.6728952     3790.5951490     4463.2378179      682.5263451        0.5464098        1.1818214     2324.1547937        0.0000000        0.0000000        0.0000000        8.0000000
        0.0158398      613.1205528    16012.5724160     3538.5368461     3759.3179759     4400.4897035      683.9601030        0.5568643        1.1839561     2272.1931516        0.0000000        0.0000000        0.0000000        8.0000000
        0.0160481      741.2040216    16849.4433074     3408.0052441     3963.5732330     4852.5387755      672.8987521        0.4875066        1.1692473     2659.2455640        0.0000000        0.0000000        0.0000000        8.0000000
        0.0160240      730.1983366    16781.9666944     3414.4562107     3948.4243888     4814.7067103      673.7976306        0.4926084        1.1703836     2626.7847081        0.0000000        0.0000000        0.0000000        8.0000000
        0.0159907      720.5381844    16720.5294888     3421.0039843     3934.1739429     4782.0820748      674.6538679        0.4973486        1.1714254     2597.4234217        0.0000000        0.0000000        0.0000000        8.0000000
        0.0159524      709.6656074    16651.6591599     3426.9209210     3916.9224061     4744.7807517      675.5080988        0.5026730        1.1726017     2564.7211268        0.0000000        0.0000000        0.0000000        8.0000000
        0.0159057      697.4537964    16573.6674705     3432.9619909     3897.2898700     4702.5526158      676.4783453        0.5088092        1.1739445     2527.9649893        0.0000000        0.0000000        0.0000000        8.0000000
        0.0158726      797.9477705    17196.7283454     3301.6941562     4029.9215672     5040.1995955      667.5954177        0.4620364        1.1635282     2829.7729404        0.0000000        0.0000000        0.0000000        8.0000000
        0.0158595      790.9046942    17154.3289752     3307.1266202     4023.1267164     5017.2380951      668.3038251        0.4650778        1.1642151     2808.6427414        0.0000000        0.0000000        0.0000000        8.0000000
        0.0158497      784.3725479    17115.0932193     3312.6710782     4013.7514187     4995.8537009      668.7856520        0.4678085        1.1648535     2789.1563334        0.0000000        0.0000000        0.0000000        8.0000000
        0.0158249      775.7433681    17062.8907713     3317.6020416     4002.7607976     4967.4713616      669.5163558        0.4715364        1.1657071     2763.3520474        0.0000000        0.0000000        0.0000000        8.0000000
        0.0158131      769.7888282    17026.6460461     3322.1924926     3996.0352630     4947.7980087      670.0795164        0.4741864        1.1663025     2745.5173677        0.0000000        0.0000000        0.0000000        8.0000000
        0.0155695      843.4560263    17465.7984131     3188.7586138     4069.9158383     5186.3201682      663.0330061        0.4433521        1.1592401     2965.9079022        0.0000000        0.0000000        0.0000000        8.0000000
        0.0155706      839.3874155    17442.4814616     3193.2447887     4060.2924069     5173.4205288      663.0797233        0.4447156        1.1596069     2953.9472096        0.0000000        0.0000000        0.0000000        8.0000000
        0.0155698      835.3954172    17419.3207609     3197.3242400     4054.8004038     5160.7348057      663.3515885        0.4462143        1.1599722     2942.1083797        0.0000000        0.0000000        0.0000000        8.0000000
        0.0155692      831.6502936    17397.2730112     3201.2514738     4052.8672013     5148.8072535      663.7945968        0.4477605        1.1603207     2930.8752174        0.0000000        0.0000000        0.0000000        8.0000000
        0.0155687      828.1403521    17376.6392782     3204.9494474     4050.8949407     5137.6054401      664.2015942        0.4492098        1.1606476     2920.3834711        0.0000000        0.0000000        0.0000000        8.0000000
        0.0151495      879.8723543    17674.6907177     3066.0719710     4109.5755454     5300.5323366      660.0838700        0.4299419        1.1559934     3074.0815464        0.0000000        0.0000000        0.0000000        8.0000000
        0.0151573      878.2894225    17665.9599272     3069.1741009     4104.5210100     5295.6195002      660.0220438        0.4303809        1.1561276     3069.5042977        0.0000000        0.0000000        0.0000000        8.0000000
        0.0151650      876.8182706    17657.8215140     3072.1328169     4099.4190508     5291.0499827      659.9431343        0.4307781        1.1562529     3065.2395191        0.0000000        0.0000000        0.0000000        8.0000000
        0.0151714      875.3866211    17649.9460835     3074.8049569     4094.5194920     5286.5999115      659.8685941        0.4311643        1.1563743     3061.1158183        0.0000000        0.0000000        0.0000000        8.0000000
        0.0151788      874.1686108    17643.3475569     3077.4636700     4089.3475960     5282.8114084      659.7482656        0.4314540        1.1564760     3057.6590106        0.0000000        0.0000000        0.0000000        8.0000000
        0.0163380      543.1728921    15512.8585875     3767.4024925     3647.3726401     4134.2028561      691.8796527        0.6066504        1.1934277     2057.1240543        0.0000000        0.0000000        0.0000000        8.0000000
        0.0161534      513.9086198    15294.5228340     3778.0128624     3586.8360095     4017.9410407      694.6865939        0.6299733        1.1977431     1966.8385292        0.0000000        0.0000000        0.0000000        8.0000000
        0.0159348      481.6437748    15045.8781958     3788.4762537     3516.7546008     3885.9730875      697.8880246        0.6582369        1.2027966     1866.7514179        0.0000000        0.0000000        0.0000000        8.0000000
        0.0156678      445.3319124    14754.8591103     3798.4798638     3435.9996574     3732.2158997      701.8557750        0.6940328        1.2089085     1753.2881476        0.0000000        0.0000000        0.0000000        8.0000000
        0.0153107      401.0531636    14382.2932241     3808.0364347     3330.8291990     3536.2474648      707.0039016        0.7444043        1.2170620     1613.7714600        0.0000000        0.0000000        0.0000000        8.0000000
        0.0166058      637.8052635    16178.8066251     3671.5373532     3824.7847314     4490.7878755      683.2764608        0.5430326        1.1809239     2346.4714706        0.0000000        0.0000000        0.0000000        8.0000000
        0.0165059      617.5388248    16041.1518927     3680.7777596     3786.8818302     4416.7161557      684.9170888        0.5552276        1.1834307     2284.9211714        0.0000000        0.0000000        0.0000000        8.0000000
        0.0163843      594.8822648    15884.1443179     3689.7818306     3745.2566040     4332.4993095      686.9278740        0.5697570        1.1863384     2215.8305931        0.0000000        0.0000000        0.0000000        8.0000000
        0.0162431      570.4162786    15710.9488111     3698.2939282     3698.4026785     4239.7910501      689.1270245        0.5864481        1.1896073     2140.9786034        0.0000000        0.0000000        0.0000000        8.0000000
        0.0160745      543.1538246    15513.2188453     3706.5655735     3643.2467492     4134.1847839      691.5771080        0.6063797        1.1934207     2057.2620907        0.0000000        0.0000000        0.0000000        8.0000000
        0.0166882      719.2999751    16710.4055909     3572.3771552     3959.0611812     4777.7683083      676.4388537        0.4992297        1.1715978     2592.6959992        0.0000000        0.0000000        0.0000000        8.0000000
        0.0166304      704.2666304    16614.9301211     3580.4650425     3935.1227564     4726.0744783      677.6446501        0.5066799        1.1732326     2547.4680609        0.0000000        0.0000000        0.0000000        8.0000000
        0.0165600      687.8538166    16509.4620595     3588.0782129     3908.5761453     4669.0226968      678.9870454        0.5151137        1.1750586     2498.0195370        0.0000000        0.0000000        0.0000000        8.0000000
        0.0164817      670.4807683    16396.4337255     3595.7406119     3877.8526142     4607.9092257      680.3023409        0.5243041        1.1770392     2445.6158572        0.0000000        0.0000000        0.0000000        8.0000000
        0.0164048      654.2175966    16289.0480973     3602.5548367     3849.6215470     4550.0012327      681.6287491        0.5333230        1.1789443     2396.4025742        0.0000000        0.0000000        0.0000000        8.0000000
        0.0166292      789.9692516    17146.5595712     3469.2152288     4048.3186535     5014.1002129      669.9519171        0.4665941        1.1643413     2804.8754877        0.0000000        0.0000000        0.0000000        8.0000000
        0.0166013      779.5911602    17083.9889391     3476.0693508     4034.5874532     4980.0647239      670.8043500        0.4710290        1.1653615     2773.8630718        0.0000000        0.0000000        0.0000000        8.0000000
        0.0165604      767.3504207    17009.7156496     3482.6474107     4016.9625983     4939.6369133      671.7482342        0.4763320        1.1665815     2737.2939699        0.0000000        0.0000000        0.0000000        8.0000000
        0.0165199      755.7177813    16938.5394324     3488.7302765     3999.8077998     4900.9273118      672.6455936        0.4814940        1.1677597     2702.5014543        0.0000000        0.0000000        0.0000000        8.0000000
        0.0164820      744.8355276    16871.3497309     3494.5812289     3983.6203026     4864.4528733      673.5004964        0.4864497        1.1688802     2669.8842511        0.0000000        0.0000000        0.0000000        8.0000000
        0.0164447      850.3284358    17502.3589081     3360.9688028     4118.2223657     5207.9602512      664.7873332        0.4423294        1.1586668     2984.8402218        0.0000000        0.0000000        0.0000000        8.0000000
        0.0164307      842.7929842    17458.7235457     3366.4981315     4109.8662498     5184.1392814      665.4188605        0.4452023        1.1593513     2962.4356965        0.0000000        0.0000000        0.0000000        8.0000000
        0.0164178      835.6714755    17417.2588940     3371.8743562     4102.2034835     5161.5321523      666.0380465        0.4479696        1.1600047     2941.2335016        0.0000000        0.0000000        0.0000000        8.0000000
        0.0164054      828.9283836    17377.9013839     3376.9633818     4094.5710447     5140.0405079      666.6091532        0.4506096        1.1606276     2921.1855768        0.0000000        0.0000000        0.0000000        8.0000000
        0.0163809      820.1949182    17326.8034232     3381.8458579     4081.7874828     5112.0782649      667.1938308        0.4539751        1.1614401     2895.2602551        0.0000000        0.0000000        0.0000000        8.0000000
        0.0161341      899.0910081    17781.1659708     3245.7827762     4151.8284346     5359.7644711      659.7876933        0.4240404        1.1543652     3130.1323186        0.0000000        0.0000000        0.0000000        8.0000000
        0.0161471      897.2645543    17770.7965451     3250.2946619     4152.2790273     5354.1549781      660.0604348        0.4247517        1.1545230     3124.6665123        0.0000000        0.0000000        0.0000000        8.0000000
        0.0161461      891.9310834    17744.2391012     3253.9449989     4145.0940163     5338.2922103      660.4929657        0.4264250        1.1549279     3110.6727957        0.0000000        0.0000000        0.0000000        8.0000000
        0.0161323      886.4699399    17709.9171579     3258.4902462     4142.6315076     5320.8839270      661.0115604        0.4285779        1.1554527     3092.6363194        0.0000000        0.0000000        0.0000000        8.0000000
        0.0161314      882.7218632    17688.6355943     3262.2284155     4140.2308484     5309.2867585      661.3984501        0.4299594        1.1557791     3081.4864144        0.0000000        0.0000000        0.0000000        8.0000000
        0.0157114      940.5334444    18010.3344015     3120.5406151     4196.2279298     5485.6855740      656.7111103        0.4103941        1.1509207     3252.4966993        0.0000000        0.0000000        0.0000000        8.0000000
        0.0157215      938.9950408    18002.3291120     3123.9191810     4188.9414080     5481.0628786      656.5189040        0.4106894        1.1510397     3248.1558134        0.0000000        0.0000000        0.0000000        8.0000000
        0.0157156      934.7163695    17978.3103278     3126.9249811     4193.1262743     5468.1859126      657.2970051        0.4123504        1.1513972     3235.2531727        0.0000000        0.0000000        0.0000000        8.0000000
        0.0157226      933.2279799    17970.2672185     3129.7210934     4189.3628123     5463.7007464      657.2889507        0.4127553        1.1515172     3230.9185994        0.0000000        0.0000000        0.0000000        8.0000000
        0.0157303      931.9455451    17963.5622068     3132.4278265     4183.9420284     5459.8337394      657.1629774        0.4130253        1.1516172     3227.2986558        0.0000000        0.0000000        0.0000000        8.0000000
        0.0173894      608.9646414    15980.8808929     3892.4207376     3783.1442175     4384.9325252      686.4966086        0.5613300        1.1845407     2258.2985983        0.0000000        0.0000000        0.0000000        8.0000000
        0.0171861      575.8536707    15748.8538831     3903.5963940     3717.7258479     4260.4693105      689.2618329        0.5831989        1.1888863     2157.2664756        0.0000000        0.0000000        0.0000000        8.0000000
        0.0169439      539.3524399    15484.3133466     3914.3205866     3644.0728911     4119.1705778      692.5692292        0.6098782        1.1939856     2045.2059909        0.0000000        0.0000000        0.0000000        8.0000000
        0.0166498      498.3622954    15175.3659123     3924.6875353     3557.5196321     3954.8488541      696.5242074        0.6435326        1.2001460     1918.5241733        0.0000000        0.0000000        0.0000000        8.0000000
        0.0162684      449.7687881    14790.8292996     3934.4902573     3448.4996680     3751.3092114      701.5535926        0.6896150        1.2081412     1767.1054320        0.0000000        0.0000000        0.0000000        8.0000000
        0.0176967      716.3879409    16690.3288051     3792.8261461     3972.8161464     4767.6987376      677.8319017        0.5015421        1.1719401     2583.2127388        0.0000000        0.0000000        0.0000000        8.0000000
        0.0175858      693.3791740    16543.6999973     3802.4529962     3932.6396510     4688.2055399      679.5040609        0.5130002        1.1744635     2514.0648485        0.0000000        0.0000000        0.0000000        8.0000000
        0.0174524      667.7291666    16377.1180895     3812.0104533     3886.0195924     4598.0640072      681.3754191        0.5264889        1.1773802     2436.7665885        0.0000000        0.0000000        0.0000000        8.0000000
        0.0172956      639.9710107    16192.7013990     3820.7867844     3836.0558576     4498.6014299      683.5930839        0.5421678        1.1806731     2352.7590203        0.0000000        0.0000000        0.0000000        8.0000000
        0.0171095      609.0791871    15982.2910110     3829.4271029     3777.5853425     4385.4179327      686.0848597        0.5609115        1.1845147     2258.9015718        0.0000000        0.0000000        0.0000000        8.0000000
        0.0178034      809.1985627    17257.8344990     3690.2230217     4117.0338567     5076.4961521      670.9652174        0.4604288        1.1625437     2860.6609881        0.0000000        0.0000000        0.0000000        8.0000000
        0.0177384      792.0817691    17156.0705455     3698.5547981     4090.6794028     5020.9024736      672.1342235        0.4673780        1.1641868     2809.7503453        0.0000000        0.0000000        0.0000000        8.0000000
        0.0176594      773.4000902    17043.5629160     3706.3991105     4061.5615786     4959.5574635      673.4438352        0.4752588        1.1660243     2754.0549440        0.0000000        0.0000000        0.0000000        8.0000000
        0.0175720      753.6399665    16923.1273983     3714.2950488     4027.8813714     4893.8840460      674.7166619        0.4838372        1.1680160     2695.1114434        0.0000000        0.0000000        0.0000000        8.0000000
        0.0174726      732.8605614    16794.5108719     3721.5660413     3993.2861016     4823.9163455      676.1758476        0.4933285        1.1701717     2632.9495838        0.0000000        0.0000000        0.0000000        8.0000000
        0.0177363      886.7187467    17705.1942287     3583.4274102     4222.5779000     5321.4832568      665.4280450        0.4314297        1.1555251     3090.4646455        0.0000000        0.0000000        0.0000000        8.0000000
        0.0177047      874.9533721    17638.8414431     3590.4926399     4206.3357177     5284.9996345      666.1981113        0.4355241        1.1565456     3055.7549878        0.0000000        0.0000000        0.0000000        8.0000000
        0.0176738      863.7916330    17575.3024622     3597.1835935     4191.2439387     5250.1679150      666.9664717        0.4395187        1.1575293     3022.7226807        0.0000000        0.0000000        0.0000000        8.0000000
        0.0176292      850.6042928    17499.7943630     3603.5847121     4172.0077530     5208.7324576      667.8156478        0.4442994        1.1587069     2983.7219574        0.0000000        0.0000000        0.0000000        8.0000000
        0.0175738      835.7247961    17413.8587619     3609.9909662     4149.4239803     5161.6041369      668.7526000        0.4498192        1.1600584     2939.6744391        0.0000000        0.0000000        0.0000000        8.0000000
        0.0175488      955.4051674    18085.5356784     3470.9842258     4286.4528711     5530.0161144      659.6203477        0.4082620        1.1498078     3293.5159529        0.0000000        0.0000000        0.0000000        8.0000000
        0.0175489      949.8579198    18055.4129626     3476.7929093     4280.7661552     5513.4566512      660.0362330        0.4100048        1.1502526     3277.1705668        0.0000000        0.0000000        0.0000000        8.0000000
        0.0175346      941.7972223    18011.6901212     3482.3859666     4270.3139846     5489.3097832      660.5286830        0.4124911        1.1509006     3253.5170387        0.0000000        0.0000000        0.0000000        8.0000000
        0.0175050      931.2804784    17954.3092528     3487.6099066     4257.1630975     5457.6541059      661.2084584        0.4158080        1.1517554     3222.6209439        0.0000000        0.0000000        0.0000000        8.0000000
        0.0174915      924.1223884    17914.9492156     3492.5852377     4249.7897026     5436.0100397      661.7641104        0.4181577        1.1523446     3201.5287798        0.0000000        0.0000000        0.0000000        8.0000000
        0.0172392     1013.8674646    18398.0708485     3351.8187972     4327.0374448     5701.8605761      654.4875637        0.3903646        1.1452715     3465.6964776        0.0000000        0.0000000        0.0000000        8.0000000
        0.0172375     1008.8009575    18371.4123110     3356.3520524     4324.0628584     5687.1681859      654.9403147        0.3918547        1.1456530     3450.8220493        0.0000000        0.0000000        0.0000000        8.0000000
        0.0172357     1003.9829266    18345.9628530     3360.6502395     4320.9626210     5673.1635131      655.3612206        0.3932787        1.1460181     3436.6542516        0.0000000        0.0000000        0.0000000        8.0000000
        0.0172346      999.4744849    18322.1262643     3364.8073869     4318.1332064     5660.0295319      655.7606666        0.3946220        1.1463608     3423.4139231        0.0000000        0.0000000        0.0000000        8.0000000
        0.0172346      995.3510686    18300.3296599     3368.8250440     4314.1363836     5647.9924469      656.0562643        0.3958180        1.1466750     3411.3258666        0.0000000        0.0000000        0.0000000        8.0000000
        0.0167782     1057.8534328    18626.1231240     3222.2385263     4364.6570687     5828.0299650      651.2799684        0.3782949        1.1420493     3594.4414288        0.0000000        0.0000000        0.0000000        8.0000000
        0.0167873     1056.0134235    18616.9567091     3225.5862231     4359.9799514     5822.8072796      651.2531251        0.3786869        1.1421775     3589.2033173        0.0000000        0.0000000        0.0000000        8.0000000
        0.0167966     1054.3525485    18608.8127392     3228.7830980     4352.0409150     5818.0895133      651.0451417        0.3789382        1.1422914     3584.5373699        0.0000000        0.0000000        0.0000000        8.0000000
        0.0168054     1052.7925810    18601.0427671     3231.8164936     4347.3200996     5813.6553957      650.9852190        0.3792517        1.1424002     3580.1006161        0.0000000        0.0000000        0.0000000        8.0000000
        0.0167994     1048.4383844    18579.1538922     3234.4715014     4337.4023393     5801.2600930      650.9805153        0.3802248        1.1427071     3567.6320950        0.0000000        0.0000000        0.0000000        8.0000000
        0.0183992      675.1930810    16425.0930415     4007.0600267     3908.4536786     4624.3720626      681.3982085        0.5229368        1.1765347     2458.9205947        0.0000000        0.0000000        0.0000000        8.0000000
        0.0181758      638.1274880    16179.5293029     4018.4913100     3839.8412043     4491.8313032      684.2291082        0.5436554        1.1809109     2346.8451188        0.0000000        0.0000000        0.0000000        8.0000000
        0.0179129      597.3966575    15900.6318098     4029.8307897     3759.8849740     4341.8034630      687.4025038        0.5687127        1.1860306     2223.0627885        0.0000000        0.0000000        0.0000000        8.0000000
        0.0175911      551.6403191    15574.3798961     4040.3361082     3668.9201678     4167.2208778      691.4157679        0.6005690        1.1922317     2082.9850167        0.0000000        0.0000000        0.0000000        8.0000000
        0.0171776      497.5537917    15169.2413928     4050.7294968     3554.3364780     3951.5334858      696.4956903        0.6441400        1.2002704     1916.0540217        0.0000000        0.0000000        0.0000000        8.0000000
        0.0187469      795.7141064    17176.5523390     3904.1720036     4109.5175505     5032.6490064      672.6731170        0.4664515        1.1638547     2820.0044592        0.0000000        0.0000000        0.0000000        8.0000000
        0.0186244      769.8880477    17021.2160315     3914.0580709     4067.1062475     4947.8464875      674.3669903        0.4772716        1.1663919     2743.1058530        0.0000000        0.0000000        0.0000000        8.0000000
        0.0184751      741.0052588    16843.8995394     3923.5618232     4020.1465953     4851.3561958      676.4222093        0.4901776        1.1693404     2656.7713364        0.0000000        0.0000000        0.0000000        8.0000000
        0.0183065      710.0294613    16649.8736281     3933.0519415     3963.9040842     4745.8244354      678.4231526        0.5047512        1.1726323     2564.0379485        0.0000000        0.0000000        0.0000000        8.0000000
        0.0181174      677.6165419    16441.4655132     3941.7750100     3906.5802648     4632.9784790      680.8083860        0.5213223        1.1762471     2466.4749904        0.0000000        0.0000000        0.0000000        8.0000000
        0.0188586      896.9835709    17760.9156800     3798.2165444     4259.0450158     5353.0203468      666.0079014        0.4287517        1.1546735     3119.8670160        0.0000000        0.0000000        0.0000000        8.0000000
        0.0187898      877.9607596    17654.1798228     3806.6766103     4232.3393091     5294.1784460      667.2558880        0.4353026        1.1563090     3063.8443706        0.0000000        0.0000000        0.0000000        8.0000000
        0.0187167      859.7662632    17550.7348695     3814.7816230     4205.0360887     5237.4511639      668.3413943        0.4417228        1.1579115     3010.0764786        0.0000000        0.0000000        0.0000000        8.0000000
        0.0186202      837.5679503    17423.1624488     3822.8912283     4168.5233893     5167.3623891      669.5774593        0.4497794        1.1599115     2944.4864511        0.0000000        0.0000000        0.0000000        8.0000000
        0.0185107      814.2348319    17287.0014745     3830.3574620     4131.1643662     5092.7130724      671.0045354        0.4586973        1.1620760     2875.3699992        0.0000000        0.0000000        0.0000000        8.0000000
        0.0188166      987.1928305    18251.6980486     3687.8599294     4378.1109887     5623.9226550      660.4099218        0.4005420        1.1473784     3384.7293625        0.0000000        0.0000000        0.0000000        8.0000000
        0.0187806      973.9360210    18181.1718200     3695.0771517     4361.2208371     5584.8980917      661.2059443        0.4044154        1.1484046     3345.9322838        0.0000000        0.0000000        0.0000000        8.0000000
        0.0187461      961.3926872    18114.1104134     3701.9415975     4343.4577990     5547.7365635      661.8813999        0.4081057        1.1493871     3309.2644195        0.0000000        0.0000000        0.0000000        8.0000000
        0.0186965      946.5598172    18033.9720444     3708.5574842     4324.8619844     5503.4871358      662.8313864        0.4126643        1.1505700     3265.7500191        0.0000000        0.0000000        0.0000000        8.0000000
        0.0186346      929.8065576    17942.9277580     3715.0327480     4298.6290145     5453.1023623      663.6541957        0.4177905        1.1519255     3216.6814372        0.0000000        0.0000000        0.0000000        8.0000000
        0.0186251     1064.2887320    18652.3752871     3571.9155428     4462.6209270     5846.0808478      655.4539493        0.3793356        1.1416830     3609.8142033        0.0000000        0.0000000        0.0000000        8.0000000
        0.0186097     1054.9009765    18604.6857815     3578.0927661     4450.6377900     5819.4652695      655.9369221        0.3817139        1.1423492     3582.5950783        0.0000000        0.0000000        0.0000000        8.0000000
        0.0185929     1045.8477999    18558.1941178     3583.8277970     4441.0706523     5793.6898666      656.5137712        0.3841108        1.1430016     3556.1779852        0.0000000        0.0000000        0.0000000        8.0000000
        0.0185748     1037.1545553    18513.4651748     3588.9854726     4431.4544464     5768.8379198      657.0517269        0.3864290        1.1436321     3530.8630033        0.0000000        0.0000000        0.0000000        8.0000000
        0.0185445     1026.0740111    18456.3428842     3594.2241652     4416.1731330     5737.0136827      657.5944786        0.3893425        1.1444413     3498.6673950        0.0000000        0.0000000        0.0000000        8.0000000
        0.0183023     1129.9929352    18983.8650906     3448.7031805     4493.7196840     6029.3399499      649.7218286        0.3622043        1.1371373     3801.9530201        0.0000000        0.0000000        0.0000000        8.0000000
        0.0182996     1124.2986918    18955.6504974     3453.3297704     4489.9201550     6013.6730114      650.1444196        0.3635858        1.1375186     3785.3794933        0.0000000        0.0000000        0.0000000        8.0000000
        0.0182995     1119.0957425    18929.8406066     3458.0310998     4485.5203678     5999.3243348      650.4890241        0.3648348        1.1378682     3770.2497076        0.0000000        0.0000000        0.0000000        8.0000000
        0.0182968     1113.9831328    18904.4732502     3462.1587752     4481.4881064     5985.1938806      650.8426714        0.3660762        1.1382128     3755.4132365        0.0000000        0.0000000        0.0000000        8.0000000
        0.0182788     1105.9641913    18864.5494179     3466.0658717     4474.7227670     5962.9663774      651.3819114        0.3680336        1.1387567     3732.1270051        0.0000000        0.0000000        0.0000000        8.0000000
        0.0178197     1179.5364448    19226.6393462     3315.3829001     4515.3437861     6164.1550506      645.6506949        0.3504104        1.1338990     3946.1707728        0.0000000        0.0000000        0.0000000        8.0000000
        0.0178289     1177.4684449    19217.0206506     3318.7481963     4508.2982264     6158.5871055      645.5268920        0.3507258        1.1340259     3940.3734653        0.0000000        0.0000000        0.0000000        8.0000000
        0.0178384     1175.5854299    19208.2036760     3322.0346442     4502.9015480     6153.5133420      645.4615908        0.3510393        1.1341423     3935.0681034        0.0000000        0.0000000        0.0000000        8.0000000
        0.0178461     1172.3930861    19197.1344984     3324.5613698     4487.4383301     6145.7448086      645.2305963        0.3513595        1.1342886     3928.3989895        0.0000000        0.0000000        0.0000000        8.0000000
        0.0178422     1169.1034336    19177.5173813     3328.0578831     4488.2416348     6136.0167313      645.4216006        0.3522276        1.1345482     3916.6521527        0.0000000        0.0000000        0.0000000        8.0000000
